# SAXS profile: number of points = 501, q_min = 0, q_max = 0.5, delta_q = 0.001
#    q    intensity    error
0.00000000 1628779.37420968 268.74859674
0.00100000 1628694.49207627 488.60835923
0.00200000 1628439.80642550 1099.19690414
0.00300000 1628015.54699356 1172.17123559
0.00400000 1627421.55315331 2197.01918024
0.00500000 1626658.51246436 2049.58980683
0.00600000 1625726.23541500 2048.41514002
0.00700000 1624625.48130375 2339.46079031
0.00800000 1623356.03205486 3068.14303012
0.00900000 1621919.25427662 3649.31847812
0.01000000 1620314.59433526 3742.92687453
0.01100000 1618543.53454933 3787.39203575
0.01200000 1616605.99285832 3467.62000671
0.01300000 1614503.31380416 5424.73137364
0.01400000 1612235.71254265 3627.53051403
0.01500000 1609804.63139392 4249.88441612
0.01600000 1607209.73756943 4508.22351542
0.01700000 1604453.25857437 9097.25038421
0.01800000 1601535.62970201 5020.81442504
0.01900000 1598457.89274962 5754.44867355
0.02000000 1595220.67828188 6029.93443667
0.02100000 1591826.74782266 7354.23990837
0.02200000 1588274.74027656 7671.36734406
0.02300000 1584567.80645803 5704.44436291
0.02400000 1580706.37753924 11262.53345351
0.02500000 1576692.79247936 7378.92260580
0.02600000 1572527.74070004 7005.61140524
0.02700000 1568212.74787533 7245.14322702
0.02800000 1563748.42513660 7482.53655742
0.02900000 1559138.14842090 10524.18298505
0.03000000 1554382.30975612 9396.24149438
0.03100000 1549482.81521811 8925.02142632
0.03200000 1544440.69146725 10702.97448483
0.03300000 1539259.87622936 7850.22573067
0.03400000 1533939.10977410 13690.40718641
0.03500000 1528482.39465971 11555.32743723
0.03600000 1522890.09958081 10987.65257626
0.03700000 1517165.54905524 9512.62843251
0.03800000 1511310.13679246 15029.98000598
0.03900000 1505326.09212246 12644.73975941
0.04000000 1499213.88387035 12908.23213828
0.04100000 1492977.35829151 17870.93980736
0.04200000 1486617.94085526 10547.55477970
0.04300000 1480137.39495404 13676.47016421
0.04400000 1473538.62206259 12930.30200911
0.04500000 1466824.10749714 12145.30417441
0.04600000 1459993.97055415 15439.43695634
0.04700000 1453052.72766309 12554.37615089
0.04800000 1446001.34318655 11690.92140362
0.04900000 1438842.84874460 10791.32186789
0.05000000 1431579.08007633 17522.52875609
0.05100000 1424213.74588611 14441.52805603
0.05200000 1416745.59157154 14642.06637123
0.05300000 1409180.81668634 11414.36514727
0.05400000 1401519.61428094 19656.31350694
0.05500000 1393766.05947191 12878.39899029
0.05600000 1385920.73295261 14219.54738364
0.05700000 1377988.63787423 14386.20205093
0.05800000 1369969.08138965 15761.49501733
0.05900000 1361865.88648282 18385.19032621
0.06000000 1353682.75071819 13624.81752251
0.06100000 1345420.98987165 15014.89894863
0.06200000 1337083.25700312 16426.06858010
0.06300000 1328673.12932828 15306.31516551
0.06400000 1320189.33533538 12871.84662149
0.06500000 1311639.52894601 19477.84791598
0.06600000 1303023.39871918 13095.38576984
0.06700000 1294343.03931315 18483.21946639
0.06800000 1285602.01122108 15967.17772677
0.06900000 1276804.42544953 16087.73651387
0.07000000 1267949.50083025 18905.12794268
0.07100000 1259042.02190071 19036.71626278
0.07200000 1250083.08977794 21901.45675892
0.07300000 1241076.48134625 13775.94958842
0.07400000 1232025.24226452 16632.34155003
0.07500000 1222929.71403032 20912.09909012
0.07600000 1213793.16716102 15421.24291174
0.07700000 1204619.49961379 21141.07320950
0.07800000 1195409.76199703 14165.60634398
0.07900000 1186165.55329836 15657.38603793
0.08000000 1176892.79825362 17159.09780349
0.08100000 1167591.35697648 20105.92411047
0.08200000 1158263.32527424 15862.41698398
0.08300000 1148911.21480099 24609.67937602
0.08400000 1139539.11401330 15982.03682421
0.08500000 1130148.06912978 17494.69293142
0.08600000 1120740.67229176 20475.93304415
0.08700000 1111319.05952211 17603.29472944
0.08800000 1101885.17999363 16181.18462814
0.08900000 1092442.41784576 16222.77066699
0.09000000 1082992.71498156 14782.85125393
0.09100000 1073537.61869841 25185.19371789
0.09200000 1064079.41870996 20781.47202386
0.09300000 1054622.23761796 19331.22652395
0.09400000 1045164.70553181 19361.67707993
0.09500000 1035710.86342945 19388.50827471
0.09600000 1026262.72815557 17918.54807591
0.09700000 1016824.39567209 16442.05125100
0.09800000 1007395.49414986 16455.80617065
0.09900000 997978.85139259 23951.49355968
0.10000000 988575.34480364 20967.68404934
0.10100000 979187.62604311 16479.72852138
0.10200000 969817.63282186 17980.41975825
0.10300000 960467.59677999 14983.29521459
0.10400000 951139.32656169 14980.44509810
0.10500000 941836.17223197 17970.23501167
0.10600001 932554.56177424 17961.00170490
0.10700001 923302.72485946 14957.50484659
0.10800001 914077.44296267 17934.20027494
0.10900001 904884.09468742 16423.64709157
0.11000001 895722.51394025 14913.78055909
0.11100001 886593.56299577 17873.72707137
0.11200001 877500.88193378 16361.00471388
0.11300001 868443.91052311 17820.46988294
0.11400001 859425.32957140 20755.12268639
0.11500001 850446.78311078 16277.55219522
0.11600001 841509.55870183 16245.34279576
0.11700001 832614.72598492 16211.00947838
0.11800001 823762.92653390 14704.16893117
0.11900001 814955.62325720 16136.12210053
0.12000001 806194.38159153 24875.12881575
0.12100001 797482.18027202 14593.92458647
0.12200001 788818.05390923 16009.06315830
0.12300001 780204.23884853 15962.97947893
0.12400001 771640.86932323 20255.57377413
0.12500001 763128.94938731 18750.07916996
0.12600001 754671.67337016 14376.49605517
0.12700001 746267.72172229 17194.00911877
0.12800001 737918.75904810 18562.34725868
0.12900001 729625.69923956 18496.01234748
0.13000001 721389.56506421 14175.30562166
0.13100001 713210.50049219 18358.03914802
0.13200001 705089.94836310 25319.78123930
0.13300001 697029.58132973 16812.35429426
0.13400001 689028.09368015 16743.38346580
0.13500001 681088.03522532 15283.61623105
0.13600001 673208.57088038 16601.32414068
0.13700001 665391.78753544 19283.05491204
0.13800001 657636.39364060 15082.89139939
0.13900001 649944.73115339 17743.49199724
0.14000001 642316.43913973 17660.49132703
0.14100001 634752.24145797 13520.22338071
0.14200001 627251.92420413 17490.92073140
0.14300001 619817.94700448 18743.29560149
0.14400001 612446.35298908 21313.13408936
0.14500001 605142.44781511 18553.66832523
0.14600001 597903.79113906 14502.15713821
0.14700001 590733.02002561 14425.70102958
0.14800001 583625.52146456 15652.83722416
0.14900001 576585.80932938 12973.18132200
0.15000001 569612.76811152 15482.07576776
0.15100001 562706.74776913 17961.60023631
0.15200001 555868.03901694 14032.88930715
0.15300001 549097.24045589 16489.39090901
0.15400001 542391.36086987 16393.77965593
0.15500001 535754.23435103 20058.63948073
0.15600001 529181.76515432 14954.67738905
0.15700001 522679.95651376 17342.52177564
0.15800001 516241.47333954 17237.30360839
0.15900001 509872.47830147 13460.63406251
0.16000001 503568.04712967 14593.40269466
0.16100001 497333.45520958 14502.24423848
0.16200001 491163.74168259 14410.74486124
0.16300001 485060.42507530 13125.73572218
0.16400001 479023.31537836 14226.99313839
0.16500001 473052.13772496 21202.19781382
0.16600001 467147.44995604 14042.45300867
0.16700001 461306.41783371 12787.41450610
0.16800001 455530.38807826 13857.23505963
0.16900001 449821.33798646 12617.48912629
0.17000001 444175.13552660 15950.32986993
0.17100001 438593.39809883 13578.85224635
0.17200001 433075.81835700 13485.98162048
0.17300001 427621.71518559 14509.20548144
0.17400001 422230.55581514 15516.97365901
0.17500001 416901.92609488 13207.45364244
0.17600001 411634.37443449 12021.78247314
0.17700001 406430.37320447 13022.02977251
0.17800001 401285.64629692 11851.97212317
0.17900001 396202.90391550 10697.47891100
0.18000001 391180.52767480 10620.55182803
0.18100001 386219.37148190 11598.16827346
0.18200001 381314.87085577 12560.51243932
0.18300001 376470.30166830 10390.58081689
0.18400001 371683.79751117 15471.33880228
0.18500001 366956.52122226 11261.89616835
0.18600001 362284.77008998 11178.29710923
0.18700001 357669.66886371 13112.17068003
0.18800001 353110.67213294 12012.82563352
0.18900001 348608.88905401 12915.95994970
0.19000001 344158.71657387 10846.16246529
0.19100001 339766.84779179 10763.81424663
0.19200001 335425.59124051 15536.91412040
0.19300001 331140.39973895 9636.18608774
0.19400001 326905.30619286 11474.37678958
0.19500001 322723.87727276 10436.89068420
0.19600001 318593.07841753 14121.63886819
0.19700001 314512.94259705 14011.55225485
0.19800001 310483.54380914 11121.52106483
0.19900001 306503.98539964 12873.16799517
0.20000001 302572.35877003 15508.34698170
0.20100001 298690.32519998 12670.44419382
0.20200001 294854.78569785 10773.99437862
0.20300001 291067.97206009 15141.35662222
0.20400001 287327.00406939 9718.83637202
0.20500001 283631.93751878 8764.22728359
0.20600001 279982.22122580 14778.86224597
0.20700001 276377.71857572 10347.58227260
0.20800001 272816.53135641 11118.63826101
0.20900001 269300.86069418 11027.87076673
0.21000001 265826.32101408 10096.08414938
0.21100001 262394.99311844 14185.07399856
0.21200001 259005.13193373 8275.21435649
0.21300001 255655.65155730 9847.85616355
0.21400001 252347.91146638 10579.68668840
0.21500001 249081.03107313 8070.22578831
0.21600001 245852.76753010 8802.75875760
0.21700001 242663.62647396 11902.65144130
0.21800001 239512.91272669 10228.39942160
0.21900001 236399.09825488 10921.63885577
0.22000001 233322.72925172 10828.50837657
0.22100001 230284.43432647 10735.86083593
0.22200001 227282.47804433 8362.85917507
0.22300001 224314.46739846 9044.35975317
0.22400001 221382.04567825 8965.97327394
0.22500001 218485.95865278 8147.34178343
0.22600001 215622.00168648 8076.12245507
0.22700001 212793.71702261 8005.30001295
0.22800001 209997.73171597 7213.42242557
0.22900001 207233.29407765 7864.50388217
0.23000001 204502.44153145 7794.61092759
0.23100001 201803.78338509 9831.88079150
0.23200001 199134.83150700 6959.76269032
0.23300001 196497.43928707 8966.17857872
0.23400001 193891.18185282 8885.06382863
0.23500001 191312.99443250 8804.22442019
0.23600001 188765.65349848 10065.92894889
0.23700001 186247.29934619 9308.64046160
0.23800001 183757.50400092 7905.24819603
0.23900001 181295.63195580 9789.96458867
0.24000001 178861.67786837 7112.43495686
0.24100001 176456.10321303 7045.89253458
0.24200001 174077.12486791 7614.13380189
0.24300001 171725.29596743 7542.17535566
0.24400001 169399.05510150 9338.12335420
0.24500001 167099.03057132 7399.14542371
0.24600001 164825.09616060 8549.47814228
0.24700001 162576.47735168 7862.19881666
0.24800001 160352.70145899 7187.00841939
0.24900001 158152.67106499 5930.72544550
0.25000001 155978.25955314 9396.13080000
0.25100001 153826.39498279 7559.02940706
0.25200001 151700.46010040 6908.43927981
0.25300001 149597.33821756 7409.55651246
0.25400001 147516.97270721 6206.77692031
0.25500001 145459.27851047 7819.89118270
0.25600001 143424.72868967 6634.82826310
0.25700001 141411.64661060 8208.94647414
0.25800001 139421.71593132 5958.18731223
0.25900001 137453.38498734 6968.88694859
0.26000001 135506.56491272 5835.59049408
0.26100001 133580.45234276 7349.59683565
0.26200001 131676.71784803 6233.57611788
0.26300001 129792.92658613 6167.76016322
0.26400001 127930.06167215 8644.87432656
0.26500001 126088.02956249 5030.91261760
0.26600001 124265.34496160 4976.82730121
0.26700001 122464.00913189 4923.05340006
0.26800001 120682.62996404 6330.40765432
0.26900001 118919.77739555 5297.87633368
0.27000001 117177.40814047 6668.56661285
0.27100001 115453.77415561 8949.97699608
0.27200001 113750.74609921 5589.71192784
0.27300001 112065.57871391 6908.84325467
0.27400001 110397.73957629 5009.29767034
0.27500001 108751.39465379 5853.00033726
0.27600001 107121.03406670 6231.23084656
0.27700001 105510.92580522 4839.78639574
0.27800001 103918.02069491 4348.96937191
0.27900001 102344.45151040 4298.46716687
0.28000001 100787.22655906 5097.81816063
0.28100001 99248.61748563  5877.50340568
0.28200001 97728.35807355  5393.13969554
0.28300001 96225.06370451  4509.10669861
0.28400001 94739.02948708  5265.12181295
0.28500001 93270.68657211  4801.57517200
0.28600001 91819.54385227  5138.68101492
0.28700001 90385.32388777  4685.57541212
0.28800001 88967.61607556  4628.09560731
0.28900001 87568.22017918  6475.67018877
0.29000001 86184.34287955  4138.14141924
0.29100001 84817.84026780  4086.52373754
0.29200001 83467.92160614  7336.83065647
0.29300001 82134.40540845  7244.25489994
0.29400001 80816.57137381  4291.36014309
0.29500001 79516.14769711  4589.67226234
0.29600001 78231.26623197  4879.28430586
0.29700001 76962.57266871  4816.31802560
0.29800001 75709.82013991  3395.58559402
0.29900001 74473.43818712  3351.30487707
0.30000001 73252.35659051  4630.28167928
0.30100001 72047.91766827  4242.90207234
0.30200001 70857.31688803  4508.65128703
0.30300001 69683.84580406  3813.10022292
0.30400001 68525.92947000  4389.08599034
0.30500001 67383.04241207  3402.16997245
0.30600001 66254.39980257  3356.11678089
0.30700001 65142.37906940  4815.32488878
0.30800001 64044.88979695  3265.32886089
0.30900001 62962.60744129  3806.08980002
0.31000001 61895.50775114  4042.39580261
0.31100001 60842.40785294  3416.90978680
0.31200001 59805.02467216  3369.41524956
0.31300001 58781.55060619  2768.61116463
0.31400001 57774.05816867  3002.80681549
0.31500001 56779.92009677  4037.05251002
0.31600002 55800.78754848  2653.32757356
0.31700002 54835.83589057  3661.93729416
0.31800002 53885.31255991  3351.93602650
0.31900002 52948.92719431  3049.85835080
0.32000002 52027.04525924  2755.61258263
0.32100002 51118.44079061  2469.02080709
0.32200002 50225.03447768  2920.08364280
0.32300002 49343.84943301  3597.16679399
0.32400002 48477.23270498  2599.59172690
0.32500002 47624.02882341  2561.69663171
0.32600002 46784.83565838  2753.75555725
0.32700002 45958.62332522  2939.51368707
0.32800002 45146.54694886  2450.78041717
0.32900002 44346.99320976  2414.69389462
0.33000002 43561.77492105  2379.12644997
0.33100002 42786.95941668  2130.79067985
0.33200002 42028.54386567  2729.12362515
0.33300002 41281.40150895  2275.01814489
0.33400002 40547.63170346  2037.51858959
0.33500002 39825.48930496  3010.80713403
0.33600002 39117.11731180  3163.79259800
0.33700002 38420.39929201  2142.70576999
0.33800002 37736.72245450  2110.80367045
0.33900002 37064.70715915  2268.36018556
0.34000002 36405.30715532  2420.77101394
0.34100002 35757.76759447  2201.24827736
0.34200002 35122.85419699  1987.77802742
0.34300002 34498.86470905  1958.15565362
0.34400002 33887.79440812  2630.54016551
0.34500002 33287.56228182  1727.62456425
0.34600002 32700.01842209  1872.23964343
0.34700002 32122.00680914  2012.12260182
0.34800002 31557.19131851  2312.82666127
0.34900002 31002.75292910  1790.40906645
0.35000002 30459.39027342  1764.05567123
0.35100002 29927.89865962  2054.25106129
0.35200002 29405.72439447  2335.54977065
0.35300002 28895.02489687  1841.19107363
0.35400002 28395.39664511  2116.87692016
0.35500002 27906.08162728  2235.27724422
0.35600002 27426.38124790  1468.68278539
0.35700002 26957.62684254  2026.67448201
0.35800002 26499.58102924  1569.70275662
0.35900002 26051.14203001  1547.43790988
0.36000002 25612.92904009  2219.10427714
0.36100002 25183.90206283  1640.98313614
0.36200002 24765.85069393  1348.50063416
0.36300002 24356.20154006  1595.81840049
0.36400002 23956.13499119  1705.07798876
0.36500002 23565.32227588  1811.23075592
0.36600002 23184.13533291  1659.17272369
0.36700002 22811.47857883  1259.19367720
0.36800002 22449.31505533  1366.82661189
0.36900002 22094.87022156  1594.14496200
0.37000002 21748.99802577  2420.66359493
0.37100002 21411.64886779  1792.15509513
0.37200002 21083.66287901  1297.59409336
0.37300002 20763.43968831  1630.76063037
0.37400002 20451.48910998  1610.55484370
0.37500002 20148.20924757  1704.53858309
0.37600002 19852.91174323  1459.48687594
0.37700002 19565.06706646  1109.33935522
0.37800002 19284.98671731  1096.35154682
0.37900002 19013.05436733  1192.11856531
0.38000002 18748.70581146  1071.48858788
0.38100002 18490.80807191  1165.47568798
0.38200002 18241.26702310  1362.34909216
0.38300002 17998.22076019  1658.71610384
0.38400002 17763.04290461  1230.97893161
0.38500002 17533.68532198  1522.80064236
0.38600002 17312.28116536  1507.46695389
0.38700002 17097.11510088  1094.55736061
0.38800002 16888.46018352  1083.98586823
0.38900002 16685.88635496  1464.18659701
0.39000002 16490.80889366  967.18598743
0.39100002 16300.82631008  1150.18635893
0.39200002 16117.71075421  1425.20864096
0.39300002 15940.25788096  1130.48314248
0.39400002 15770.07244881  1027.81452055
0.39500002 15604.28247469  926.89442291
0.39600002 15444.51229635  1471.55320132
0.39700002 15290.21874227  1095.39132259
0.39800002 15141.56245997  996.84481178
0.39900002 14998.27853843  1169.86578142
0.40000002 14859.99970578  1251.36063451
0.40100002 14727.27981363  976.86051632
0.40200002 14599.61678249  1323.82031447
0.40300002 14476.36792018  1403.62870004
0.40400002 14358.56091879  959.51087886
0.40500002 14245.39225210  1041.05331511
0.40600002 14137.07885514  949.37557550
0.40700002 14032.84609045  1116.45328785
0.40800002 13933.52387985  1282.23259580
0.40900002 13838.18590478  1106.36301551
0.41000002 13747.44479725  1017.03601429
0.41100002 13660.78915000  844.23680947
0.41200002 13577.78411523  1261.71564869
0.41300002 13499.47866986  1089.81296466
0.41400002 13424.59200289  919.24898095
0.41500002 13353.68328544  916.59686414
0.41600002 13286.00117073  1246.55911891
0.41700002 13222.18742567  994.83742905
0.41800002 13163.02271304  910.02561839
0.41900002 13105.22963802  1073.31835821
0.42000002 13051.96585212  1071.50118740
0.42100002 13002.21872625  1234.56072656
0.42200002 12955.70789225  822.03970472
0.42300002 12911.75925836  1149.66309884
0.42400002 12870.57773669  984.59924351
0.42500002 12833.05188631  1148.04487615
0.42600002 12797.28037693  1147.53218578
0.42700002 12765.75142012  1475.21030401
0.42800002 12735.62458310  1557.12121344
0.42900002 12709.58112191  901.74482333
0.43000002 12685.42816140  984.13556340
0.43100002 12662.80609602  1066.71483608
0.43200002 12643.77421148  903.33449135
0.43300002 12626.72860863  1233.00010706
0.43400002 12611.96366193  987.51680153
0.43500002 12599.27121809  906.39161438
0.43600002 12589.03846435  1402.85956775
0.43700002 12580.28941015  1074.48256944
0.43800002 12573.65652805  1241.96298241
0.43900002 12569.54069751  995.50767042
0.44000002 12566.77044036  914.42109443
0.44100002 12566.20832429  999.76758166
0.44200002 12567.10032599  835.08385624
0.44300002 12569.89101775  920.87025960
0.44400002 12574.60289818  923.29026155
0.44500002 12579.68657652  841.58107185
0.44600002 12586.63317580  928.32717388
0.44700002 12596.13121386  931.10606345
0.44800002 12605.41362982  1018.76957784
0.44900002 12617.62349121  851.68962602
0.45000002 12630.64826061  1110.80241392
0.45100002 12644.54688311  857.30031930
0.45200002 12659.71596814  860.22774080
0.45300002 12675.97925706  949.55765115
0.45400002 12693.58566166  1126.23844121
0.45500002 12712.18761552  1043.41640893
0.45600002 12731.61260461  872.75208541
0.45700002 12752.07077984  1401.70768655
0.45800002 12772.98274192  1055.30388415
0.45900002 12795.17556980  882.86715616
0.46000002 12818.61394022  1506.89223316
0.46100002 12841.75022054  1067.91999895
0.46200002 12866.61268289  893.58629318
0.46300002 12892.01442863  897.28424676
0.46400002 12917.30346767  1711.86572319
0.46500002 12943.82814875  995.25099353
0.46600002 12970.70489221  908.59792076
0.46700002 12997.95404525  1003.70205895
0.46800002 13026.40268925  916.40747262
0.46900002 13054.32012648  1196.42849630
0.47000002 13083.01403790  1016.74648415
0.47100002 13112.33902671  1114.02437651
0.47200002 13141.89676469  1118.90114358
0.47300002 13171.96898571  1030.17974320
0.47400002 13201.64533291  1128.74072946
0.47500002 13231.94666405  1228.18934757
0.47600002 13263.01205037  1233.65912434
0.47700002 13293.30475767  1048.44299593
0.47800002 13324.06452268  1436.00112200
0.47900002 13355.46825090  1153.91251157
0.48000002 13386.40747105  1255.57814826
0.48100002 13418.40943988  970.15104849
0.48200002 13448.68383232  1266.66434679
0.48300002 13479.58577271  1272.20336553
0.48400002 13510.70739504  1474.35601437
0.48500002 13542.17363117  1480.83675676
0.48600002 13573.38922251  1189.84335564
0.48700002 13604.72611733  1294.62579869
0.48800002 13634.93883028  1100.13509167
0.48900002 13665.93048300  1205.33512573
0.49000002 13696.37720177  1210.48587447
0.49100002 13727.45414163  1013.08616367
0.49200002 13757.46999266  1424.31093585
0.49300002 13787.36878453  1225.97289043
0.49400002 13817.28487472  1231.12014069
0.49500002 13846.64259971  1339.24733573
0.49600002 13876.39072084  1448.27896819
0.49700002 13905.24112650  1246.46587366
0.49800002 13934.00161837  1251.55208469
0.49900002 13962.17174647  1675.46068900
0.50000002 13990.39787852  1261.65414049
