# SAXS profile: number of points = 501, q_min = 0, q_max = 0.5, delta_q = 0.001
#    q    intensity    error
0.00000000 1664650.74656089 324.60689558
0.00100000 1664564.49094083 749.05403871
0.00200000 1664305.68196184 823.83133866
0.00300000 1663874.55362135 1497.48715160
0.00400000 1663270.95474301 2120.67054788
0.00500000 1662495.56129373 1496.24606439
0.00600000 1661548.19113639 2268.01337324
0.00700000 1660429.63048161 2789.52189514
0.00800000 1659139.62355146 3135.77402090
0.00900000 1657679.55262832 4227.08303990
0.01000000 1656048.87368128 3278.97691147
0.01100000 1654249.11896388 3275.41339816
0.01200000 1652280.19212215 4188.53047067
0.01300000 1650143.41628589 4504.89172515
0.01400000 1647839.03332240 4449.16558721
0.01500000 1645368.45797891 6713.10360748
0.01600000 1642731.43026930 5445.65493478
0.01700000 1639930.19769707 5313.37407889
0.01800000 1636965.15774703 5131.88600046
0.01900000 1633837.34830708 6371.96594592
0.02000000 1630547.49127203 5649.84731283
0.02100000 1627098.27121118 5369.42453844
0.02200000 1623488.45665551 6161.13897292
0.02300000 1619721.03349487 6414.09558460
0.02400000 1615796.65486620 6665.16150524
0.02500000 1611717.49598238 8171.40807782
0.02600000 1607484.49152002 6510.31248843
0.02700000 1603098.87414697 6733.01557980
0.02800000 1598561.55411747 9039.86600310
0.02900000 1593875.79117930 9324.17380651
0.03000000 1589042.03205394 9605.75952530
0.03100000 1584062.14628768 9124.19838245
0.03200000 1578937.16852756 8597.31327861
0.03300000 1573671.15973168 12841.15725539
0.03400000 1568263.02994918 9056.71941584
0.03500000 1562716.36002851 10126.40248060
0.03600000 1557031.97534461 12098.13900753
0.03700000 1551212.94900930 10610.29706192
0.03800000 1545260.79054171 12655.68646024
0.03900000 1539177.81355537 9235.06730901
0.04000000 1532964.46270939 9427.73188253
0.04100000 1526624.44223276 10579.50787521
0.04200000 1520159.64642124 10785.53319173
0.04300000 1513571.51112342 9989.57243711
0.04400000 1506862.81360761 13222.72180350
0.04500000 1500036.47659453 10350.25216943
0.04600000 1493092.58034373 11578.93349883
0.04700000 1486035.28522260 14979.23637170
0.04800000 1478865.95857716 13043.59836154
0.04900000 1471587.60648383 13244.28907484
0.05000000 1464202.00393879 12321.26043690
0.05100000 1456712.91133714 13634.83348528
0.05200000 1449119.21355346 16128.69759847
0.05300000 1441427.03693800 16345.78336088
0.05400000 1433636.52996348 16558.50269327
0.05500000 1425752.05372415 17964.47671495
0.05600000 1417773.82116152 19395.14677855
0.05700000 1409707.30443027 20849.57200575
0.05800000 1401551.61275379 14884.47882244
0.05900000 1393310.52986270 16301.73396078
0.06000000 1384987.93965118 15207.16828783
0.06100000 1376585.17381508 19203.36407212
0.06200000 1368104.91256405 14221.45123086
0.06300000 1359550.64480338 14356.85548038
0.06400000 1350921.57997398 17122.93182695
0.06500000 1342224.46519625 15945.62739243
0.06600000 1333460.14267892 18761.78508533
0.06700000 1324629.85714175 20266.83776274
0.06800000 1315737.72209008 17703.25187940
0.06900000 1306787.77170477 15093.39946985
0.07000000 1297779.15971792 15203.48356805
0.07100000 1288716.44455405 23660.83503023
0.07200000 1279601.55634563 19616.29277774
0.07300000 1270437.62502015 19742.60161786
0.07400000 1261228.05555058 18445.46117686
0.07500000 1251972.87472199 17126.98972898
0.07600000 1242675.85622068 21529.36021833
0.07700000 1233340.51160193 17316.10159482
0.07800000 1223968.33701225 17404.83056853
0.07900000 1214560.51489341 14574.72686233
0.08000000 1205123.09524564 19034.92018235
0.08100000 1195656.43160526 16177.23227863
0.08200000 1186162.10923968 28058.66601072
0.08300000 1176643.13833437 20755.98593434
0.08400000 1167103.21066282 16368.62329787
0.08500000 1157543.71630306 17918.77756957
0.08600000 1147967.09634519 19475.26270389
0.08700000 1138375.76118331 16529.21682856
0.08800000 1128771.26803267 22603.64570391
0.08900000 1119157.32235860 22662.93684223
0.09000000 1109536.05986673 25746.78547868
0.09100000 1099908.74915659 22768.11217721
0.09200000 1090277.92165255 24335.00435471
0.09300000 1080647.60090316 16760.84507764
0.09400000 1071016.35251979 19840.57886289
0.09500000 1061388.62989046 19869.19608545
0.09600000 1051766.21188410 19894.15883297
0.09700000 1042153.32137217 19915.55090771
0.09800000 1032549.29848192 16866.69358373
0.09900000 1022957.69437778 21482.11259208
0.10000000 1013378.65489578 19958.49354676
0.10100000 1003815.16109054 18430.04722442
0.10200000 994269.76529846 23042.20289461
0.10300000 984743.81364241 18434.40505855
0.10400000 975239.37873840 18432.02512529
0.10500000 965760.16811496 21497.82235370
0.10600001 956302.54441545 18418.38787209
0.10700001 946874.90666883 18407.24905184
0.10800001 937473.52620108 15327.69287473
0.10900001 928104.05081595 21439.20458290
0.11000001 918766.64358516 19886.70493646
0.11100001 909461.86489670 16806.85605445
0.11200001 900193.54914743 21361.59392691
0.11300001 890960.97503764 15235.43339044
0.11400001 881767.35014105 22815.73125917
0.11500001 872613.54864123 19738.51939971
0.11600001 863501.71313379 21216.23809080
0.11700001 854432.48565070 18148.14684991
0.11800001 845406.36998091 19617.65573937
0.11900001 836425.47634791 22583.48892511
0.12000001 827490.61497623 15018.95536929
0.12100001 818605.25959394 16478.52465190
0.12200001 809768.58158800 20916.32344781
0.12300001 800982.62551514 17877.93304381
0.12400001 792247.29053168 20796.49235633
0.12500001 783564.14286093 14809.36299790
0.12600001 774936.18497647 19191.29552530
0.12700001 766361.98135941 16185.56580908
0.12800001 757843.20755178 16130.69343297
0.12900001 749381.21364216 16074.22779024
0.13000001 740976.68965790 21840.28895711
0.13100001 732629.60504284 17407.28023636
0.13200001 724341.78106655 17340.74305618
0.13300001 716114.83040074 21590.86315444
0.13400001 707947.34741674 24371.08858381
0.13500001 699842.27733934 17132.13975702
0.13600001 691798.07274383 15638.09617172
0.13700001 683817.74298349 15570.53074194
0.13800001 675899.06327513 15501.74574721
0.13900001 668045.38598135 16834.74452063
0.14000001 660255.61737073 19550.16975234
0.14100001 652530.62709207 15288.79331383
0.14200001 644870.50439530 15215.72026886
0.14300001 637277.65015994 22024.31662836
0.14400001 629747.68457707 19175.81789989
0.14500001 622286.62901941 17716.50116391
0.14600001 614891.46265372 14914.19313023
0.14700001 607565.22992713 25627.10260732
0.14800001 600302.97811471 16100.12663262
0.14900001 593109.64529096 17348.45794327
0.15000001 585983.83142018 18581.54817107
0.15100001 578925.75559947 25079.06491592
0.15200001 571936.26379533 28877.06332165
0.15300001 565015.60708364 22188.16393721
0.15400001 558160.65931313 15572.68312973
0.15500001 551375.39374554 16772.84026930
0.15600001 544655.92446907 14109.31238926
0.15700001 538008.25612585 14025.87589918
0.15800001 531424.70122764 12674.47972250
0.15900001 524911.52099257 17637.02793783
0.16000001 518463.99745667 25041.81225919
0.16100001 512087.33006604 14932.46724960
0.16200001 505776.63822348 21022.60696015
0.16300001 499533.21890800 15975.07309483
0.16400001 493357.41576467 15873.77560162
0.16500001 487248.16752367 15772.22392737
0.16600001 481206.78398527 15670.49966033
0.16700001 475229.89892498 15568.53222385
0.16800001 469319.21013349 15466.41530022
0.16900001 463476.50115910 14182.38160513
0.17000001 457697.76524133 14087.93787936
0.17100001 451984.35954064 12827.31672949
0.17200001 446336.29875352 12740.67024957
0.17300001 440752.83959781 13804.37958811
0.17400001 435233.36091046 12567.36388980
0.17500001 429777.36783672 14749.95996076
0.17600001 424383.54162696 13520.86027481
0.17700001 419054.38632405 11188.75264330
0.17800001 413785.66530681 12221.16020207
0.17900001 408579.89811190 11031.65777009
0.18000001 403435.61758710 13143.93304184
0.18100001 398353.58607006 11962.55875475
0.18200001 393329.26799792 16195.33337485
0.18300001 388366.05055226 10718.90350160
0.18400001 383461.73403827 12769.27634670
0.18500001 378617.73625641 12676.12240871
0.18600001 373830.48075640 10485.94548061
0.18700001 369100.97396939 11449.51275346
0.18800001 364428.56000313 12397.86019706
0.18900001 359814.28057754 10254.70748097
0.19000001 355252.57201135 13231.38266973
0.19100001 350750.49205519 13132.09904304
0.19200001 346299.92802988 10025.38339018
0.19300001 341906.49745185 11939.37545519
0.19400001 337564.06876906 13823.24926930
0.19500001 333276.29945131 11757.98840027
0.19600001 329040.27975910 12640.08294427
0.19700001 324855.97773856 12542.68989322
0.19800001 320723.43445677 13403.03295936
0.19900001 316641.61594722 11399.09871282
0.20000001 312608.66615427 10367.66690299
0.20100001 308626.55375842 12156.80052710
0.20200001 304691.64513564 12989.00544604
0.20300001 300806.50442385 9204.67947043
0.20400001 296968.12610868 9131.77030946
0.20500001 293176.59569470 10870.98868220
0.20600001 289431.66339614 15277.65107451
0.20700001 285732.60916937 14263.77252397
0.20800001 282077.78570836 11496.08069997
0.20900001 278469.34207488 10526.14162801
0.21000001 274903.23201654 11310.89401601
0.21100001 271381.10462007 10355.90344186
0.21200001 267901.19174454 11983.22087323
0.21300001 264462.78025579 10187.10677705
0.21400001 261066.84911700 12629.10942310
0.21500001 257712.85959191 10019.87645465
0.21600001 254398.08193852 10764.85534618
0.21700001 251123.41086581 9032.90951592
0.21800001 247888.16708746 11400.37734337
0.21900001 244690.55952244 8882.26773063
0.22000001 241530.84019543 11209.44682348
0.22100001 238410.49748632 9526.88393002
0.22200001 235327.30007514 7871.69855972
0.22300001 232278.81572828 8585.02543526
0.22400001 229266.20966547 8511.50843631
0.22500001 226291.51144488 8438.41086081
0.22600001 223349.56760086 7605.05313644
0.22700001 220443.87475639 9047.01704783
0.22800001 217571.04598879 8968.27893977
0.22900001 214730.82893503 8889.85673832
0.23000001 211924.81098680 8811.83405756
0.23100001 209151.79853006 9462.02781298
0.23200001 206409.22607397 10821.00418869
0.23300001 203699.00822407 7149.83552681
0.23400001 201020.46284533 9920.36031060
0.23500001 198370.70669627 7724.55568409
0.23600001 195752.76113334 10438.51648115
0.23700001 193164.09197914 8964.74593277
0.23800001 190604.92230037 8883.14282397
0.23900001 188074.28655607 8124.80956352
0.24000001 185572.18688315 7379.27836045
0.24100001 183099.32149273 7311.15625303
0.24200001 180653.32804205 7901.77694233
0.24300001 178235.38008327 9785.12282943
0.24400001 175843.73181030 9047.16042960
0.24500001 173478.61888100 7041.49747347
0.24600001 171140.58179984 10779.29005458
0.24700001 168828.28088706 7536.49481532
0.24800001 166541.30431775 6842.34981158
0.24900001 164278.79241949 8624.63701003
0.25000001 162042.44990223 6710.98838019
0.25100001 159829.29983819 8458.16694758
0.25200001 157642.48815174 8375.54579175
0.25300001 155479.04872793 8293.25285151
0.25400001 153339.12947641 6451.74417796
0.25500001 151222.28984083 6387.62982509
0.25600001 149129.23425897 5748.93225268
0.25700001 147058.06002648 7967.60606921
0.25800001 145010.70596448 7323.76605125
0.25900001 142985.36909459 7249.35855610
0.26000001 140981.96164258 6071.38846541
0.26100001 139000.00190471 7647.78046666
0.26200001 137040.58681604 7028.12682741
0.26300001 135101.81793904 5885.03546789
0.26400001 133184.45145810 7411.71507435
0.26500001 131288.49330126 7857.61669589
0.26600001 129412.22733023 7256.14392976
0.26700001 127557.81090422 6666.17151330
0.26800001 125723.74999024 7609.43032824
0.26900001 123908.72319288 5018.30352679
0.27000001 122114.55241969 6949.53950707
0.27100001 120339.64051017 7855.77210426
0.27200001 118585.80296010 8255.35106374
0.27300001 116850.29782413 4802.54746785
0.27400001 115132.36816977 5224.13145293
0.27500001 113436.41200359 5635.52121504
0.27600001 111757.13852691 5572.21119066
0.27700001 110098.18023640 6886.64149971
0.27800001 108456.90081599 5900.59796815
0.27900001 106835.50161804 5384.50953639
0.28000001 105230.74519216 4435.47611977
0.28100001 103644.97796913 4822.60105315
0.28200001 102078.00258590 5199.85369783
0.28300001 100528.44013417 5567.26527813
0.28400001 98996.54343752  7617.78437807
0.28500001 97482.61019728  6691.20668065
0.28600001 95986.21002405  5371.86849826
0.28700001 94507.28827599  5307.52956080
0.28800001 93045.10513673  4033.50549860
0.28900001 91601.67774379  4383.14048751
0.29000001 90173.96085876  3936.09357780
0.29100001 88764.26401712  4276.66244278
0.29200001 87371.26926558  7295.93818538
0.29300001 85995.07175588  4930.09769714
0.29400001 84635.02179794  5617.64983776
0.29500001 83292.68071790  5177.47327851
0.29600001 81966.19199253  4747.07223396
0.29700001 80656.18722898  5047.46443573
0.29800001 79362.43250456  3559.40526633
0.29900001 78085.58227052  3865.23650537
0.30000001 76824.21447410  3815.47479248
0.30100001 75579.87169165  4450.89885463
0.30200001 74349.85065570  3717.12095950
0.30300001 73137.09049557  3668.55663293
0.30400001 71940.15283115  3291.26214784
0.30500001 70758.60012275  4871.72984909
0.30600001 69591.84963799  3204.70482755
0.30700001 68441.76206919  3162.00955730
0.30800001 67306.66024882  4367.52939032
0.30900001 66187.11278207  4001.01115710
0.31000001 65082.94020211  3036.11930417
0.31100001 63993.14756209  3593.85533724
0.31200001 62919.27186405  3249.46594927
0.31300001 61859.75293926  4370.39175208
0.31400001 60816.56590141  4023.01602485
0.31500001 59786.95594624  3967.46258444
0.31600002 58772.66333496  3353.56832868
0.31700002 57772.85643621  3306.91845898
0.31800002 56787.72501474  2989.02204768
0.31900002 55817.05590349  3482.98445329
0.32000002 54861.32546301  2905.73024073
0.32100002 53919.05233973  3385.57745672
0.32200002 52992.28974852  3594.46718384
0.32300002 52078.00447718  2784.09025118
0.32400002 51178.50356554  3991.92346713
0.32500002 50292.76501213  2705.24795810
0.32600002 49421.47430835  3151.36045850
0.32700002 48563.39368541  2389.31908246
0.32800002 47719.59632302  2825.95462807
0.32900002 46888.75714523  2320.99358860
0.33000002 46072.58470224  2287.50393879
0.33100002 45267.06381626  3606.87981568
0.33200002 44478.07056188  2221.67972977
0.33300002 43700.82001814  2408.35230525
0.33400002 42937.21020862  2589.11389819
0.33500002 42185.37504688  2338.75730335
0.33600002 41447.80445206  2095.18661427
0.33700002 40721.86820649  2683.97846059
0.33800002 40009.55141521  2441.38294297
0.33900002 39308.95706816  3007.13535813
0.34000002 38621.31233819  1975.48021965
0.34100002 37945.94456634  1946.62704844
0.34200002 37283.45645584  1918.23392550
0.34300002 36631.86325446  2457.26550348
0.34400002 35993.77939288  2421.48162334
0.34500002 35366.75215998  2019.08797644
0.34600002 34752.62242590  1989.76149123
0.34700002 34148.31415268  1960.79629151
0.34800002 33557.47020580  2283.75374302
0.34900002 32977.31497182  1731.30911802
0.35000002 32408.41303281  1876.93332969
0.35100002 31851.71148580  1849.94749071
0.35200002 31304.57692095  2154.85065441
0.35300002 30769.16786548  1797.22718015
0.35400002 30245.08749014  1932.66118216
0.35500002 29731.75719171  1905.21109108
0.35600002 29228.09194161  1721.68083737
0.35700002 28735.60232011  2160.34268475
0.35800002 28254.30140521  2130.09188383
0.35900002 27782.72288316  2550.45408148
0.36000002 27321.65453919  1775.36119605
0.36100002 26869.98095099  1750.84804170
0.36200002 26429.60493800  1870.81967415
0.36300002 25997.74264209  1987.26754169
0.36400002 25575.86733053  1540.30668294
0.36500002 25163.37512644  1934.05710383
0.36600002 24760.91303391  1908.32365792
0.36700002 24367.03886413  1614.07273082
0.36800002 23984.08052116  1725.77459565
0.36900002 23608.97815545  1572.35801963
0.37000002 23242.72544500  1552.14927874
0.37100002 22885.14289123  1532.38924059
0.37200002 22537.32483531  1387.05972269
0.37300002 22197.41172109  2116.96725612
0.37400002 21866.04164356  1721.95086100
0.37500002 21543.46930327  1336.55689889
0.37600002 21229.20977161  1440.61424335
0.37700002 20922.62981906  1186.31316694
0.37800002 20624.07531084  1641.47023175
0.37900002 20333.93129703  1506.74438049
0.38000002 20051.46281884  1718.91173157
0.38100002 19775.74365026  1359.78019781
0.38200002 19508.65409998  1232.84945425
0.38300002 19248.06920680  1219.55772272
0.38400002 18995.92263627  1316.41750106
0.38500002 18749.40917744  1411.26809564
0.38600002 18511.41092686  1182.04620073
0.38700002 18279.59509607  1276.64698199
0.38800002 18054.56279109  1369.52892540
0.38900002 17835.95838609  1356.42469952
0.39000002 17625.02961030  1447.19124986
0.39100002 17419.26344532  1229.10328693
0.39200002 17220.63130795  1116.67189007
0.39300002 17027.88302827  1207.61752158
0.39400002 16842.52084559  1297.29522959
0.39500002 16661.90999254  1484.57625067
0.39600002 16487.32861898  981.82046578
0.39700002 16318.54560123  1169.06066226
0.39800002 16155.58204266  1063.60279417
0.39900002 15998.08363593  1343.83908909
0.40000002 15845.76094080  1048.43482232
0.40100002 15699.17139282  1041.32608782
0.40200002 15558.10713198  1034.53638276
0.40300002 15421.39860807  1401.80519989
0.40400002 15290.26295452  1021.77187035
0.40500002 15164.08084734  1108.19108083
0.40600002 15042.69853604  1010.19246805
0.40700002 14925.76584611  1004.80260437
0.40800002 14813.97751452  999.72131994
0.40900002 14706.20796647  1085.31819935
0.41000002 14603.23742105  1170.37651856
0.41100002 14504.46403496  986.01351182
0.41200002 14409.56653978  1071.20722732
0.41300002 14319.35373427  978.15509994
0.41400002 14232.91243730  1328.99826181
0.41500002 14150.60333590  1059.59722800
0.41600002 14071.51590791  1056.20803409
0.41700002 13996.55720835  877.58417855
0.41800002 13926.30859333  1137.84909753
0.41900002 13857.54341345  1222.23538698
0.42000002 13793.68026446  1829.24899495
0.42100002 13733.21134309  1217.03724689
0.42200002 13676.26277832  954.53480584
0.42300002 13621.92751731  1212.89648361
0.42400002 13570.59122234  1211.17532399
0.42500002 13522.85764149  1209.75490193
0.42600002 13477.16789481  1294.81896685
0.42700002 13435.73524604  1035.08909240
0.42800002 13395.93425278  1379.24545602
0.42900002 13360.27598394  947.91162598
0.43000002 13326.60193852  1033.87782738
0.43100002 13294.55450736  861.48717290
0.43200002 13266.26619365  861.64403011
0.43300002 13240.08610566  1120.50854022
0.43400002 13216.32931356  1207.31174001
0.43500002 13194.67668941  949.22508602
0.43600002 13175.56252143  1295.48724631
0.43700002 13158.19250340  1210.29060382
0.43800002 13142.79780375  951.99860403
0.43900002 13130.19413512  1473.20785177
0.44000002 13118.94213348  1041.38167591
0.44100002 13110.04367322  869.19593673
0.44200002 13102.78127921  1131.88381444
0.44300002 13097.27197293  1482.87320305
0.44400002 13093.96055376  1048.82629006
0.44500002 13091.07041615  1226.10971328
0.44600002 13090.05177146  1316.53201931
0.44700002 13091.75240202  1407.62528497
0.44800002 13093.20503276  881.82740075
0.44900002 13097.81131321  972.51253610
0.45000002 13103.21851277  1063.71932928
0.45100002 13109.51550329  1066.59023190
0.45200002 13117.36316290  980.45735608
0.45300002 13126.17794659  1251.44986474
0.45400002 13136.45476784  1344.84462059
0.45500002 13147.84050875  1169.10603345
0.45600002 13160.10095335  1172.76245204
0.45700002 13173.41917844  1176.51812259
0.45800002 13187.34820749  998.74386383
0.45900002 13202.46370551  1002.06704274
0.46000002 13219.12123717  1096.92273225
0.46100002 13235.30541424  1375.81006302
0.46200002 13253.44505606  1012.49698304
0.46300002 13272.01633897  1108.47885717
0.46400002 13290.65151846  927.02298735
0.46500002 13310.50581872  1023.44484091
0.46600002 13330.91207487  1213.97956564
0.46700002 13351.42727626  1030.99726314
0.46800002 13373.50733208  1411.23942811
0.46900002 13394.98045452  1038.78078348
0.47000002 13417.24946768  1042.72159180
0.47100002 13440.17895505  1046.72118663
0.47200002 13463.50013121  1241.80599346
0.47300002 13487.26573822  1342.52249521
0.47400002 13510.67427472  1347.68982278
0.47500002 13534.84692999  1063.02692827
0.47600002 13559.81399417  1067.22521100
0.47700002 13583.97775464  973.97125117
0.47800002 13608.71150162  1075.56456451
0.47900002 13634.07019495  1177.98372068
0.48000002 13659.01133317  1084.04748584
0.48100002 13685.20592699  1286.27256605
0.48200002 13709.51910176  1489.88205900
0.48300002 13734.55389857  1196.55439236
0.48400002 13759.70792274  1201.22255859
0.48500002 13785.42921291  1004.95783726
0.48600002 13810.98467109  1311.56022146
0.48700002 13836.51587470  1417.96621405
0.48800002 13861.01027925  1118.37566739
0.48900002 13886.36671240  1428.90720244
0.49000002 13911.12280541  1434.37594046
0.49100002 13936.56254000  1234.22203705
0.49200002 13961.05329378  1548.62991002
0.49300002 13985.33448729  1139.94466809
0.49400002 14009.80049171  1352.29605656
0.49500002 14033.51507566  1357.32164246
0.49600002 14057.83335242  1152.81267871
0.49700002 14081.27560123  1472.61987218
0.49800002 14104.59299297  1266.87460268
0.49900002 14127.43976054  1271.46963872
0.50000002 14150.31287752  1701.43370105
