# SAXS profile: number of points = 501, q_min = 0, q_max = 0.5, delta_q = 0.001
#    q    intensity    error
0.00000000 1646666.22097350 321.09991309
0.00100000 1646580.13708570 691.56367400
0.00200000 1646321.84523676 889.01382458
0.00300000 1645891.57957995 1283.79547781
0.00400000 1645289.18082345 1233.96693251
0.00500000 1644515.34483431 2072.08941651
0.00600000 1643569.87194789 2588.62265371
0.00700000 1642453.54895196 2365.13320879
0.00800000 1641166.14800178 3544.91902935
0.00900000 1639709.03776638 2705.52002797
0.01000000 1638081.68703806 3243.40188038
0.01100000 1636285.61673000 3828.90850986
0.01200000 1634320.67859411 5736.46583337
0.01300000 1632188.35807996 6512.43183597
0.01400000 1629888.67605999 5867.59949393
0.01500000 1627423.33597613 3905.81618026
0.01600000 1624791.81623874 4971.86317995
0.01700000 1621996.52111014 5693.20804449
0.01800000 1619037.79075398 6459.96107579
0.01900000 1615916.66111829 8241.17534357
0.02000000 1612633.95805441 6095.75663719
0.02100000 1609192.23968300 6903.43502123
0.02200000 1605590.30455042 6093.21548260
0.02300000 1601831.33936072 5766.59308418
0.02400000 1597915.73475425 8389.05798998
0.02500000 1593845.94954337 7459.19938453
0.02600000 1589622.43589244 8369.36250777
0.02700000 1585247.04207749 9321.25303434
0.02800000 1580720.33503282 8251.36052728
0.02900000 1576045.59478182 7801.42605237
0.03000000 1571223.39017662 8767.42692018
0.03100000 1566255.55174717 9021.63239318
0.03200000 1561143.15895560 10045.95669058
0.03300000 1555890.22438784 8728.54456121
0.03400000 1550495.44355097 10582.13189050
0.03500000 1544963.04219218 15017.04146357
0.03600000 1539293.13336778 9397.38501350
0.03700000 1533489.32584190 8740.88956154
0.03800000 1527552.85170241 9829.80305562
0.03900000 1521486.13222119 10954.70065930
0.04000000 1515289.49749217 10250.93392555
0.04100000 1508966.99007882 14259.73871742
0.04200000 1502520.12061754 12598.63179586
0.04300000 1495950.46417881 10860.60087407
0.04400000 1489261.25161255 14073.51948134
0.04500000 1482454.52773664 10228.93671667
0.04600000 1475530.97975672 11442.74327995
0.04700000 1468494.90946995 12687.79660790
0.04800000 1461347.45421836 16111.35643239
0.04900000 1454091.53491144 11996.25572142
0.05000000 1446728.96727786 12174.22482655
0.05100000 1439263.61450108 12348.88238768
0.05200000 1431694.34689978 13658.36470592
0.05300000 1424027.33329479 14995.00851863
0.05400000 1416262.93117599 16357.83761791
0.05500000 1408404.91326978 14196.72218803
0.05600000 1400454.13269751 20355.60176864
0.05700000 1392415.63948542 20593.82826928
0.05800000 1384288.65438341 12250.95516332
0.05900000 1376077.38467453 14861.63644861
0.06000000 1367785.14896905 15018.28163732
0.06100000 1359413.49151264 21492.32830518
0.06200000 1350965.21526287 15319.94625719
0.06300000 1342443.70869412 14176.20622662
0.06400000 1333848.04185402 14305.52091791
0.06500000 1325185.51801620 20990.93958729
0.06600000 1316456.27150475 14553.42476242
0.06700000 1307662.11715372 18673.41590685
0.06800000 1298806.81764845 14786.91631109
0.06900000 1289894.50995551 14898.28228751
0.07000000 1280924.43839860 17734.39968010
0.07100000 1271901.22941918 16483.84070534
0.07200000 1262826.56582265 17976.33700662
0.07300000 1253704.00398129 16699.33811549
0.07400000 1244536.24823476 15401.13679367
0.07500000 1235324.18342362 22532.31416179
0.07600000 1226070.89680331 18409.45537855
0.07700000 1216780.28372424 17083.59598451
0.07800000 1207453.68965415 18600.82496143
0.07900000 1198092.44186654 24441.08696046
0.08000000 1188702.70728409 17331.28628523
0.08100000 1179284.40218853 23208.31812396
0.08200000 1169839.36913612 20390.30116086
0.08300000 1160370.63778170 16082.73779445
0.08400000 1150881.89654912 14673.74486977
0.08500000 1141374.33103965 16196.10251778
0.08600000 1131850.79903899 17724.78434516
0.08700000 1122313.22761144 19258.89589017
0.08800000 1112763.74735337 19312.01574228
0.08900000 1103205.75342177 17871.93404487
0.09000000 1093641.15784637 19406.66325762
0.09100000 1084071.42113409 19448.24220885
0.09200000 1074499.24489198 17987.11820465
0.09300000 1064928.40770777 16517.04037972
0.09400000 1055357.66971556 19550.50175031
0.09500000 1045791.42329484 18071.27664393
0.09600000 1036231.23599641 16584.88171174
0.09700000 1026681.65806120 19619.88740794
0.09800000 1017141.95057980 19635.92627918
0.09900000 1007615.30801650 21159.92246334
0.10000000 998102.15955653 15121.24842839
0.10100000 988605.83847830 15125.67004011
0.10200000 979128.05705883 27229.55254758
0.10300000 969670.79859068 19664.92472047
0.10400000 960236.24620655 18148.46590710
0.10500000 950827.41547388 15118.15661733
0.10600001 941441.20295944 21154.18482588
0.10700001 932085.54528160 19629.72250736
0.10800001 922757.43735945 15087.08481085
0.10900001 913462.01114653 21100.97345062
0.11000001 904199.29845968 16560.41093078
0.11100001 894970.44429165 21049.70584062
0.11200001 885778.48630436 18016.73525961
0.11300001 876623.46783518 14990.26200574
0.11400001 867507.76783118 16460.96066965
0.11500001 858433.28611152 14936.73988168
0.11600001 849400.97719027 22360.48177752
0.11700001 840412.14968179 17850.35489990
0.11800001 831467.43002800 23746.71092003
0.11900001 822568.34861995 19248.10026432
0.12000001 813716.41040698 19199.63960795
0.12100001 804914.83774330 17675.93066952
0.12200001 796162.22198466 14689.19368764
0.12300001 787461.01370065 17576.13065389
0.12400001 778811.66005442 17523.26317688
0.12500001 770214.78609328 16012.76615741
0.12600001 761673.65286073 23215.81403320
0.12700001 753187.06268588 14461.19228507
0.12800001 744756.61163815 17293.24933726
0.12900001 736383.37880153 18667.31953245
0.13000001 728068.20060282 15737.19489780
0.13100001 719811.33166840 17102.71804662
0.13200001 711614.10031356 19875.38275869
0.13300001 703478.32208159 21209.87241066
0.13400001 695402.58676576 15490.09335050
0.13500001 687389.54136231 14022.74730494
0.13600001 679438.36384781 18151.19674604
0.13700001 671550.93883352 19461.54712507
0.13800001 663726.12707558 15222.55944231
0.13900001 655966.41281306 16530.35438243
0.14000001 648271.15099405 16453.12258817
0.14100001 640641.16884400 17739.35480193
0.14200001 633076.34868116 14937.43715166
0.14300001 625579.01858215 16215.00892647
0.14400001 618145.33738075 14789.12789444
0.14500001 610780.41864652 16051.31015920
0.14600001 603481.82947067 15968.12996108
0.14700001 596252.50991929 13236.80634467
0.14800001 589087.57586362 14482.71873588
0.14900001 581991.64819086 17023.25651275
0.15000001 574963.41773924 19534.38303938
0.15100001 568003.40765773 18130.66962793
0.15200001 561111.77866443 18028.52229920
0.15300001 554289.28066727 14084.49128639
0.15400001 547532.65832678 12730.13490685
0.15500001 540846.00488968 15186.95653402
0.15600001 534225.12468220 16355.30296403
0.15700001 527675.95786310 17508.28910823
0.15800001 521191.15088942 14916.49144249
0.15900001 514776.86089345 16061.03881797
0.16000001 508428.17388765 13506.39507686
0.16100001 502150.40752754 12202.25547892
0.16200001 495938.49266198 18188.54507699
0.16300001 489793.95019245 14458.71809225
0.16400001 483716.77703313 17957.98619514
0.16500001 477706.18924682 14273.86160858
0.16600001 471763.21084102 11817.66898952
0.16700001 465884.85171040 14088.35858090
0.16800001 460072.29437750 16327.96649841
0.16900001 454327.77619988 15060.96649218
0.17000001 448646.86421221 17261.68891566
0.17100001 443031.30051403 12573.22890231
0.17200001 437480.77322559 14758.41458170
0.17300001 431994.48156065 14657.57345155
0.17400001 426572.00047066 13437.01864940
0.17500001 421212.81452400 12232.02071147
0.17600001 415915.49334408 13251.06824378
0.17700001 410682.45632747 14254.78873239
0.17800001 405509.48830026 13065.51633015
0.17900001 400399.26303352 12972.93673504
0.18000001 395349.93497309 12880.50148983
0.18100001 390362.58882997 14919.65884983
0.18200001 385432.68941585 11638.14060667
0.18300001 380563.27051182 10503.54676231
0.18400001 375752.63270730 12512.56326026
0.18500001 371001.78751385 16561.52057702
0.18600001 366306.95980409 11302.40177872
0.18700001 361669.46266638 14278.71106066
0.18800001 357088.53785603 17209.88289507
0.18900001 352565.50962168 11052.92924886
0.19000001 348094.36502645 14959.35604382
0.19100001 343682.23687812 13857.26844568
0.19200001 339321.20205173 11788.01911628
0.19300001 335016.47896974 9748.97999868
0.19400001 330762.50739710 12577.24493810
0.19500001 326562.51217801 11521.12597407
0.19600001 322413.57693546 9527.32164867
0.19700001 318315.74433886 12290.17146973
0.19800001 314269.07258399 15009.49161594
0.19900001 310272.55743751 10238.99487933
0.20000001 306324.19887346 12006.37754228
0.20100001 302425.88983846 16494.30881135
0.20200001 298574.34811965 11819.06612893
0.20300001 294771.75206082 10824.01924727
0.20400001 291015.37612117 9843.59556256
0.20500001 287305.04786539 10653.27167840
0.20600001 283640.40451939 9687.73847428
0.20700001 280021.21587069 11357.66105258
0.20800001 276445.34215416 13866.49901792
0.20900001 272915.44800758 15474.30663352
0.21000001 269426.68839998 10232.82610916
0.21100001 265981.35012317 11841.49026727
0.21200001 262577.61542012 14261.90385577
0.21300001 259214.41391682 9152.86138811
0.21400001 255893.11727249 8252.55342219
0.21500001 252612.78549860 10640.05102824
0.21600001 249371.03628594 8928.73037636
0.21700001 246168.66567855 11269.60204759
0.21800001 243004.67688410 8780.97441438
0.21900001 239877.77869974 9499.16048564
0.22000001 236788.22564433 8634.48305638
0.22100001 233736.86093011 10118.46918810
0.22200001 230721.83510043 9261.17489884
0.22300001 227740.88054454 7652.09394813
0.22400001 224795.30952448 8345.52626073
0.22500001 221886.23134489 10530.72103760
0.22600001 219009.13944737 11185.89232624
0.22700001 216167.99569012 9610.82954287
0.22800001 213358.75733191 8061.76102703
0.22900001 210581.21005791 8718.06250868
0.23000001 207837.19045802 9362.02668693
0.23100001 205125.29091957 9279.86860007
0.23200001 202443.02715278 9905.53778705
0.23300001 199792.22847181 7713.97830613
0.23400001 197172.53326057 9035.43176400
0.23500001 194580.78891925 7576.97627888
0.23600001 192019.91313755 10239.46235236
0.23700001 189487.77194700 8794.12791200
0.23800001 186984.11646119 8044.05707063
0.23900001 184508.41458701 9299.22453503
0.24000001 182060.35815988 10530.37161406
0.24100001 179640.67140056 9129.33935241
0.24200001 177247.48710032 7106.73833145
0.24300001 174881.24007188 8320.84979622
0.24400001 172540.56521088 7609.03928573
0.24500001 170225.89804189 6909.46952837
0.24600001 167937.18484687 6844.28029220
0.24700001 165673.75173196 6779.37024158
0.24800001 163434.98680857 6714.72675068
0.24900001 161219.89604150 6650.32102632
0.25000001 159030.14588696 8382.47938626
0.25100001 156862.98047689 8301.18931956
0.25200001 154721.54453901 7633.18776096
0.25300001 152602.73219153 6395.58080872
0.25400001 150506.67398943 9211.00888394
0.25500001 148433.04400036 8549.74373893
0.25600001 146382.37064441 6207.34472086
0.25700001 144353.21148320 8938.35127794
0.25800001 142346.89740875 5530.17722599
0.25900001 140362.11569382 6021.53504817
0.26000001 138398.75491077 5418.31151113
0.26100001 136456.00715554 6435.26560195
0.26200001 134535.43617464 5307.42320822
0.26300001 132634.65933830 6828.03258582
0.26400001 130754.74246433 7796.25188834
0.26500001 128895.69825832 7200.11404541
0.26600001 127055.69948535 6106.29720621
0.26700001 125236.95547206 5537.97843303
0.26800001 123438.07265055 5976.87176057
0.26900001 121657.62379546 6897.98759563
0.27000001 119897.55453082 7798.13731571
0.27100001 118156.13487912 4820.77053120
0.27200001 116435.29970204 6198.43347297
0.27300001 114732.25886570 6130.14488130
0.27400001 113046.37424032 6062.11210552
0.27500001 111381.89610053 7839.05821854
0.27600001 109733.33924315 6383.18864586
0.27700001 108105.11205875 6311.17674068
0.27800001 106493.89817710 6685.15477446
0.27900001 104901.88093644 4846.46712864
0.28000001 103326.30709175 5226.24486005
0.28100001 101769.25987772 4304.83989657
0.28200001 100230.43616748 7233.12976837
0.28300001 98708.63074520  4625.48665565
0.28400001 97204.03809924  4155.47282542
0.28500001 95717.21658249  4927.52254289
0.28600001 94247.39133062  4868.82046659
0.28700001 92794.51085315  4810.46767032
0.28800001 91358.11734785  4752.44948938
0.28900001 89940.19171149  5086.11808203
0.29000001 88537.65854520  4637.60277411
0.29100001 87152.55279202  4580.73839158
0.29200001 85783.98202156  4147.22680714
0.29300001 84431.91747188  4840.48205779
0.29400001 83095.53775552  5515.46657960
0.29500001 81776.66853886  3993.97268050
0.29600001 80473.17789746  5019.11234306
0.29700001 79186.02838749  3893.57720013
0.29800001 77914.81020511  3843.92734344
0.29900001 76660.16049262  3449.70738547
0.30000001 75420.65272570  4767.33968448
0.30100001 74197.94861293  3697.28395441
0.30200001 72989.24358440  3649.09740575
0.30300001 71797.72408682  3928.77164802
0.30400001 70621.65999016  6138.78808527
0.30500001 69460.83256945  4463.55331223
0.30600001 68314.33274638  3460.46268910
0.30700001 67184.53831991  3103.92581733
0.30800001 66069.39444667  3062.31657758
0.30900001 64969.47128609  3625.29666940
0.31000001 63884.97519331  3278.25765725
0.31100001 62814.42550445  4409.57287918
0.31200001 61759.77368842  3479.54581435
0.31300001 60719.18883438  2859.87392950
0.31400001 59694.67585514  3384.68828124
0.31500001 58683.58795312  2781.60220068
0.31600002 57687.71742704  2743.05109353
0.31700002 56706.11985076  2704.88204495
0.31800002 55739.03911764  3733.95840729
0.31900002 54786.30837299  3681.64009699
0.32000002 53848.21960283  4667.02541396
0.32100002 52923.47435136  3323.06511187
0.32200002 52014.20672243  3780.13265254
0.32300002 51117.08792804  2981.14870912
0.32400002 50234.87457897  3183.63532719
0.32500002 49366.25713353  2655.41109695
0.32600002 48511.73121309  3331.30074015
0.32700002 47670.27867899  2579.91560427
0.32800002 46843.27161056  2542.88711979
0.32900002 46028.83723402  2506.27030607
0.33000002 45228.93563476  2470.17843666
0.33100002 44439.67594640  2434.40556362
0.33200002 43666.79844755  2617.38802289
0.33300002 42905.48897551  2149.56509947
0.33400002 42157.66486305  2542.10731162
0.33500002 41421.75087184  2713.95324565
0.33600002 40699.66944155  2057.36838770
0.33700002 39989.37491390  2838.44596581
0.33800002 39292.48635906  2597.42993377
0.33900002 38607.22600317  2953.45292911
0.34000002 37934.90597727  2134.40758589
0.34100002 37274.58546851  2103.40495760
0.34200002 36627.02627633  2072.90665028
0.34300002 35990.53172803  2414.24498265
0.34400002 35367.21148067  2379.32926505
0.34500002 34754.85790398  1984.15493171
0.34600002 34155.32292658  1955.56310678
0.34700002 33565.56223592  2102.54691804
0.34800002 32989.12748772  2072.37708693
0.34900002 32423.15483357  1702.21570938
0.35000002 31868.58442216  1677.88104929
0.35100002 31325.92453206  1654.00889363
0.35200002 30792.91599158  2282.67897057
0.35300002 30271.37167311  2089.63288557
0.35400002 29761.12458241  1743.25795498
0.35500002 29261.38685862  1718.81394549
0.35600002 28771.42021822  2002.92251336
0.35700002 28292.45698658  2582.81852064
0.35800002 27824.37459998  2247.51396477
0.35900002 27366.15091096  1773.32666302
0.36000002 26918.32633415  1603.39018404
0.36100002 26479.73213748  1437.84952317
0.36200002 26052.24346132  1985.96261312
0.36300002 25633.32607211  1959.41153776
0.36400002 25224.17449938  1657.22834311
0.36500002 24824.35904728  2044.28606438
0.36600002 24434.34090063  2017.66579544
0.36700002 24053.04196177  1593.27357502
0.36800002 23682.24181739  2359.46186403
0.36900002 23319.36598576  1423.64736087
0.37000002 22965.18516848  1278.01261516
0.37100002 22619.70033495  1767.05107387
0.37200002 22283.61716550  1496.12212736
0.37300002 21955.36813332  1354.86583169
0.37400002 21635.59807289  1582.10318403
0.37500002 21324.52682757  1443.24404406
0.37600002 21021.64257774  1188.77394408
0.37700002 20726.23457215  1175.17755591
0.37800002 20438.74470931  1161.94269177
0.37900002 20159.52586223  1264.00233144
0.38000002 19887.93725075  1250.25523450
0.38100002 19622.86723592  1799.02455341
0.38200002 19366.26455918  1335.11034196
0.38300002 19116.23526240  1101.09520328
0.38400002 18874.15836153  1198.98096672
0.38500002 18637.98333922  1402.88107240
0.38600002 18409.90098320  1282.43376324
0.38700002 18187.97153452  1058.53999346
0.38800002 17972.77030803  1153.58231687
0.38900002 17763.63957411  1454.84215004
0.39000002 17562.12659169  1030.01877340
0.39100002 17365.72611224  1021.10474378
0.39200002 17176.25886477  1012.54050805
0.39300002 16992.46619041  1004.25479943
0.39400002 16816.05404849  1394.89174941
0.39500002 16644.06754453  1186.38919078
0.39600002 16478.14923814  1570.03813380
0.39700002 16317.73559530  1169.00263343
0.39800002 16163.01881419  1547.77075498
0.39900002 16013.67001704  1249.06632051
0.40000002 15869.41415578  1622.72702138
0.40100002 15730.70531439  1233.13004802
0.40200002 15597.07324086  1037.12743429
0.40300002 15467.96595901  1124.83053783
0.40400002 15344.22238084  1211.81001994
0.40500002 15225.18853405  1112.65683079
0.40600002 15110.93847888  922.52283785
0.40700002 15000.93425159  1193.47438560
0.40800002 14895.73472702  1553.55072696
0.40900002 14794.58775367  1182.82734695
0.41000002 14698.09722775  1359.20660554
0.41100002 14605.56860555  1263.67385563
0.41200002 14516.83423157  1169.11330023
0.41300002 14432.73023012  1075.52710771
0.41400002 14352.03383803  1250.77980825
0.41500002 14275.34802202  1158.01628642
0.41600002 14201.87428075  1065.99273402
0.41700002 14132.28199448  1417.75059686
0.41800002 14067.31086071  972.54358244
0.41900002 14003.68679947  1323.34846526
0.42000002 13944.69106825  968.66801096
0.42100002 13889.09181894  1055.01546456
0.42200002 13836.74476342  877.94149684
0.42300002 13786.95661306  964.53553035
0.42400002 13739.92645582  963.51238837
0.42500002 13696.50852988  962.72763018
0.42600002 13654.88084561  1136.97370749
0.42700002 13617.41063703  961.66158476
0.42800002 13581.47051963  1136.15797016
0.42900002 13549.47336312  961.33518067
0.43000002 13519.39516233  1136.23762026
0.43100002 13490.86259584  961.62873140
0.43200002 13465.84378256  1049.52791415
0.43300002 13442.78066372  1137.66258148
0.43400002 13422.06973762  963.36910107
0.43500002 13403.35074635  1139.55293446
0.43600002 13387.12288514  1228.53632539
0.43700002 13372.32082813  1229.98612806
0.43800002 13359.56785595  1143.64586050
0.43900002 13349.37638330  1057.27065966
0.44000002 13340.49245486  970.72097948
0.44100002 13333.81255403  1326.04772134
0.44200002 13328.63405544  1151.39410744
0.44300002 13325.20578719  1153.69637173
0.44400002 13323.77857626  1245.10716696
0.44500002 13322.63480864  1069.54117312
0.44600002 13323.36940000  1339.99794091
0.44700002 13326.68541289  1074.66396263
0.44800002 13329.77971807  1167.08891853
0.44900002 13335.75874151  1080.19650925
0.45000002 13342.56636660  1353.93698622
0.45100002 13350.18297286  995.65669330
0.45200002 13359.11861121  1089.30258318
0.45300002 13369.07946744  1365.65153232
0.45400002 13380.43669371  1095.85781715
0.45500002 13392.75855396  1007.67120136
0.45600002 13405.94434225  1102.77303386
0.45700002 13420.11101345  1382.94250548
0.45800002 13434.75510264  1479.97269225
0.45900002 13450.57484529  928.08970831
0.46000002 13467.74927458  1024.42439712
0.46100002 13484.60234504  934.48298680
0.46200002 13503.18301640  1312.91454691
0.46300002 13522.31549491  1035.26852336
0.46400002 13541.35430554  1322.31331061
0.46500002 13561.60473058  1137.54745872
0.46600002 13582.24117305  1141.72324712
0.46700002 13603.17075478  1050.43689547
0.46800002 13625.42770057  1150.25866100
0.46900002 13647.13078418  1058.33504247
0.47000002 13669.64214270  1545.21642105
0.47100002 13692.70512572  1163.33228262
0.47200002 13716.14449905  973.16049833
0.47300002 13740.09120621  1465.38079660
0.47400002 13763.62757840  1176.79021373
0.47500002 13787.81832071  1181.34032971
0.47600002 13812.80853529  1383.62909656
0.47700002 13837.05848326  1488.17571041
0.47800002 13861.78020426  1195.16274586
0.47900002 13887.18932503  999.87767879
0.48000002 13912.15440657  1304.89058441
0.48100002 13938.29479738  1108.51263778
0.48200002 13962.67019381  1416.23370489
0.48300002 13987.63967195  1320.15349481
0.48400002 14012.97743339  1529.16623490
0.48500002 14038.67043540  1842.15442185
0.48600002 14064.13671598  1438.33933012
0.48700002 14089.69459633  1547.04854001
0.48800002 14114.30060508  1552.92599768
0.48900002 14139.66489167  1247.11850256
0.49000002 14164.51359284  1356.18141823
0.49100002 14190.07432706  1151.95028847
0.49200002 14214.62918730  1156.28906605
0.49300002 14239.10864683  1266.14160089
0.49400002 14263.66663871  1059.07729813
0.49500002 14287.62684292  1169.29943625
0.49600002 14312.14941440  1493.75910519
0.49700002 14335.77616136  1499.23554202
0.49800002 14359.39091619  1504.72064543
0.49900002 14382.42903173  1294.41867421
0.50000002 14405.65735100  1732.13632199
