# SAXS profile: number of points = 501, q_min = 0, q_max = 0.5, delta_q = 0.001
#    q    intensity    error
0.00000000 1700912.83420643 280.65061764
0.00100000 1700824.92192537 561.27223756
0.00200000 1700561.14953022 841.77779567
0.00300000 1700121.74099198 1326.09500521
0.00400000 1699506.56870940 1657.01896746
0.00500000 1698716.30227075 1681.72920581
0.00600000 1697750.75903369 2317.42988043
0.00700000 1696610.72602094 2035.93295584
0.00800000 1695295.97253835 2517.51462551
0.00900000 1693807.91081577 3811.06796225
0.01000000 1692145.92782825 3071.24499162
0.01100000 1690311.65843278 3042.56111765
0.01200000 1688304.95595690 5925.95065522
0.01300000 1686127.23898280 3540.86735803
0.01400000 1683778.59914601 4167.35221763
0.01500000 1681260.69189210 4842.03100826
0.01600000 1678573.09590106 4280.36158589
0.01700000 1675718.15172910 4976.88313389
0.01800000 1672696.27127576 7150.77688147
0.01900000 1669508.49224697 5509.37827301
0.02000000 1666155.56362859 6822.90734170
0.02100000 1662640.24214252 7681.39826696
0.02200000 1658961.22293642 8012.78307082
0.02300000 1655121.70110693 5958.43839520
0.02400000 1651122.08185132 8049.22051605
0.02500000 1646964.94399485 8350.11264741
0.02600000 1642650.70770224 9979.10350572
0.02700000 1638181.14616077 9632.50558060
0.02800000 1633556.99431943 8527.16790140
0.02900000 1628781.51520360 9528.37230143
0.03000000 1623855.26747213 8306.02007491
0.03100000 1618780.04409270 11655.21685376
0.03200000 1613557.01205850 8785.81833532
0.03300000 1608190.36190620 9842.12546859
0.03400000 1602678.79502240 10096.87687451
0.03500000 1597026.06613347 11211.12350197
0.03600000 1591232.99318178 9714.47787232
0.03700000 1585302.81328381 9939.84909898
0.03800000 1579236.85846972 12010.09686448
0.03900000 1573037.76144094 11325.87240688
0.04000000 1566705.69612664 11562.28857320
0.04100000 1560244.55467084 11795.44938023
0.04200000 1553656.36461608 12025.30082002
0.04300000 1546942.48247234 12251.78502988
0.04400000 1540105.98527264 13514.43064840
0.04500000 1533149.30063936 15868.09599893
0.04600000 1526072.96875461 12910.57791584
0.04700000 1518881.04936140 15310.32168961
0.04800000 1511575.22690988 14443.10196513
0.04900000 1504158.31701871 11281.18790275
0.05000000 1496631.94967614 16028.92892744
0.05100000 1489000.09742571 16259.88182134
0.05200000 1481261.92676607 16486.44601320
0.05300000 1473423.37511028 11934.72989476
0.05400000 1465484.90256462 13299.27611097
0.05500000 1457450.43072915 13466.84260816
0.05600000 1449320.63984408 13630.86125381
0.05700000 1441100.85895032 13791.33586391
0.05800000 1432790.15075216 17752.27079672
0.05900000 1424392.63953358 12819.53435455
0.06000000 1415912.03783873 16842.27447694
0.06100000 1407349.86217872 14397.18976289
0.06200000 1398708.88310599 18504.91938848
0.06300000 1389992.44150539 18681.49928729
0.06400000 1381200.11969993 18853.38251561
0.06500000 1372338.01033322 14944.76163161
0.06600000 1363407.71887996 20553.37232378
0.06700000 1354410.35886338 24866.97535248
0.06800000 1345350.19679511 16709.25022634
0.06900000 1336231.06433895 15433.46951569
0.07000000 1327052.00164104 15546.41492724
0.07100000 1317817.93870820 17078.92128560
0.07200000 1308530.93804261 17194.09733137
0.07300000 1299194.33543976 18747.37513882
0.07400000 1289810.86481812 15961.41020014
0.07500000 1280381.26577970 16055.98182546
0.07600000 1270909.07529236 14679.00050779
0.07700000 1261397.93409385 16234.19217298
0.07800000 1251849.27683457 20768.18047663
0.07900000 1242264.67821312 16397.89452154
0.08000000 1232649.69873469 17972.03345064
0.08100000 1223005.30343443 22564.44890705
0.08200000 1213332.43876799 21148.38540012
0.08300000 1203634.92114736 19715.54093368
0.08400000 1193915.90316645 19789.15702386
0.08500000 1184177.07503274 18331.06198206
0.08600000 1174421.14367606 21456.67530238
0.08700000 1164650.08744771 26134.74918955
0.08800000 1154865.97782601 27751.43075047
0.08900000 1145072.18128277 20096.01772542
0.09000000 1135270.99523200 23244.67471931
0.09100000 1125463.92687966 20190.82379681
0.09200000 1115653.25010892 15563.36357029
0.09300000 1105843.23980384 20270.10753814
0.09400000 1096032.32183703 18742.15358425
0.09500000 1086225.35380166 25026.63332791
0.09600000 1076423.67798386 23492.94787635
0.09700000 1066631.93991673 15679.49025391
0.09800000 1056849.19877826 17263.63247374
0.09900000 1047079.61703730 15706.19499410
0.10000000 1037322.27648954 26716.23648738
0.10100000 1027581.45041515 25155.19508926
0.10200000 1017859.27465489 20443.70449304
0.10300000 1008156.53100051 20445.41541046
0.10400000 998476.21708178 17298.60127476
0.10500000 988821.34910149 22011.16426661
0.10600001 979189.04831510 17287.58346145
0.10700001 969587.15468557 26702.43149659
0.10800001 960012.25066206 17265.82114072
0.10900001 950469.87401466 18819.30439123
0.11000001 940960.19893599 25067.18087956
0.11100001 931484.23511636 15648.93588660
0.11200001 922045.00606025 17191.52994732
0.11300001 912642.69279779 23409.28617239
0.11400001 903279.86604640 18697.89410754
0.11500001 893958.40676278 18665.85241214
0.11600001 884678.96074461 21736.56308910
0.11700001 875443.48673615 23243.02566747
0.11800001 866251.80210588 17008.85493544
0.11900001 857106.49541158 16970.70940850
0.12000001 848008.26685637 15391.35076845
0.12100001 838960.57361252 19958.87298647
0.12200001 829962.11665476 16844.08195105
0.12300001 821015.88049056 18325.07531592
0.12400001 812121.26030872 21318.18408756
0.12500001 803279.68436121 18218.38409977
0.12600001 794494.41807273 16648.63131526
0.12700001 785764.29466066 21121.34523585
0.12800001 777090.31413915 22555.04743089
0.12900001 768474.65201417 16483.78206262
0.13000001 759917.49787251 17918.85544444
0.13100001 751418.86796716 20829.33200189
0.13200001 742980.68551923 16304.71191233
0.13300001 734604.60608070 22148.32991747
0.13400001 726289.20016249 16178.09269635
0.13500001 718037.47356704 14647.96515139
0.13600001 709847.61070979 14587.36908789
0.13700001 701722.95410495 14525.66583490
0.13800001 693661.08363801 17355.40113103
0.13900001 685665.77583060 27358.06574580
0.14000001 677735.55943927 20067.75086140
0.14100001 669871.16245810 14268.25643329
0.14200001 662073.08727156 14201.46839179
0.14300001 654343.25555377 18373.95948261
0.14400001 646678.01481922 19691.34648008
0.14500001 639082.48825258 19594.27001413
0.14600001 631554.16711299 18103.50105431
0.14700001 624096.15317787 18011.41583043
0.14800001 616703.56251256 16539.99032692
0.14900001 609381.06690519 17824.39704795
0.15000001 602127.09378040 16365.81518114
0.15100001 594942.38346477 21703.49917287
0.15200001 587827.35171003 17537.82986583
0.15300001 580782.50026442 17440.89930596
0.15400001 573804.41248488 14675.04854183
0.15500001 566897.51422329 21224.64393417
0.15600001 560057.50430961 15827.22581875
0.15700001 553290.57496761 15735.58469475
0.15800001 546588.99605471 23465.06670815
0.15900001 539958.99823705 18142.62319711
0.16000001 533395.83782804 16745.96311906
0.16100001 526904.65076943 19205.67542714
0.16200001 520480.89244559 13998.33426313
0.16300001 514125.30279398 12647.48304579
0.16400001 507838.74606827 15082.81147028
0.16500001 501619.66853033 12490.33033609
0.16600001 495469.80183855 14893.82294645
0.16700001 489385.58771010 14799.02087109
0.16800001 483368.63420656 14704.07454684
0.16900001 477420.84603909 14609.07857861
0.17000001 471538.08429386 13304.44767658
0.17100001 465721.67322500 12015.61973660
0.17200001 459971.69221596 15517.14576967
0.17300001 454287.40219207 11856.90175715
0.17400001 448668.46062379 12955.30241234
0.17500001 443113.71026336 14037.84300412
0.17600001 437622.04396109 12780.75239751
0.17700001 432196.24154090 15001.53225242
0.17800001 426832.02948877 11460.44053307
0.17900001 421531.56090025 11381.35268189
0.18000001 416293.41904820 12432.60354713
0.18100001 411118.74058666 13468.25057781
0.18200001 406002.62307818 11144.77252995
0.18300001 400948.67220809 17705.89420112
0.18400001 395954.40959645 12086.50892391
0.18500001 391021.59695711 14182.35399164
0.18600001 386146.08340271 12997.67778139
0.18700001 381329.30095680 13979.53283354
0.18800001 376570.35429799 10675.77004874
0.18900001 371870.68232668 12717.97793646
0.19000001 367223.95455634 12625.16015417
0.19100001 362638.08537106 12532.77282260
0.19200001 358104.46258394 11403.83714983
0.19300001 353628.29534710 12348.70065703
0.19400001 349204.51782401 11235.65589192
0.19500001 344835.69159680 10138.16981203
0.19600001 340519.47065160 12074.82099992
0.19700001 336255.79569229 9986.79760401
0.19800001 332044.46625793 13876.13890069
0.19900001 327884.69070665 18689.42825354
0.20000001 323774.22089123 10737.97254335
0.20100001 319715.42375480 11624.85335714
0.20200001 315704.36879096 12497.15802925
0.20300001 311743.77582162 12401.16798832
0.20400001 307830.53532703 10412.36834959
0.20500001 303964.69863041 11271.01155796
0.20600001 300145.98369790 11183.43988120
0.20700001 296373.85829111 10171.55129735
0.20800001 292646.16568627 11009.34927353
0.20900001 288965.94542000 10922.91325322
0.21000001 285328.04863173 9933.69648270
0.21100001 281734.85643700 11646.91951569
0.21200001 278184.36037204 10665.58888087
0.21300001 274675.87639276 9698.80565394
0.21400001 271210.29082740 11370.49198050
0.21500001 267787.18434146 8676.30518286
0.21600001 264403.57175684 11188.23766785
0.21700001 261060.58345336 11951.35407555
0.21800001 257757.44088330 9314.06556669
0.21900001 254492.45914176 10077.90185851
0.22000001 251265.56855121 10828.29018870
0.22100001 248078.61880503 9087.12023650
0.22200001 244928.94664386 9831.44838316
0.22300001 241814.70089825 10562.46663469
0.22400001 238736.27099842 9668.81943264
0.22500001 235696.39312470 9588.12972571
0.22600001 232689.36814104 8715.38069586
0.22700001 229719.37450918 9427.68357568
0.22800001 226781.96646568 10126.94919143
0.22900001 223877.79198268 10040.91944527
0.23000001 221008.10858127 10721.10385430
0.23100001 218171.68157208 9870.08734110
0.23200001 215365.88740517 9785.14955703
0.23300001 212592.77668713 8208.20749609
0.23400001 209851.55328064 14054.80844570
0.23500001 207139.40863932 8066.00895391
0.23600001 204459.49922955 8722.24264967
0.23700001 201808.79345661 9365.94654731
0.23800001 199188.02886396 8569.06940703
0.23900001 196596.00939616 7785.20234032
0.24000001 194032.55484642 11222.84350316
0.24100001 191498.75680885 8341.68624117
0.24200001 188992.10504561 8955.39132119
0.24300001 186513.47215699 8874.31142501
0.24400001 184061.49788506 6764.26036725
0.24500001 181636.28878830 8042.85524801
0.24600001 179238.09279614 6640.77165224
0.24700001 176866.04592465 6579.41721964
0.24800001 174519.61581655 6518.30795911
0.24900001 172197.82210304 7103.16049778
0.25000001 169902.27757846 7676.18526414
0.25100001 167630.14707790 7603.70383118
0.25200001 165384.36968700 9414.50568983
0.25300001 163162.34692307 9324.72856781
0.25400001 160963.95781187 6156.87167759
0.25500001 158788.64705806 9146.22650327
0.25600001 156637.39142431 7246.04607012
0.25700001 154508.49836342 8969.21875436
0.25800001 152403.18324810 7105.03673919
0.25900001 150320.25253851 7034.98815166
0.26000001 148259.38266405 6965.22612712
0.26100001 146220.16665791 9768.96979665
0.26200001 144203.60610317 6826.59903594
0.26300001 142207.76738691 6757.71342598
0.26400001 140233.64013290 8361.43118857
0.26500001 138281.15065331 5517.41817215
0.26600001 136348.49055077 7098.98449645
0.26700001 134437.71147853 6485.27550861
0.26800001 132547.59040036 7487.61373604
0.26900001 130676.51442201 6350.87890144
0.27000001 128826.60055576 5760.48171645
0.27100001 126996.20262037 5699.58984332
0.27200001 125187.00571573 6151.68975199
0.27300001 123396.40491686 9128.86646776
0.27400001 121623.42548871 7023.75315437
0.27500001 119872.64528591 5955.27329964
0.27600001 118138.58647839 4908.65850048
0.27700001 116425.36224419 8738.88810363
0.27800001 114729.85285923 8642.60022492
0.27900001 113054.19967037 5697.93193306
0.28000001 111395.66258568 5634.39288025
0.28100001 109756.31074817 6499.76903013
0.28200001 108135.74663660 7344.58025917
0.28300001 106532.96847608 6807.45700782
0.28400001 104947.98021577 5832.48427655
0.28500001 103381.40040671 5322.07474484
0.28600001 101832.34213835 4822.27079021
0.28700001 100300.94810063 5632.90151195
0.28800001 98786.43051305  5567.10955507
0.28900001 97291.32618587  5078.60746729
0.29000001 95811.83171977  4600.40531778
0.29100001 94350.66381037  4545.81519756
0.29200001 92906.33674669  4491.55706263
0.29300001 91479.26986737  5647.93038896
0.29400001 90068.42198482  4782.63343379
0.29500001 88675.69219838  5905.80137997
0.29600001 87298.80021936  4666.99408065
0.29700001 85938.84432707  4609.75982792
0.29800001 84595.16870324  5311.73089433
0.29900001 83269.00122885  4121.81575595
0.30000001 81958.23117562  4440.49717531
0.30100001 80664.85906924  4750.35377547
0.30200001 79386.32174539  3608.10849414
0.30300001 78125.14777003  4631.25897906
0.30400001 76879.92980239  3868.98265047
0.30500001 75650.37001322  4861.29300719
0.30600001 74436.07446487  4456.11580880
0.30700001 73238.61699834  4737.07397172
0.30800001 72056.62680284  4007.78977252
0.30900001 70890.15352455  3626.03152445
0.31000001 69739.71438867  4880.03674539
0.31100001 68603.66800763  3531.71699624
0.31200001 67483.86114593  3802.04091697
0.31300001 66378.82762493  3126.44292916
0.31400001 65290.35991297  3393.46661715
0.31500001 64215.61236970  4565.73025566
0.31600002 63156.63074435  3603.71752090
0.31700002 62112.45109463  3555.31686899
0.31800002 61083.24715909  2922.83351495
0.31900002 60068.91400021  2883.30800853
0.32000002 59069.65427797  3128.62438697
0.32100002 58084.19506035  3647.10678053
0.32200002 57114.68763622  3043.92742170
0.32300002 56157.61280515  3275.11213388
0.32400002 55215.94747213  4037.66635009
0.32500002 54288.45420440  3185.64664356
0.32600002 53375.55217604  3141.68514985
0.32700002 52476.14230794  2840.00895619
0.32800002 51591.39950994  3564.44996093
0.32900002 50719.95158529  3765.95658354
0.33000002 49863.34082455  2970.85798701
0.33100002 49018.04428677  2685.20859319
0.33200002 48189.23981061  2647.75790678
0.33300002 47372.51138831  2610.69922624
0.33400002 46569.86651675  3276.19026460
0.33500002 45779.33961114  2538.00670823
0.33600002 45003.36954055  2274.92043801
0.33700002 44239.22850132  2915.80768861
0.33800002 43489.33970875  2432.57633181
0.33900002 42751.16719775  3270.46444551
0.34000002 42026.51506707  2364.62198223
0.34100002 41314.22061350  2331.36157963
0.34200002 40615.22674192  2089.65351484
0.34300002 39927.40194813  2266.27944191
0.34400002 39253.58625921  2031.37318512
0.34500002 38590.84247936  2403.43778344
0.34600002 37941.38095278  2369.81876655
0.34700002 37302.16457610  2141.89039140
0.34800002 36676.62947494  2112.02380834
0.34900002 36061.97550686  1893.25380378
0.35000002 35459.28143428  2053.62438153
0.35100002 34868.61393797  2025.16919343
0.35200002 34288.23635365  1815.56220092
0.35300002 33719.62802141  2685.76849911
0.35400002 33162.62518655  2119.09184979
0.35500002 32616.75558647  1915.90831389
0.35600002 32080.96504396  1889.72933542
0.35700002 31556.26498072  1864.02866070
0.35800002 31043.15626025  1838.84144817
0.35900002 30540.30507920  2968.51779430
0.36000002 30048.25418165  2440.66956151
0.36100002 29565.62991357  1926.49653642
0.36200002 29094.67199856  1901.04595843
0.36300002 28632.51037979  1876.00216894
0.36400002 28180.63261753  2160.04559245
0.36500002 27738.34736042  1522.83534222
0.36600002 27306.36504853  1653.53701384
0.36700002 26883.30077407  1632.35410032
0.36800002 26471.35808674  1758.22768741
0.36900002 26067.55872814  2025.44940912
0.37000002 25672.79249370  2428.77464892
0.37100002 25287.06393807  1693.22188150
0.37200002 24911.28595766  1951.30112150
0.37300002 24543.59080536  1514.58506035
0.37400002 24184.75988171  1768.51065013
0.37500002 23834.93731157  1613.14863366
0.37600002 23493.68633900  1461.42482795
0.37700002 23160.34820540  1313.19180545
0.37800002 22835.25706794  1428.00286839
0.37900002 22518.90016933  1797.00831864
0.38000002 22210.36226145  1523.18671605
0.38100002 21908.73382269  1506.44460901
0.38200002 21615.96185092  1490.20448060
0.38300002 21329.98704194  1597.18950536
0.38400002 21052.58232058  1580.52269259
0.38500002 20781.10113216  1564.19355632
0.38600002 20518.40519983  1667.53086959
0.38700002 20261.78549873  1415.08316627
0.38800002 20012.55578140  1167.73268517
0.38900002 19769.64026270  1272.17641117
0.39000002 19534.77948349  1260.28635808
0.39100002 19305.21372029  1135.14662053
0.39200002 19083.01879533  1237.43841241
0.39300002 18866.69465862  1226.52387787
0.39400002 18658.21352145  1437.14896458
0.39500002 18454.54740116  1205.82018432
0.39600002 18257.09350460  1956.97794548
0.39700002 18065.57261850  1186.36621006
0.39800002 17880.16423220  1070.12788000
0.39900002 17700.22618344  1168.21498346
0.40000002 17525.83325672  1581.26838051
0.40100002 17357.15464109  1883.94565400
0.40200002 17194.26313503  1663.02920921
0.40300002 17035.90727925  1238.85123604
0.40400002 16883.24645960  1333.35445232
0.40500002 16735.71522827  1121.12561626
0.40600002 16592.97105233  1215.60111689
0.40700002 16455.19095056  1208.46928067
0.40800002 16322.34007947  1001.37561132
0.40900002 16193.83880741  1195.10536061
0.41000002 16070.42943433  1287.96462804
0.41100002 15951.08026962  1084.35448811
0.41200002 15835.93399002  1275.34700432
0.41300002 15725.66656395  976.56393989
0.41400002 15619.15730770  1069.52184732
0.41500002 15516.98554553  1065.08593831
0.41600002 15418.08787112  1253.72187465
0.41700002 15323.64534433  1345.10965206
0.41800002 15233.84029750  1053.19159887
0.41900002 15145.82648951  1526.69938248
0.42000002 15062.80544823  1426.82431369
0.42100002 14983.35133047  1327.82465783
0.42200002 14907.44907838  1229.64099550
0.42300002 14834.30230413  1037.80783837
0.42400002 14764.43037007  1411.84872104
0.42500002 14698.11521206  939.20960656
0.42600002 14634.11778621  1218.50987521
0.42700002 14574.34714134  1029.24044389
0.42800002 14516.66227864  1214.39144047
0.42900002 14462.95829648  1119.43302519
0.43000002 14411.40262267  1118.03666845
0.43100002 14361.73445665  1209.83256796
0.43200002 14315.80906379  1394.71776413
0.43300002 14272.15377462  1022.02898023
0.43400002 14231.18600820  1207.16041035
0.43500002 14192.30279489  1485.08263483
0.43600002 14156.24620012  1391.91297359
0.43700002 14121.91458683  1206.15278202
0.43800002 14089.66470721  927.80446494
0.43900002 14060.40325099  1020.78532440
0.44000002 14032.69671681  1206.74181135
0.44100002 14007.35185931  1578.76870288
0.44200002 13983.88785347  1207.99820947
0.44300002 13962.19282621  1022.87029492
0.44400002 13942.89250097  1023.75693040
0.44500002 13924.06578181  1117.82405394
0.44600002 13907.35249129  1118.98563448
0.44700002 13893.44153985  1213.73111044
0.44800002 13879.49190211  1308.69735347
0.44900002 13868.82348939  1310.60388186
0.45000002 13859.05178320  1031.32138732
0.45100002 13850.37229640  1314.67740068
0.45200002 13843.36234622  1128.78781921
0.45300002 13837.33113270  942.32229480
0.45400002 13833.01261842  1132.92378714
0.45500002 13829.98396501  1040.56804284
0.45600002 13827.95213349  1516.64986188
0.45700002 13827.17785834  949.92716389
0.45800002 13827.06658120  1237.59165300
0.45900002 13828.16118025  1049.55748332
0.46000002 13831.14901623  956.42399980
0.46100002 13833.73266756  1150.41326316
0.46200002 13838.36747598  1153.28960011
0.46300002 13843.77503466  1059.87946689
0.46400002 13849.28774839  1352.38301273
0.46500002 13856.19954418  1065.40323345
0.46600002 13863.66668134  1165.37987647
0.46700002 13871.46129483  1460.66494358
0.46800002 13881.08656393  1367.14828048
0.46900002 13890.20502664  1273.03735103
0.47000002 13900.35502198  982.06012885
0.47100002 13911.07036661  1083.39421150
0.47200002 13922.62261371  1481.71518189
0.47300002 13934.73812088  990.75992735
0.47400002 13946.58014562  993.69388247
0.47500002 13959.33000935  1295.70507288
0.47600002 13973.12648374  1199.73269676
0.47700002 13986.27686637  1103.09770874
0.47800002 14000.09832790  1106.49782379
0.47900002 14014.67252726  1311.77341073
0.48000002 14029.09952927  1012.19957901
0.48100002 14045.02313614  1117.00074296
0.48200002 14059.14533475  1018.58512778
0.48300002 14073.97133808  1226.12444109
0.48400002 14089.40148386  1127.50440719
0.48500002 14105.48923884  1645.26434280
0.48600002 14121.51982035  1650.52331484
0.48700002 14137.56618562  1655.79183014
0.48800002 14153.03801343  1661.00061999
0.48900002 14169.36642681  1666.31757078
0.49000002 14185.25878648  1358.16766689
0.49100002 14202.08647182  1362.54824069
0.49200002 14218.14661131  1261.71839009
0.49300002 14234.15608617  1054.75101598
0.49400002 14250.51747742  1269.72116742
0.49500002 14266.26647596  1379.83335896
0.49600002 14282.86148249  1064.78737399
0.49700002 14298.74237678  1174.92771679
0.49800002 14314.69250783  1392.89122050
0.49900002 14330.33723727  1289.73041249
0.50000002 14346.18738462  1293.73923967
