# SAXS profile: number of points = 501, q_min = 0, q_max = 0.5, delta_q = 0.001
#    q    intensity    error
0.00000000 1700912.83420643 357.19169518
0.00100000 1700824.79883488 561.27219695
0.00200000 1700560.66684887 841.77755675
0.00300000 1700120.64324792 1224.08690674
0.00400000 1699504.64141822 1911.94279425
0.00500000 1698713.27071621 1681.72620457
0.00600000 1697746.40786601 2139.16056100
0.00700000 1696604.81062142 2443.11102883
0.00800000 1695288.23180557 2517.50313052
0.00900000 1693798.15161108 3302.90653683
0.01000000 1692133.86692066 3071.22310107
0.01100000 1690297.08701289 3346.78837800
0.01200000 1688287.62893256 5925.88983737
0.01300000 1686106.92240780 3894.90716255
0.01400000 1683755.05367415 4924.98375033
0.01500000 1681233.78046668 4841.95350335
0.01600000 1678542.46981010 4708.31183830
0.01700000 1675683.70116534 5429.21543532
0.01800000 1672657.69655936 6197.19704461
0.01900000 1669465.57988828 6510.91605535
0.02000000 1666108.16308276 5773.06504623
0.02100000 1662588.12249746 7681.15747419
0.02200000 1658904.16747866 6295.54160160
0.02300000 1655059.45209440 5958.21429875
0.02400000 1651054.52871053 8668.03667097
0.02500000 1646891.91465926 8349.74238866
0.02600000 1642571.86984711 7317.65801487
0.02700000 1638096.46273542 8256.00655032
0.02800000 1633466.20603657 9947.80965097
0.02900000 1628684.40671815 10260.71223344
0.03000000 1623751.77620224 9815.57993832
0.03100000 1618669.89007485 12431.38532778
0.03200000 1613440.07759181 11181.14025269
0.03300000 1608066.62549609 13121.82426897
0.03400000 1602547.85247923 9254.71427508
0.03500000 1596887.98597001 10347.83462693
0.03600000 1591087.48707601 14128.85753818
0.03700000 1585149.83286381 10842.42535822
0.03800000 1579076.23490504 12008.87532222
0.03900000 1572869.26885011 12268.38086518
0.04000000 1566529.33075186 9634.15583056
0.04100000 1560060.13614721 11794.05517612
0.04200000 1553463.83451589 11021.82641722
0.04300000 1546741.59684010 10208.49501300
0.04400000 1539897.02663013 12473.16649498
0.04500000 1532931.72962718 14808.12119626
0.04600000 1525846.98307563 13984.38824998
0.04700000 1518646.27885371 14214.52983116
0.04800000 1511331.93009660 16662.43530459
0.04900000 1503906.40002380 13535.15823024
0.05000000 1496371.12994404 19460.30745111
0.05100000 1488730.28239070 11612.09674359
0.05200000 1480983.31077345 12951.19965626
0.05300000 1473135.56093382 20285.07761971
0.05400000 1465188.33809437 18131.70652947
0.05500000 1457144.86963660 13464.01922353
0.05600000 1449006.10114301 16105.70356576
0.05700000 1440777.25107555 15041.71520335
0.05800000 1432457.38599727 15212.69814961
0.05900000 1424050.94471582 16661.39683136
0.06000000 1415561.28089311 14247.62495782
0.06100000 1406989.99189866 13085.00753614
0.06200000 1398340.16217278 13214.31515022
0.06300000 1389614.76495512 14674.33260403
0.06400000 1380813.55142650 18848.10585844
0.06500000 1371942.27856349 17656.89795106
0.06600000 1363003.16104461 17807.63713224
0.06700000 1353997.04064926 19335.07864533
0.06800000 1344928.33530486 16704.01070639
0.06900000 1335800.37361734 15428.49503763
0.07000000 1326612.62869225 19779.79522006
0.07100000 1317369.97250292 18495.87528025
0.07200000 1308074.59439564 14323.41747964
0.07300000 1298729.57609463 20182.25855816
0.07400000 1289337.85683147 20307.07219677
0.07500000 1279900.21104950 21886.29463481
0.07600000 1270419.96877829 20542.69185820
0.07700000 1260901.05895237 28029.83185479
0.07800000 1251344.52698689 17794.12000823
0.07900000 1241752.25579130 22351.54165261
0.08000000 1232129.87360798 16467.41653327
0.08100000 1222477.97537953 15036.47980265
0.08200000 1212797.92582533 16609.26837357
0.08300000 1203093.56691531 18190.77558549
0.08400000 1193367.39701181 21301.60903653
0.08500000 1183621.95282841 15268.72390828
0.08600000 1173859.50547732 18382.64071887
0.08700000 1164081.97140833 19975.64756738
0.08800000 1154291.72822637 23114.69294329
0.08900000 1144492.15878646 20085.83833013
0.09000000 1134685.17866100 18586.14409956
0.09100000 1124872.43899775 18627.88846496
0.09200000 1115056.37994558 17110.54095423
0.09300000 1105241.28928438 21817.46407572
0.09400000 1095425.39953872 17170.79394475
0.09500000 1085613.76162698 18759.40668266
0.09600000 1075807.38051659 21914.19737126
0.09700000 1066011.50626445 17237.40686667
0.09800000 1056224.94440580 20390.42351046
0.09900000 1046451.46384778 18836.12723498
0.10000000 1036690.52872211 18847.03469849
0.10100000 1026946.68209093 17283.51347246
0.10200000 1017221.53985145 17287.68088292
0.10300000 1007515.79686220 26719.32018968
0.10400000 997833.06660711 23573.80730762
0.10500000 988176.13727924 25139.20211517
0.10600001 978541.88503873 21987.83719143
0.10700001 968938.03104181 18836.15620984
0.10800001 959361.99880760 17254.12636056
0.10900001 949818.43542001 17239.20541425
0.11000001 940307.84742261 17221.73903616
0.11100001 930831.57518124 23456.95679877
0.11200001 921392.07170030 17179.35598561
0.11300001 911989.76827888 20273.53350333
0.11400001 902627.32443150 26469.54753526
0.11500001 893306.67848384 23315.30540630
0.11600001 884027.91904691 24823.50513581
0.11700001 874793.32053856 15483.84250274
0.11800001 865603.39426206 16996.12344682
0.11900001 856459.84495000 23124.41690285
0.12000001 847363.85795900 16917.62022105
0.12100001 838318.85191233 15341.23571269
0.12200001 829323.10447143 16831.11319818
0.12300001 820379.72000738 22888.59526659
0.12400001 811488.67188644 18258.49597774
0.12500001 802650.62758449 19721.12684902
0.12600001 793869.29313131 18147.85289617
0.12700001 785143.53020406 21104.65908647
0.12800001 776474.07674351 21034.68373033
0.12900001 767863.10275710 17967.99745139
0.13000001 759311.34701340 14920.46867209
0.13100001 750818.23482942 19326.06227549
0.13200001 742386.00375109 16291.66162031
0.13300001 734015.96428607 16229.09373545
0.13400001 725706.98129872 17634.68047696
0.13500001 717461.85445772 17563.46702521
0.13600001 709279.36436211 24778.67576232
0.13700001 701161.77412240 17416.85929046
0.13800001 693107.64285202 20231.81304890
0.13900001 685120.17761552 15826.27684926
0.14000001 677198.28721139 15755.01889499
0.14100001 669342.53800548 15682.69640511
0.14200001 661553.11509065 19866.44098318
0.14300001 653832.54076091 15535.06190123
0.14400001 646176.83386357 25297.82423905
0.14500001 638590.97813039 20977.71462115
0.14600001 631072.45679520 13915.14832877
0.14700001 623624.58433955 15228.91306802
0.14800001 616242.63941353 15150.32600475
0.14900001 608931.07976509 15071.04493525
0.15000001 601688.06043385 14991.05873303
0.15100001 594514.66958373 16265.92212732
0.15200001 587411.03471291 14829.19227107
0.15300001 580377.93090761 16088.07700394
0.15400001 573412.05651079 17331.38022592
0.15500001 566517.30741471 18559.10786677
0.15600001 559690.10442599 15816.84309755
0.15700001 552935.90467237 19656.87233884
0.15800001 546247.45351440 14330.80261935
0.15900001 539630.62625569 16836.47633387
0.16000001 533080.90981140 15448.68549555
0.16100001 526603.41375200 15355.75626987
0.16200001 520193.70594772 17806.23139515
0.16300001 513852.38486938 21489.30774970
0.16400001 507580.24355550 13818.87278318
0.16500001 501375.65000462 17477.95598432
0.16600001 495240.41617263 16127.50491409
0.16700001 489171.25052023 13559.82770464
0.16800001 483169.43612598 14698.01494094
0.16900001 477236.96303841 19471.26901136
0.17000001 471369.74110250 13299.69787321
0.17100001 465568.85369626 14414.01239108
0.17200001 459834.84338078 16705.80064892
0.17300001 454166.30269599 11853.74106015
0.17400001 448563.52670728 16484.71038500
0.17500001 443024.99331145 14035.03245095
0.17600001 437549.61468151 17425.41422768
0.17700001 432140.24204567 13845.77400909
0.17800001 426792.85850760 12605.32767140
0.17900001 421509.09490159 12518.82070989
0.18000001 416287.71749844 13562.65447673
0.18100001 411129.95782093 17958.15740590
0.18200001 406031.02009217 14489.21763643
0.18300001 400994.06814888 17707.89888596
0.18400001 396017.10070663 10989.47506376
0.18500001 391101.67442132 10911.73723185
0.18600001 386243.50006970 16251.19603320
0.18700001 381443.97326079 12908.06466498
0.18800001 376702.49261172 13883.37102114
0.18900001 372020.59121587 14843.62229084
0.19000001 367391.29853842 12630.91344055
0.19100001 362823.09664212 13584.09738013
0.19200001 358307.29548168 10372.99669433
0.19300001 353848.46499119 13386.08806314
0.19400001 349442.71711241 11243.31995438
0.19500001 345091.19472113 12174.81792508
0.19600001 340792.69358093 13091.55194257
0.19700001 336546.73447738 11994.52618361
0.19800001 332353.09145309 12896.96232333
0.19900001 328211.03410876 10830.96463746
0.20000001 324118.26591605 14658.24926882
0.20100001 320076.85528914 11637.99500835
0.20200001 316083.52330028 12512.16686121
0.20300001 312140.30721018 17192.68893374
0.20400001 308244.78597190 10426.38037831
0.20500001 304396.18275657 12227.59523929
0.20600001 300594.75158284 12133.50772117
0.20700001 296839.89580240 11113.68622418
0.20800001 293129.30912502 11027.52513056
0.20900001 289466.42763796 12765.47006227
0.21000001 285845.40300486 9951.70817605
0.21100001 282268.99030036 10771.38517906
0.21200001 278735.43737172 9796.15740954
0.21300001 275243.42767021 9718.84589050
0.21400001 271794.46752825 9641.90919140
0.21500001 268387.80915519 9565.34197052
0.21600001 265020.54329336 8626.41909204
0.21700001 261693.76299786 11124.60239101
0.21800001 258406.51689304 11035.25082567
0.21900001 255157.50898921 10946.25765319
0.22000001 251946.51550610 10022.43286072
0.22100001 248775.03297319 9941.05078766
0.22200001 245640.57161143 9038.34525982
0.22300001 242541.70992158 8964.34202258
0.22400001 239478.48168228 9698.87896676
0.22500001 236453.32551898 8817.34492555
0.22600001 233460.88083636 8744.27770523
0.22700001 230505.48716287 9459.94564052
0.22800001 227582.50623846 8599.20540488
0.22900001 224692.46878271 10852.64675544
0.23000001 221836.78304469 7686.64489601
0.23100001 219014.17306301 9908.20165796
0.23200001 216221.84883071 10579.73556364
0.23300001 213461.88251932 8241.76367386
0.23400001 210733.67860946 8171.19877454
0.23500001 208034.33736039 10310.18224721
0.23600001 205367.07229774 10221.11967169
0.23700001 202728.76541137 8684.90072100
0.23800001 200120.02032621 8609.16368164
0.23900001 197539.86550181 10667.15324165
0.24000001 194988.20354224 11983.00061549
0.24100001 192465.72571318 9082.45802602
0.24200001 189970.52516818 11079.08155187
0.24300001 187502.37891693 7548.84613228
0.24400001 185061.03537428 8841.29138323
0.24500001 182646.30343679 8087.57869876
0.24600001 180257.91349719 10685.68961760
0.24700001 177895.76447038 9264.81185190
0.24800001 175559.15052315 8524.27495691
0.24900001 173246.66208157 7146.42514894
0.25000001 170960.06556127 7723.97612747
0.25100001 168696.66165951 7014.40752365
0.25200001 166459.39317044 6948.84769665
0.25300001 164245.61724144 7509.30997555
0.25400001 162055.04359180 7438.32685278
0.25500001 159887.39398608 6753.64384150
0.25600001 157743.41730434 8513.41263471
0.25700001 155621.64885653 6624.81390526
0.25800001 153523.00850534 8350.11682768
0.25900001 151446.57323410 6497.05829915
0.26000001 149392.11418495 7018.44185649
0.26100001 147358.53783135 7528.54805403
0.26200001 145347.74048273 6880.76236003
0.26300001 143356.95756814 7380.01652481
0.26400001 141387.98939420 8430.25926653
0.26500001 139440.24744257 6120.03274985
0.26600001 137512.06336540 6608.83007807
0.26700001 135605.33556175 5451.33474754
0.26800001 133719.10961644 5935.12296118
0.26900001 131851.58165983 6407.98717190
0.27000001 130004.96387804 7927.05304759
0.27100001 128177.53723907 5229.64376684
0.27200001 126371.08921086 6209.87561769
0.27300001 124582.86777821 6144.42732960
0.27400001 122812.15925418 6079.20217078
0.27500001 121063.10318242 6014.41525074
0.27600001 119330.56648187 5949.82232637
0.27700001 117618.70718865 5885.64038627
0.27800001 115924.21629806 4851.42868168
0.27900001 114249.14849158 8637.23603475
0.28000001 112591.05821659 6643.99865981
0.28100001 110951.82202544 5631.91475256
0.28200001 109331.21229266 5569.33221778
0.28300001 107727.95764518 5507.05345547
0.28400001 106142.27533714 4991.34073397
0.28500001 104574.77483415 6729.38707909
0.28600001 103024.46026213 7096.32515874
0.28700001 101491.57148795 4384.43609581
0.28800001 99975.23984660  4767.31953774
0.28900001 98478.22644383  5568.94396900
0.29000001 96996.42762176  4657.28369271
0.29100001 95532.76295186  7113.36986611
0.29200001 94085.61309087  6202.59433662
0.29300001 92655.63911053  6537.78220511
0.29400001 91241.52380668  4441.18138152
0.29500001 89845.21051057  5584.77854970
0.29600001 88464.64811200  5123.43033794
0.29700001 87100.65914943  4282.73961311
0.29800001 85752.82617855  5384.42021064
0.29900001 84422.19896100  7218.09835286
0.30000001 83106.65940616  4502.71901978
0.30100001 81808.51560543  4817.70371207
0.30200001 80524.78757109  4757.80729888
0.30300001 79258.36617850  3975.59983572
0.30400001 78007.51516698  3925.72838663
0.30500001 76772.20070442  3876.22859708
0.30600001 75551.90757850  4522.91516131
0.30700001 74348.41778959  5495.83530320
0.30800001 73159.96024894  4069.15718169
0.30900001 71987.01834189  6360.05337162
0.31000001 70829.89904154  3965.05793607
0.31100001 69687.01638179  3261.35252108
0.31200001 68560.08339393  3540.78567452
0.31300001 67447.94618196  4765.19762337
0.31400001 66351.82748717  4702.68599581
0.31500001 65269.62717892  3093.78047476
0.31600002 64202.85237538  3663.41492999
0.31700002 63150.76121703  3012.29145268
0.31800002 62113.43714644  3863.76654064
0.31900002 61091.24428058  2932.37986431
0.32000002 60083.47887197  3760.92553807
0.32100002 59089.46355625  3139.42334740
0.32200002 58111.40559257  3660.14705456
0.32300002 57145.64158915  3055.00614401
0.32400002 56195.22171162  2739.51718816
0.32500002 55258.81342107  3512.80293551
0.32600002 54336.76781834  4530.87159908
0.32700002 53428.06110327  3680.12502306
0.32800002 52534.13753556  3370.32775319
0.32900002 51653.27266547  2556.83711802
0.33000002 50787.04387989  3782.36527206
0.33100002 49932.30660356  3729.94347992
0.33200002 49093.73296158  2942.67849307
0.33300002 48267.37772937  2660.01531263
0.33400002 47454.73669323  2861.52075811
0.33500002 46654.50011247  2821.66430043
0.33600002 45868.41268178  3941.70223047
0.33700002 45094.34012434  2286.28315258
0.33800002 44334.44817450  2705.28815572
0.33900002 43586.14656960  2445.18293835
0.34000002 42851.35268179  3506.95486956
0.34100002 42128.82480394  2377.32969627
0.34200002 41419.58254250  2557.24514728
0.34300002 40721.55507862  3151.84851235
0.34400002 40037.43448182  2279.13106582
0.34500002 39364.29914890  2655.90938936
0.34600002 38704.37276523  3021.84404676
0.34700002 38054.96319487  2185.11609014
0.34800002 37418.95991343  2938.32396636
0.34900002 36793.92403989  1931.68110358
0.35000002 36180.88123288  2476.40053327
0.35100002 35579.78304876  2254.33516074
0.35200002 34989.17598137  2408.48004275
0.35300002 34410.15035434  2192.61488443
0.35400002 33842.71466185  2883.39942576
0.35500002 33286.52759295  1777.50065765
0.35600002 32740.41684341  2103.89928601
0.35700002 32205.58771545  1902.38415646
0.35800002 31682.01688812  2217.89969730
0.35900002 31169.02594736  1851.44022897
0.36000002 30666.94979349  2158.80003297
0.36100002 30174.20803580  2293.84340353
0.36200002 29692.98968112  1616.78336472
0.36300002 29220.90806782  1755.00782168
0.36400002 28759.03931185  2361.83621536
0.36500002 28306.92330954  2486.48026129
0.36600002 27865.02451934  1840.76360694
0.36700002 27432.29738479  1665.68917611
0.36800002 27010.47764984  1794.03601048
0.36900002 26597.23344614  2066.60513666
0.37000002 26192.76406368  1749.15286703
0.37100002 25797.65451213  2447.16562294
0.37200002 25412.32833770  1706.18380542
0.37300002 25035.26584924  1404.47848067
0.37400002 24667.25673513  1803.79323420
0.37500002 24308.20907845  1645.17966836
0.37600002 23957.99685140  1896.75470058
0.37700002 23615.70237017  1472.91142660
0.37800002 23281.75655286  1720.63829955
0.37900002 22956.66669537  1570.23607635
0.38000002 22639.43552465  1552.61256183
0.38100002 22329.24698630  1407.41250422
0.38200002 22027.96574019  1392.05736090
0.38300002 21733.74798473  1752.60952052
0.38400002 21448.00356847  1238.62226476
0.38500002 21168.57104775  1838.49048259
0.38600002 20897.84471379  1455.74393173
0.38700002 20633.28787209  1320.94315215
0.38800002 20376.40298554  1188.96317053
0.38900002 20125.83688282  1883.77842148
0.39000002 19883.47151283  1399.39879137
0.39100002 19646.62402008  1963.87663009
0.39200002 19417.11398281  1716.95838527
0.39300002 19193.68005216  1361.21585379
0.39400002 18978.17968366  1461.79435939
0.39500002 18767.68555900  1114.80057502
0.39600002 18563.56112408  1216.00612904
0.39700002 18365.44298946  1096.41699842
0.39800002 18173.65380529  1196.46255496
0.39900002 17987.31873217  1510.93484509
0.40000002 17806.78737810  1285.29397385
0.40100002 17632.20720604  1488.51100286
0.40200002 17463.25056000  1372.34961028
0.40300002 17299.20974174  1257.99859202
0.40400002 17140.84752093  1561.95980435
0.40500002 16987.91630818  1241.47698262
0.40600002 16839.82896136  1336.49308884
0.40700002 16696.99138096  1226.22710512
0.40800002 16558.86925003  1117.47534429
0.40900002 16425.59094891  1111.19128034
0.41000002 16297.46228916  1406.63403683
0.41100002 16173.44060668  1099.47054454
0.41200002 16053.84941122  1392.35042541
0.41300002 15939.36274459  1088.81792067
0.41400002 15828.61186472  1280.93047585
0.41500002 15722.38622566  981.07694697
0.41600002 15619.60058908  1563.20970103
0.41700002 15521.42994606  1167.83244448
0.41800002 15427.94748385  1357.50516343
0.41900002 15336.55721713  966.20315046
0.42000002 15250.17344118  1348.26789782
0.42100002 15167.60596837  1056.12045362
0.42200002 15088.56285388  957.36935844
0.42300002 15012.44544236  1432.18736307
0.42400002 14939.84942371  1047.65699048
0.42500002 14870.97057657  1235.33158433
0.42600002 14804.39260948  1137.86566988
0.42700002 14742.25742815  1135.74356608
0.42800002 14682.52436206  1039.30253622
0.42900002 14626.66525488  1132.10394437
0.43000002 14573.18460019  1130.58771486
0.43100002 14521.71328632  1129.20847865
0.43200002 14474.11536549  1316.13137255
0.43300002 14428.90061510  1221.11791692
0.43400002 14386.45167985  1595.81722821
0.43500002 14346.33851389  1125.90069993
0.43600002 14309.11706476  937.96266804
0.43700002 14273.68152543  1312.89328893
0.43800002 14240.47713276  937.73546363
0.43900002 14210.44400178  1031.67828342
0.44000002 14182.02589833  1407.21158645
0.44100002 14156.17178412  1032.40965714
0.44200002 14132.09564611  1408.61670028
0.44300002 14110.19516076  939.73904224
0.44400002 14090.58148032  940.54635838
0.44500002 14071.59851583  1035.52898385
0.44600002 14054.89207779  1130.85667017
0.44700002 14041.06434467  1226.62743928
0.44800002 14027.39555582  1039.21964900
0.44900002 14016.99651677  1324.60623361
0.45000002 14007.61094858  1137.13791070
0.45100002 13999.43864421  1613.57537460
0.45200002 13993.08429353  1140.99614737
0.45300002 13987.71930842  1143.07647606
0.45400002 13984.22547811  1049.86577753
0.45500002 13982.00669446  956.36930323
0.45600002 13981.01231174  1437.59765909
0.45700002 13981.31397072  1056.56794684
0.45800002 13982.36055098  1058.95412652
0.45900002 13984.63641098  1447.40993713
0.46000002 13988.80278674  1257.52348611
0.46100002 13992.85274634  1066.67521541
0.46200002 13998.86100652  1847.21979166
0.46300002 14005.82957804  1072.28636332
0.46400002 14012.89561882  977.39951574
0.46500002 14021.58651970  980.10894418
0.46600002 14030.70303619  1081.13587370
0.46700002 14040.21294873  985.62299572
0.46800002 14051.67142608  1285.09567118
0.46900002 14062.74163588  1288.85033202
0.47000002 14074.88388280  1193.26871214
0.47100002 14087.57142135  1496.10015586
0.47200002 14101.19348961  1300.62364316
0.47300002 14115.45084788  1103.96946314
0.47400002 14129.46107355  1107.39656413
0.47500002 14144.46025538  1615.86321616
0.47600002 14160.41226227  1114.49529993
0.47700002 14175.93454111  1118.05601025
0.47800002 14191.98199960  1121.66335050
0.47900002 14208.91131808  1329.95416241
0.48000002 14225.73472929  1231.66417124
0.48100002 14244.10408190  1235.81852872
0.48200002 14260.62479812  1033.18231560
0.48300002 14277.91230543  1140.23413076
0.48400002 14295.92566548  1352.03723390
0.48500002 14314.48234714  1043.52581257
0.48600002 14332.95363098  1047.02231237
0.48700002 14351.53753279  1365.69237635
0.48800002 14369.62422537  1475.61678165
0.48900002 14388.51324009  1057.55577328
0.49000002 14406.84642864  1167.17071874
0.49100002 14426.29782793  1171.12691318
0.49200002 14444.92917781  1068.20256333
0.49300002 14463.58692198  1286.10221007
0.49400002 14482.46517342  1075.32309010
0.49500002 14500.84108801  1510.40767932
0.49600002 14519.99787365  1190.71248207
0.49700002 14538.38017412  1411.82216563
0.49800002 14556.97823401  1198.54885971
0.49900002 14575.03012124  1421.06550418
0.50000002 14593.48632113  1645.05082353
