# SAXS profile: number of points = 501, q_min = 0, q_max = 0.5, delta_q = 0.001
#    q    intensity    error
0.00000000 1719190.39626457 309.45427133
0.00100000 1719101.72951003 670.44969043
0.00200000 1718835.69454419 1005.51891315
0.00300000 1718392.51401425 1237.24265416
0.00400000 1717772.07331845 1288.32910394
0.00500000 1716975.01897312 2163.38860954
0.00600000 1716001.20069524 2882.88213454
0.00700000 1714851.38870395 2880.95045276
0.00800000 1713525.33804447 2775.91116483
0.00900000 1712024.50317681 3852.05529681
0.01000000 1710348.24839507 2822.07473171
0.01100000 1708498.24796510 4305.41577233
0.01200000 1706474.30303263 3660.38754049
0.01300000 1704277.88067289 3578.98370726
0.01400000 1701909.02162942 4212.22501526
0.01500000 1699369.46871003 5709.88166912
0.01600000 1696658.77996150 5191.77609877
0.01700000 1693779.27047888 5487.84508253
0.01800000 1690731.36981180 5782.30154495
0.01900000 1687516.12339772 5568.80345849
0.02000000 1684134.30110135 6366.02794613
0.02100000 1680588.69891712 6100.53725366
0.02200000 1676877.92766340 5785.22911328
0.02300000 1673005.27654135 9636.51083152
0.02400000 1668971.15702726 8136.23476150
0.02500000 1664778.08743733 7141.89832128
0.02600000 1660426.53566028 7397.20055470
0.02700000 1655918.30381206 8345.82863346
0.02800000 1651254.12648633 7901.25135759
0.02900000 1646437.33541715 10372.55568938
0.03000000 1641468.35529054 8396.11102324
0.03100000 1636349.15551369 10996.26683102
0.03200000 1631080.71198335 10496.00486504
0.03300000 1625667.50339770 8290.90464954
0.03400000 1620107.98422201 11057.23750250
0.03500000 1614406.06141155 9589.57244761
0.03600000 1608562.58568791 12498.53186840
0.03700000 1602580.68204717 12788.59443418
0.03800000 1596461.84719527 13075.02313364
0.03900000 1590208.58011640 11449.50230706
0.04000000 1583821.19029205 14610.75115749
0.04100000 1577303.53138395 9937.01270846
0.04200000 1570657.64338269 11143.81649679
0.04300000 1563884.96166785 11353.80534873
0.04400000 1556988.46176306 14713.54164699
0.04500000 1549970.60777490 17111.67630493
0.04600000 1542832.05585756 13052.35979932
0.04700000 1535576.86242889 13267.38470842
0.04800000 1528206.66132202 14602.01532834
0.04900000 1520724.35761468 13686.51985561
0.05000000 1513131.44296463 16205.63850879
0.05100000 1505432.06669129 14090.84480064
0.05200000 1497625.49305368 14287.34786954
0.05300000 1489717.41382628 14480.05393742
0.05400000 1481708.51097586 13446.50536417
0.05500000 1473602.65180983 12378.26285264
0.05600000 1465400.50934559 15035.00992748
0.05700000 1457107.54693294 16479.88712507
0.05800000 1448722.62504416 14103.31541332
0.05900000 1440250.16937866 18147.15298175
0.06000000 1431693.70531264 15719.99761875
0.06100000 1423054.85828770 14557.85188059
0.06200000 1414336.40594615 14702.02762703
0.06300000 1405541.68185241 16191.84093199
0.06400000 1396670.33268875 16341.04365668
0.06500000 1387728.23405179 15112.36117575
0.06600000 1378717.39182554 15241.72147977
0.06700000 1369638.84129179 13970.31683497
0.06800000 1360496.78147451 15489.25658213
0.06900000 1351295.03691721 21282.89782789
0.07000000 1342032.57283260 21438.97135496
0.07100000 1332714.60946811 17271.98214769
0.07200000 1323343.05346996 18837.78924864
0.07300000 1313921.31760507 21876.79096317
0.07400000 1304452.14522980 22012.63098236
0.07500000 1294936.27902066 14762.27427278
0.07600000 1285377.39407469 19299.94247682
0.07700000 1275778.96565479 19404.59897746
0.07800000 1266142.50572096 25506.44197390
0.07900000 1256469.74543340 18093.16518288
0.08000000 1246766.08225910 18177.85033208
0.08100000 1237032.61163236 19780.15238805
0.08200000 1227270.14263059 19863.36819057
0.08300000 1217482.83470290 15340.28443721
0.08400000 1207673.40171424 18477.40391353
0.08500000 1197844.03321894 16997.40762932
0.08600000 1187997.19545551 17053.70054146
0.08700000 1178134.94592407 21771.93482304
0.08800000 1168259.30489853 20275.14118871
0.08900000 1158373.80978667 15638.04716663
0.09000000 1148480.53714291 20379.78808895
0.09100000 1138581.39524313 15712.42399254
0.09200000 1128678.26913150 20468.58137245
0.09300000 1118775.69244605 20507.15940621
0.09400000 1108871.91326000 28442.56591185
0.09500000 1098972.11312176 17407.71909006
0.09600000 1089077.38050629 17430.68429438
0.09700000 1079192.71606103 17450.54703911
0.09800000 1069316.59643942 19055.22264448
0.09900000 1059453.92222643 17480.99053874
0.10000000 1049603.26057565 17491.63916008
0.10100000 1039769.17166415 17499.31598213
0.10200000 1029953.74210458 17504.06467039
0.10300000 1020157.61242851 19097.35140302
0.10400000 1010383.92891231 19096.25715483
0.10500000 1000635.94155657 20683.14588510
0.10600001 990910.54913092 22265.76108665
0.10700001 981215.68446856 23843.54225461
0.10800001 971547.85508405 22238.73144947
0.10900001 961912.63521660 23807.33884212
0.11000001 952310.30538871 23783.95099658
0.11100001 942741.90416246 15838.06473548
0.11200001 933210.47574763 17399.71013944
0.11300001 923715.81306242 17375.09526174
0.11400001 914261.19235250 17348.10694171
0.11500001 904848.06480290 18893.22848273
0.11600001 895477.07137358 20430.31034548
0.11700001 886150.45850919 23527.29578144
0.11800001 876867.84604676 15652.09178912
0.11900001 867631.88212150 21864.32445931
0.12000001 858443.47329937 18696.89972918
0.12100001 849305.61064510 21759.21076976
0.12200001 840217.45799171 17052.21411329
0.12300001 831181.93579227 20097.98015436
0.12400001 822198.28385630 15416.21854868
0.12500001 813268.23530075 16907.84740861
0.12600001 804394.74952335 19920.83691068
0.12700001 795576.82092285 19857.59838605
0.12800001 786815.38782255 16747.36631909
0.12900001 778112.88083973 16690.52208067
0.13000001 769469.24884548 16632.07859775
0.13100001 760884.55021592 16572.06628487
0.13200001 752360.61262155 16510.55442229
0.13300001 743899.43375345 20933.33105268
0.13400001 735499.28965162 14893.86131763
0.13500001 727163.62440424 17800.96636470
0.13600001 718890.04264202 19205.14839472
0.13700001 710682.24679548 17653.34784281
0.13800001 702537.59924079 16112.70059839
0.13900001 694460.44739688 20417.13811630
0.14000001 686448.67059491 15970.22907456
0.14100001 678503.37243309 20232.97152020
0.14200001 670624.94472065 18700.37746554
0.14300001 662815.13853357 18611.84996790
0.14400001 655070.63148251 17097.34428817
0.14500001 647396.55401008 17013.58224195
0.14600001 639790.09750684 19750.32124174
0.14700001 632254.64045339 15439.65904826
0.14800001 624785.19406019 15360.34472065
0.14900001 617386.57467441 18058.55816124
0.15000001 610056.88699252 16581.34697081
0.15100001 602797.16557137 23364.41924000
0.15200001 595607.78369552 19136.87899315
0.15300001 588489.23803003 13594.10203999
0.15400001 581438.12004013 17573.96800755
0.15500001 574458.77368555 17475.03672021
0.15600001 567546.94169746 18712.02355088
0.15700001 560708.97851610 18604.32478523
0.15800001 553936.91390435 15853.67522422
0.15900001 547237.12167355 14447.06069409
0.16000001 540604.87557771 19583.41254219
0.16100001 534045.11481323 16870.48597331
0.16200001 527553.68494967 16768.29466769
0.16300001 521130.91407993 15383.78530987
0.16400001 514777.93640400 14014.82998023
0.16500001 508493.03790470 13927.62496575
0.16600001 502278.05293869 13840.27240217
0.16700001 496129.51736114 16253.20375614
0.16800001 490048.81362839 14907.28561444
0.16900001 484037.94458523 14811.56180368
0.17000001 478092.86001108 29431.39785202
0.17100001 472214.81616099 17056.39996516
0.17200001 466403.77966005 16944.45011522
0.17300001 460659.16911046 13225.52536973
0.17400001 454980.64794758 15526.21534445
0.17500001 449366.95987384 14235.94596113
0.17600001 443816.86243014 14140.00590484
0.17700001 438333.48852201 16384.90657482
0.17800001 432912.41967023 12786.06891887
0.17900001 427555.57452732 15007.20137475
0.18000001 422261.82900844 11464.40919910
0.18100001 417032.16492151 12523.47650416
0.18200001 411861.86307970 14697.29127827
0.18300001 406754.32828446 12349.06199008
0.18400001 401707.11715182 12262.11033033
0.18500001 396721.95130495 14389.10585360
0.18600001 391794.92763444 13187.81788721
0.18700001 386927.06447976 12002.47810722
0.18800001 382117.86164103 16249.56283401
0.18900001 377368.48541266 12906.00281089
0.19000001 372672.51908837 14947.89544690
0.19100001 368038.22734133 11659.45159308
0.19200001 363456.87554994 15783.11556653
0.19300001 358933.49547933 12533.95825440
0.19400001 354463.10551926 13478.46022428
0.19500001 350048.18182235 13378.84214147
0.19600001 345686.62549562 16344.06442579
0.19700001 341378.29267532 14194.51008024
0.19800001 337122.65664637 13082.04530940
0.19900001 332919.45022256 14981.37596803
0.20000001 328765.80116871 11894.74724844
0.20100001 324664.62991541 15739.74200220
0.20200001 320611.63195838 11715.14958546
0.20300001 316609.80657851 10657.08659314
0.20400001 312655.74889601 20189.74593924
0.20500001 308749.69272584 10494.40255179
0.20600001 304891.36996590 12306.94073040
0.20700001 301080.17732682 13151.18276728
0.20800001 297313.74444034 9320.78632880
0.20900001 293595.36682521 11097.90539061
0.21000001 289919.90167560 9175.96532180
0.21100001 286289.64063895 12745.61540377
0.21200001 282702.58229451 10838.81751757
0.21300001 279158.00355308 9857.06957146
0.21400001 275656.90679396 8889.93566439
0.21500001 272198.60707386 11465.00587199
0.21600001 268780.34873948 9623.68084161
0.21700001 265403.05359281 8678.68026281
0.21800001 262066.25580341 8608.87691017
0.21900001 258767.99260744 11101.14740774
0.22000001 255508.20148814 11858.13619175
0.22100001 252288.85318554 10081.46304998
0.22200001 249107.02951023 9165.89358423
0.22300001 245961.20954774 10743.58614106
0.22400001 242851.34315268 10655.10318466
0.22500001 239780.85484338 11379.99990900
0.22600001 236743.45582554 10479.44956767
0.22700001 233743.45956183 15188.65072059
0.22800001 230776.24382543 7927.16435028
0.22900001 227842.73863528 11004.80479651
0.23000001 224944.12488808 9353.17715518
0.23100001 222079.10791823 10046.85931736
0.23200001 219244.96699579 8428.87315478
0.23300001 216444.05672738 9876.34277557
0.23400001 213675.21857176 7532.05181089
0.23500001 210935.71826656 8213.83725778
0.23600001 208228.85225812 7402.53604789
0.23700001 205551.40615655 8805.82265624
0.23800001 202904.33165705 9456.35682415
0.23900001 200286.08730886 7931.32943258
0.24000001 197696.77406180 10005.43420853
0.24100001 195137.47589772 9916.88699420
0.24200001 192605.44113806 9126.60926003
0.24300001 190101.73353598 9045.04090950
0.24400001 187624.98208971 7584.74025976
0.24500001 185175.22356404 8199.55928729
0.24600001 182752.66854718 6770.98668998
0.24700001 180356.47029396 7380.18711356
0.24800001 177986.17165904 7312.56220854
0.24900001 175640.68250751 9879.78885844
0.25000001 173321.68047653 9788.34236798
0.25100001 171026.31759459 7757.75413310
0.25200001 168757.25931665 7044.77212346
0.25300001 166512.42761121 7612.94855056
0.25400001 164291.29034932 8169.38479912
0.25500001 162093.38044820 8091.70193481
0.25600001 159919.67400908 8014.37484215
0.25700001 157768.51143133 8547.89835378
0.25800001 155641.08711049 7860.65347643
0.25900001 153536.20281283 8383.07707022
0.26000001 151453.53972761 8894.10954133
0.26100001 149392.64743090 8806.69698275
0.26200001 147354.42578747 6975.75884685
0.26300001 145337.12421689 6906.42046958
0.26400001 143341.74951918 6267.61829430
0.26500001 141367.97749926 10153.04862443
0.26600001 139414.17109272 6141.89159812
0.26700001 137482.32354214 8842.86346868
0.26800001 135571.43590130 7111.40000672
0.26900001 133679.41257384 7579.62305162
0.27000001 131808.64514776 6429.62601457
0.27100001 129957.52933690 5832.49419265
0.27200001 128127.83002204 6820.88535401
0.27300001 126316.61496231 6229.93574477
0.27400001 124523.19441333 6163.89841516
0.27500001 122751.98553333 5590.12568574
0.27600001 120997.60160407 6032.94070149
0.27700001 119264.00667142 6465.30210764
0.27800001 117548.26776265 5411.33476256
0.27900001 115852.39586168 5838.96102777
0.28000001 114173.66774069 4812.42032303
0.28100001 112514.22121989 6187.15731771
0.28200001 110873.48657677 5177.23770074
0.28300001 109250.72736854 6981.12180927
0.28400001 107645.64584085 5062.03673526
0.28500001 106059.08543295 4549.93498043
0.28600001 104490.01665758 5847.78405903
0.28700001 102938.73459614 4891.64889954
0.28800001 101404.10161593 4835.45481443
0.28900001 99889.21578023  5648.73541975
0.29000001 98389.72945379  5583.12546213
0.29100001 96908.62070750  4669.05756670
0.29200001 95444.43140130  5033.73955038
0.29300001 93997.45869539  7046.98981197
0.29400001 92566.78763933  4505.68860163
0.29500001 91154.14664709  6070.86645407
0.29600001 89757.37949202  5598.16802392
0.29700001 88377.44410074  5135.61351980
0.29800001 87013.89809233  4683.08821702
0.29900001 85667.84636680  5782.57990350
0.30000001 84337.21438834  4950.17303286
0.30100001 83024.04053506  4137.08813571
0.30200001 81725.64604027  4828.76002489
0.30300001 80444.56875141  4035.09975960
0.30400001 79179.44020898  5795.93529769
0.30500001 77929.89312469  4650.07694290
0.30600001 76695.79591238  3531.84156897
0.30700001 75478.34223685  4533.22944936
0.30800001 74276.43597299  3442.71297034
0.30900001 73090.10186566  4758.16585673
0.31000001 71919.71199293  3355.05472331
0.31100001 70763.76086839  3642.91858198
0.31200001 69624.01094887  3595.73221570
0.31300001 68499.07790938  4194.19873897
0.31400001 67390.60133472  3821.04727659
0.31500001 66295.91112004  4713.63950381
0.31600002 65216.98035228  3721.28107510
0.31700002 64152.85306285  3366.10035959
0.31800002 63103.69544387  4529.26795494
0.31900002 62069.41816044  3277.26543405
0.32000002 61050.28561383  3527.48566979
0.32100002 60044.88026328  3190.18463944
0.32200002 59055.42990817  3433.48285744
0.32300002 58078.49148595  3387.13778384
0.32400002 57116.71588126  3341.32803727
0.32500002 56169.38521476  3296.01968047
0.32600002 55236.60527717  2980.29117885
0.32700002 54317.28312930  3474.13359346
0.32800002 53412.60018619  3690.27672161
0.32900002 52521.34044311  3379.74841756
0.33000002 51644.90866942  3333.42078792
0.33100002 50779.84370323  3287.48723702
0.33200002 49931.17646394  2992.87485898
0.33300002 49094.63918802  2705.60569378
0.33400002 48272.30780599  2668.25194033
0.33500002 47462.01184140  2870.50261210
0.33600002 46666.37324029  2594.88380691
0.33700002 45882.49399987  2326.24255596
0.33800002 45113.01051726  2523.39636278
0.33900002 44355.22839041  4298.02183458
0.34000002 43611.01161869  2676.84401993
0.34100002 42879.23847227  2639.64604536
0.34200002 42160.78169539  2386.08955305
0.34300002 41453.42967399  2566.79648698
0.34400002 40760.32422451  2953.08562992
0.34500002 40078.17134491  2912.08006784
0.34600002 39409.46658147  2256.38911599
0.34700002 38751.04515749  3843.32884074
0.34800002 38106.28974113  2194.35079867
0.34900002 37472.49488833  1967.30607481
0.35000002 36850.78097828  2716.27119456
0.35100002 36241.14778607  2296.23923248
0.35200002 35641.87207118  1887.23721555
0.35300002 35054.41961326  1861.38976963
0.35400002 34478.58543166  2386.78018955
0.35500002 33914.07026872  1992.11258194
0.35600002 33359.61568364  2500.97050626
0.35700002 32816.30098888  1938.45899123
0.35800002 32284.79167660  1912.38972554
0.35900002 31763.57534799  2572.84972505
0.36000002 31253.25535792  1692.36385779
0.36100002 30752.44383277  2003.82933506
0.36200002 30263.36145457  2142.19214203
0.36300002 29783.19975148  2439.24417519
0.36400002 29313.38836896  1765.39889814
0.36500002 28853.32642191  2059.26200427
0.36600002 28403.60618614  2189.06603246
0.36700002 27962.88536176  1543.55134508
0.36800002 27533.44356802  1676.37379105
0.36900002 27112.31010385  1805.67993845
0.37000002 26700.23540899  2080.21543925
0.37100002 26297.25529611  1614.12560654
0.37200002 25904.49059912  1884.16321298
0.37300002 25519.81595844  2004.32644032
0.37400002 25144.17851209  1697.23212997
0.37500002 24777.60136121  1956.43949616
0.37600002 24419.84936087  1519.03680145
0.37700002 24070.08050723  1364.77362941
0.37800002 23728.58564362  1483.86717352
0.37900002 23396.10081951  1733.65115285
0.38000002 23071.45726850  1318.53384536
0.38100002 22753.90376885  1564.55849726
0.38200002 22445.38507352  1418.43617692
0.38300002 22143.71677948  1658.12159100
0.38400002 21850.79581140  1640.44857326
0.38500002 21563.87224360  1623.11274067
0.38600002 21285.94186739  1482.77878073
0.38700002 21014.25963084  1712.24195584
0.38800002 20750.08247027  1695.07431730
0.38900002 20492.36969130  1558.44478886
0.39000002 20242.83386199  1187.24226225
0.39100002 19998.77416449  1763.89196487
0.39200002 19762.20668460  1514.47678103
0.39300002 19531.63452584  1500.61555171
0.39400002 19309.13954061  1258.47322918
0.39500002 19091.60891491  1701.06243491
0.39600002 18880.31027963  1461.61928955
0.39700002 18675.19540706  1337.89106235
0.39800002 18476.40824508  1105.81308586
0.39900002 18283.11560437  1426.08308471
0.40000002 18095.57412917  1197.29371898
0.40100002 17913.92316853  1080.20961824
0.40200002 17738.25195651  1393.96059605
0.40300002 17567.20750962  1383.94467318
0.40400002 17402.07275130  1374.32876065
0.40500002 17242.23903742  1050.05240713
0.40600002 17087.24385316  1251.81154399
0.40700002 16937.50107877  1036.57511513
0.40800002 16792.75660801  1133.25923339
0.40900002 16652.60849877  1433.78965968
0.41000002 16517.66019472  1221.97655911
0.41100002 16386.90711295  1316.52417983
0.41200002 16260.58498149  1410.28060227
0.41300002 16139.31293239  1302.92679477
0.41400002 16021.83353446  1795.24653260
0.41500002 15908.96227667  1191.26315172
0.41600002 15799.46846945  1185.90815951
0.41700002 15694.63585307  1082.45908608
0.41800002 15594.59242688  1176.14421657
0.41900002 15496.46707877  1269.16071389
0.42000002 15403.51237569  1556.37096419
0.42100002 15314.35703413  1454.09826929
0.42200002 15228.83710389  966.26976003
0.42300002 15146.22228513  963.29978298
0.42400002 15067.14673205  1152.63677962
0.42500002 14991.61904381  1149.55740275
0.42600002 14918.62412706  1242.19929680
0.42700002 14849.99556821  953.36976066
0.42800002 14783.70380069  1141.59766159
0.42900002 14721.47247704  1044.48852174
0.43000002 14661.57154490  947.87064529
0.43100002 14603.65037868  946.31658938
0.43200002 14549.68209290  1228.50246573
0.43300002 14498.11831256  943.82754687
0.43400002 14449.39782750  1131.38790351
0.43500002 14402.89666944  941.94948682
0.43600002 14359.37059944  1223.63382362
0.43700002 14317.74493735  940.67588696
0.43800002 14278.25730390  1128.26794562
0.43900002 14241.96064604  1033.96639190
0.44000002 14207.39687371  1221.76515205
0.44100002 14175.28228427  1221.76763798
0.44200002 14145.18209560  1127.93687376
0.44300002 14117.03267163  1222.25274663
0.44400002 14091.31456060  1504.95246639
0.44500002 14066.30875165  1317.45054012
0.44600002 14043.47824899  1129.93831346
0.44700002 14023.67825267  1225.10859021
0.44800002 14003.79746105  1131.78696444
0.44900002 13987.50979453  1227.40404264
0.45000002 13972.14123335  1228.78001900
0.45100002 13957.97562236  1419.52618807
0.45200002 13945.70581174  1137.13290578
0.45300002 13934.41879270  1138.72075771
0.45400002 13925.02573370  1045.42135650
0.45500002 13917.01425904  1713.46287678
0.45600002 13910.10865587  1334.95319097
0.45700002 13904.62233897  1337.34663994
0.45800002 13899.89576910  1339.81101668
0.45900002 13896.42553476  1246.50942954
0.46000002 13895.01798081  1345.17675448
0.46100002 13893.29272420  962.80523142
0.46200002 13893.69721989  1254.39251295
0.46300002 13895.00582317  1160.51094135
0.46400002 13896.53473043  1066.21167773
0.46500002 13899.51651782  1263.04912584
0.46600002 13903.19819559  973.91907976
0.46700002 13907.17069986  976.28342940
0.46800002 13913.18886418  1859.70647767
0.46900002 13918.81540966  1079.40418618
0.47000002 13925.50925871  983.83727576
0.47100002 13932.88370300  986.44821293
0.47200002 13941.14317468  1186.94898615
0.47300002 13950.04918801  1091.03339871
0.47400002 13958.71808719  1690.74980845
0.47500002 13968.45059865  1296.55164602
0.47600002 13979.30797213  1200.26343938
0.47700002 13989.59311894  1303.97003642
0.47800002 14000.56621917  1106.53480358
0.47900002 14012.33177580  1008.88793568
0.48000002 14024.13740510  1315.39403026
0.48100002 14037.50662605  1116.40295489
0.48200002 14049.04404545  1017.85328934
0.48300002 14061.37001802  1429.19771637
0.48400002 14074.38010013  1126.30232090
0.48500002 14088.15900654  1335.13489233
0.48600002 14101.87302533  1442.19862266
0.48700002 14115.66356004  1446.57327020
0.48800002 14128.95900201  1450.90286869
0.48900002 14143.14303650  1455.32948744
0.49000002 14156.86302408  1563.97951672
0.49100002 14171.74464676  1150.46228496
0.49200002 14185.79793858  1153.94378801
0.49300002 14199.82684059  1157.42794064
0.49400002 14214.30061988  1055.41187105
0.49500002 14228.13719233  1164.43080302
0.49600002 14242.95463389  1061.81231829
0.49700002 14257.06073944  1384.50323404
0.49800002 14271.25765829  1709.12589817
0.49900002 14285.18029260  1499.94400182
0.50000002 14299.37085474  1826.81621014
