# SAXS profile: number of points = 501, q_min = 0, q_max = 0.5, delta_q = 0.001
#    q    intensity    error
0.00000000 1700912.83420643 331.67800267
0.00100000 1700824.72147947 765.37114284
0.00200000 1700560.34520851 841.77739753
0.00300000 1700119.93794971 1326.09359884
0.00400000 1699503.36457022 1529.55308623
0.00500000 1698711.28649748 1987.49228387
0.00600000 1697743.54531139 1960.89387467
0.00700000 1696600.92569002 2239.51331499
0.00800000 1695283.15919269 3432.94854230
0.00900000 1693791.70356423 2794.75643035
0.01000000 1692125.93396136 3071.20870275
0.01100000 1690287.53423625 3955.27300232
0.01200000 1688276.25218446 4279.78048693
0.01300000 1686093.58367442 3894.87635007
0.01400000 1683739.57799323 3788.41421843
0.01500000 1681216.01918573 4034.91862572
0.01600000 1678522.32594414 5136.27854700
0.01700000 1675660.93831966 4976.71321006
0.01800000 1672632.25312485 6673.80299027
0.01900000 1669437.20446446 5509.14302332
0.02000000 1666076.79082500 7872.21319275
0.02100000 1662553.58059523 5486.42706471
0.02200000 1658866.28701994 7440.01563530
0.02300000 1655018.11322934 8341.29167036
0.02400000 1651009.56500046 6810.41476617
0.02500000 1646843.16859001 8349.49524608
0.02600000 1642519.26411041 7317.42365630
0.02700000 1638039.77410303 8943.69757623
0.02800000 1633405.34790061 7105.31358921
0.02900000 1628619.27951386 8061.66580374
0.03000000 1623682.13865054 9060.14675012
0.03100000 1618595.73468177 10876.96383754
0.03200000 1613361.15827844 10381.97953170
0.03300000 1607982.81993921 9840.85531170
0.03400000 1602459.09400535 9254.20169487
0.03500000 1596794.06716602 10347.22603305
0.03600000 1590988.34564132 9712.98429901
0.03700000 1585045.26397741 13552.13763376
0.03800000 1578966.26999129 14779.12497109
0.03900000 1572753.69335846 10380.17485687
0.04000000 1566407.99074820 12523.43246635
0.04100000 1559932.98729686 14741.36741346
0.04200000 1553330.73146448 10018.98368276
0.04300000 1546602.56982227 13269.85066503
0.04400000 1539751.48283513 12471.98759019
0.04500000 1532780.06059886 16921.89265529
0.04600000 1525688.83192135 16134.16014759
0.04700000 1518481.83537522 12026.37669549
0.04800000 1511160.83661065 14439.14246564
0.04900000 1503728.40930986 13533.55631374
0.05000000 1496186.39645092 14879.57440559
0.05100000 1488538.78464586 13932.72367333
0.05200000 1480784.75409748 11772.23934368
0.05300000 1472930.15443743 15509.95524927
0.05400000 1464975.54651129 14503.25858680
0.05500000 1456924.84658662 12238.16928223
0.05600000 1448778.59800324 13625.76335006
0.05700000 1440542.37702212 15039.26311812
0.05800000 1432215.07975929 13942.61445247
0.05900000 1423801.04878122 15377.05204504
0.06000000 1415303.75810031 14245.03299079
0.06100000 1406724.77246124 13082.54099525
0.06200000 1398066.98363527 13211.73361292
0.06300000 1389333.84054262 20006.40823922
0.06400000 1380524.56420708 18844.16118271
0.06500000 1371645.45599554 13579.29064957
0.06600000 1362698.27775558 15064.63016544
0.06700000 1353684.04737564 15188.33572235
0.06800000 1344606.95572304 20875.02396474
0.06900000 1335470.95294717 15424.69022871
0.07000000 1326275.04327159 14124.82987229
0.07100000 1317024.13963382 17068.63364911
0.07200000 1307720.33073630 18615.39978010
0.07300000 1298366.99377406 14411.87430617
0.07400000 1288966.81157727 17401.05277178
0.07500000 1279520.73668970 16045.19079017
0.07600000 1270031.99593246 20536.41833699
0.07700000 1260504.45976014 19172.27373191
0.07800000 1250939.46534575 14823.63335952
0.07900000 1241338.59344609 17875.27658404
0.08000000 1231707.63610640 16461.77332880
0.08100000 1222047.10102196 21043.65206693
0.08200000 1212358.49685411 18112.63679294
0.08300000 1202645.33931640 16668.66518522
0.08400000 1192910.60839262 18251.53316511
0.08500000 1183156.46409649 15262.71910336
0.08600000 1173385.36263768 18375.21564165
0.08700000 1163599.20997784 19967.36338084
0.08800000 1153800.22028768 21564.52712993
0.08900000 1143991.97441534 18532.67085600
0.09000000 1134176.25504256 17029.65726944
0.09100000 1124354.91924393 20170.92819889
0.09200000 1114530.23367902 15547.69749036
0.09300000 1104706.45753685 21806.90649653
0.09400000 1094881.85223638 21842.89397868
0.09500000 1085061.66087373 15624.88865099
0.09600000 1075246.87402147 18773.81130293
0.09700000 1065442.47912379 21926.80725121
0.09800000 1055647.08808107 23514.53999260
0.09900000 1045865.26910995 17256.77775177
0.10000000 1036095.90012455 17266.53898757
0.10100000 1026343.47833157 15703.05595702
0.10200000 1016609.87600140 17277.28565530
0.10300000 1006895.90284848 28273.63828200
0.10400000 997204.84155035 20417.77009130
0.10500000 987539.58845898 15701.88019526
0.10600001 977896.97408893 23542.87075897
0.10700001 968285.21884743 18823.46554018
0.10800001 958700.84140284 23512.13924193
0.10900001 949149.17311574 20359.25072155
0.11000001 939630.63936086 15644.85088175
0.11100001 930146.05481242 20314.39079337
0.11200001 920698.91549696 26529.94049900
0.11300001 911288.55167053 21816.24895412
0.11400001 901918.36664563 18669.71106862
0.11500001 892589.81129345 24849.70151653
0.11600001 883303.56142879 20152.57170301
0.11700001 874061.48148824 20112.15563623
0.11800001 864863.88527818 23156.73161897
0.11900001 855712.82010749 23104.24723115
0.12000001 846609.36790322 23048.94112688
0.12100001 837556.85613709 19925.47854615
0.12200001 828553.93651589 15286.82084890
0.12300001 819603.38854189 18293.54849414
0.12400001 810705.13559485 18240.86641035
0.12500001 801860.26992036 18186.19177874
0.12600001 793071.93828561 16618.82324991
0.12700001 784339.24980513 15059.31430595
0.12800001 775663.09202488 18010.89784566
0.12900001 767045.63731316 19444.60782235
0.13000001 758487.09760084 19375.55382148
0.13100001 749987.55302537 16334.72967487
0.13200001 741548.73715069 16273.28780390
0.13300001 733172.49098333 22105.15164525
0.13400001 724857.17224636 24953.20933102
0.13500001 716606.08909381 21928.14736014
0.13600001 708417.45905923 17469.57536410
0.13700001 700294.09358353 20294.52378900
0.13800001 692233.99066527 20206.31114036
0.13900001 684240.89731660 17242.87142552
0.14000001 676313.27359008 17164.83169322
0.14100001 668451.94797921 17085.63259616
0.14200001 660657.18256174 17005.31668120
0.14300001 652931.11748388 16923.97536345
0.14400001 645270.03578467 16841.54872839
0.14500001 637678.99426710 16758.20475986
0.14600001 630155.59086337 15284.42457742
0.14700001 622703.05211906 20736.01261382
0.14800001 615316.03537709 16502.77684739
0.14900001 607999.71357966 13679.99420098
0.15000001 600752.12716000 16328.44358663
0.15100001 593574.20778227 16240.19109122
0.15200001 586466.26614920 17497.22187620
0.15300001 579428.97545171 13384.80996455
0.15400001 572458.97952129 14640.63909216
0.15500001 565560.23223541 14557.52106475
0.15600001 558728.89160044 18421.29242546
0.15700001 551970.91741366 15698.05363214
0.15800001 545278.64454467 16906.36517207
0.15900001 538658.31644296 16806.14026628
0.16000001 532105.17664618 16705.44280934
0.16100001 525624.36195369 24268.07793696
0.16200001 519211.28334771 13964.18812483
0.16300001 512866.71619730 25233.04362810
0.16400001 506591.43077147 13791.95235387
0.16500001 500383.92196353 16197.42831866
0.16600001 494245.84320212 13618.94485243
0.16700001 488173.94829020 17222.77770885
0.16800001 482169.44682894 17112.19447594
0.16900001 476234.41039453 19430.36486156
0.17000001 470364.67949841 16890.79643837
0.17100001 464561.67036466 14382.82999367
0.17200001 458825.31505121 14287.82098541
0.17300001 453154.86890690 11827.34263701
0.17400001 447550.04406195 15272.64597488
0.17500001 442009.58291065 16336.67495592
0.17600001 436532.58837984 20861.89338396
0.17700001 431121.62518267 16115.32711046
0.17800001 425772.45773495 13718.38923617
0.17900001 420487.34164248 11353.15876060
0.18000001 415264.55218503 13529.31974925
0.18100001 410105.50336416 15674.23307897
0.18200001 405005.41638689 14452.61896648
0.18300001 399967.51136965 12143.01421881
0.18400001 394989.63976413 15345.34822976
0.18500001 390073.18219246 13059.65075677
0.18600001 385214.35530320 14046.84212975
0.18700001 380414.26456165 11800.45104421
0.18800001 375672.35794841 12780.37422123
0.18900001 370989.86927327 11630.53295123
0.19000001 366360.25465399 12595.46615012
0.19100001 361791.70745019 11461.56183358
0.19200001 357275.53443133 15514.69081577
0.19300001 352816.98231939 16427.15947302
0.19400001 348410.82937409 10191.01724076
0.19500001 344059.73079473 10115.35656337
0.19600001 339761.44857313 14055.93179170
0.19700001 335515.83364326 10961.30280313
0.19800001 331322.48442318 13845.96727839
0.19900001 327180.78487070 10796.96641100
0.20000001 323088.47026962 12663.45319071
0.20100001 319047.87962105 14500.72681411
0.20200001 315055.07463039 10552.77022351
0.20300001 311112.73794014 10472.05525402
0.20400001 307217.84043828 10391.64394399
0.20500001 303370.31199706 12186.38600893
0.20600001 299569.96544200 9301.64786664
0.20700001 295816.18430022 11998.30500237
0.20800001 292106.76828716 10989.05714242
0.20900001 288444.88011660 13629.02122977
0.21000001 284825.30342786 13522.08191946
0.21100001 281250.37693703 14310.01985504
0.21200001 277718.11835079 9760.40373086
0.21300001 274227.75480000 13204.06701785
0.21400001 270780.45789072 9605.93719781
0.21500001 267375.39930744 11261.85235126
0.21600001 264009.78060399 8593.51876495
0.21700001 260684.80504997 10229.27223380
0.21800001 257399.51372105 9301.13186807
0.21900001 254152.25919904 8387.02495012
0.22000001 250943.23182593 11646.27593971
0.22100001 247773.74617377 9075.95275149
0.22200001 244641.54679839 11456.56417829
0.22300001 241544.60840924 9739.07907158
0.22400001 238483.47738945 9658.58129099
0.22500001 235460.68269524 9578.54102499
0.22600001 232470.61337501 9498.74971168
0.22700001 229517.55491612 14914.05142372
0.22800001 226596.79146508 11675.40023237
0.22900001 223709.17870116 10033.35713923
0.23000001 220855.80903908 9948.45038865
0.23100001 218035.70245410 9863.93564552
0.23200001 215245.83682410 12036.54776446
0.23300001 212488.69448052 8950.02423481
0.23400001 209763.19923495 10351.81437184
0.23500001 207066.49248816 11728.24668923
0.23600001 204401.95307767 8719.78773071
0.23700001 201766.36402197 10084.28335078
0.23800001 199160.42173420 10709.85218532
0.23900001 196583.12205481 9907.78982020
0.24000001 194034.25418736 11222.94179305
0.24100001 191514.73397575 9037.58072380
0.24200001 189022.15918012 10334.78704203
0.24300001 186557.31244729 8193.59755026
0.24400001 184119.01047625 8119.64874609
0.24500001 181707.09981563 6704.99230037
0.24600001 179322.05149029 7972.65878641
0.24700001 176962.93313507 7241.32356644
0.24800001 174629.19057249 6522.40057644
0.24900001 172319.81053379 9046.79048100
0.25000001 170036.39497901 7042.05763120
0.25100001 167776.20860222 7610.32918223
0.25200001 165542.13626574 9423.48655275
0.25300001 163331.50856083 7467.51692469
0.25400001 161144.25410450 7396.52161333
0.25500001 158979.87649373 6715.31030081
0.25600001 156839.14218474 9673.83874765
0.25700001 154720.57203649 7783.99234744
0.25800001 152625.36349192 7708.34434787
0.25900001 150552.13145932 6458.68674520
0.26000001 148500.92048565 7557.95470573
0.26100001 146470.94687026 7483.20102968
0.26200001 144463.36999189 9688.43636693
0.26300001 142476.17262761 6206.26237332
0.26400001 140510.52061533 6143.82280462
0.26500001 138566.23811984 6634.55179512
0.26600001 136641.36180724 6019.73547927
0.26700001 134738.06746227 6499.76468195
0.26800001 132855.31972925 6968.92612617
0.26900001 130991.34289112 6366.17956577
0.27000001 129148.08871315 5249.87005463
0.27100001 127324.10277965 5194.82363924
0.27200001 125521.19151951 6168.11164316
0.27300001 123736.44135130 6102.68157625
0.27400001 121969.13800607 6037.47261702
0.27500001 120223.60345855 5972.70890248
0.27600001 118494.66094246 4923.45339517
0.27700001 116786.23621965 6330.98216509
0.27800001 115095.32082509 6261.76122584
0.27900001 113423.82248324 5240.18084673
0.28000001 111769.24865252 5653.28886441
0.28100001 110133.63000312 4658.65276962
0.28200001 108516.45872005 5527.82866883
0.28300001 106916.82081619 5010.12246058
0.28400001 105334.71795242 4953.36534616
0.28500001 103770.75490461 5342.11871534
0.28600001 102224.07495730 4400.74663521
0.28700001 100694.86039712 6525.02726258
0.28800001 99182.13727146  4729.50043965
0.28900001 97688.67587703  5949.24064251
0.29000001 96210.50866571  5039.50668245
0.29100001 94750.44633565  6640.11159351
0.29200001 93306.96277905  5331.09357073
0.29300001 91880.47143261  5672.70057477
0.29400001 90470.08009669  6004.95185067
0.29500001 89077.43660140  5932.55755848
0.29600001 87700.41165338  4297.75887652
0.29700001 86340.09842974  4245.34284076
0.29800001 84995.94701364  5718.10260603
0.29900001 83668.98576717  4894.63589909
0.30000001 82357.21523748  5205.79982160
0.30100001 81062.70010702  4406.56858643
0.30200001 79782.70301535  4351.34882845
0.30300001 78519.94187755  4296.61142295
0.30400001 77272.82141103  3535.23174692
0.30500001 76041.29707242  3839.32527095
0.30600001 74824.76744784  5513.08912656
0.30700001 73624.90896992  3741.61805099
0.30800001 72440.29247146  4029.12925802
0.30900001 71271.11970752  4308.33939029
0.31000001 70117.61764342  3270.98701793
0.31100001 68978.50953220  4519.47215852
0.31200001 67855.39551507  3504.39206729
0.31300001 66746.94195760  4401.29356107
0.31400001 65654.77620578  3412.40715486
0.31500001 64576.36795544  3367.01198461
0.31600002 63513.47480341  3322.07245688
0.31700002 62465.19823459  3873.46712593
0.31800002 61431.77391418  3527.41262517
0.31900002 60413.19122869  4059.76664279
0.32000002 59409.49607799  3146.62410876
0.32100002 58419.38631095  3385.98779091
0.32200002 57445.20709527  3061.54245711
0.32300002 56483.35284071  3019.60018584
0.32400002 55536.79552793  3519.64458324
0.32500002 54604.27666810  2937.16418106
0.32600002 53686.23955942  3949.96526262
0.32700002 52781.54643235  3635.59309042
0.32800002 51891.55796992  2560.84850708
0.32900002 51014.69694269  3282.79590371
0.33000002 50152.70627474  2988.09838135
0.33100002 49301.85012672  2455.23225258
0.33200002 48467.40387775  2663.04163217
0.33300002 47645.05761363  2625.71924943
0.33400002 46836.68232583  3294.96075766
0.33500002 46040.42445100  3248.61250310
0.33600002 45258.54645231  3202.94748411
0.33700002 44488.59002694  2481.12878330
0.33800002 43732.81209595  2223.81360039
0.33900002 42988.63378876  2630.90451247
0.34000002 42258.02476710  3026.09729688
0.34100002 41539.81344807  2557.19103697
0.34200002 40834.82116321  3781.71296702
0.34300002 40140.97711471  4349.67648615
0.34400002 39461.16474120  2858.96152090
0.34500002 38792.35426741  2818.65259456
0.34600002 38136.85311359  2382.02795829
0.34700002 37491.66660250  1957.06508934
0.34800002 36860.08043865  2315.55036282
0.34900002 36239.42892353  2473.34114117
0.35000002 35630.72925799  2438.74537957
0.35100002 35034.14357785  3144.66487649
0.35200002 34447.81990774  2188.81458061
0.35300002 33873.34366740  2338.27702411
0.35400002 33310.44751618  2128.53769710
0.35500002 32758.81212806  1749.32065049
0.35600002 32217.17749166  1897.75293003
0.35700002 31686.79208088  2212.05505994
0.35800002 31167.98007528  2181.91454852
0.35900002 30659.52956048  1986.73760962
0.36000002 30161.92066381  1959.92169757
0.36100002 29673.83478634  2094.67609678
0.36200002 29197.38241551  2066.73681218
0.36300002 28729.88151443  1568.65160499
0.36400002 28272.71590966  1702.72439631
0.36500002 27825.23537494  1833.12659333
0.36600002 27388.09900851  2261.57238275
0.36700002 26960.06211091  2529.93234833
0.36800002 26543.05801715  1616.07416393
0.36900002 26134.47694976  2320.74166307
0.37000002 25734.92340626  1575.36341094
0.37100002 25344.52528257  1414.22457776
0.37200002 24964.15560929  2234.79131601
0.37300002 24591.92553467  2207.37134056
0.37400002 24228.72075805  1499.15216792
0.37500002 23874.62026164  1885.14010516
0.37600002 23529.25374792  1463.63729872
0.37700002 23191.84265986  1840.96855755
0.37800002 22862.81428423  1559.70126436
0.37900002 22542.64110662  1670.40978513
0.38000002 22230.34615131  1397.51077701
0.38100002 21925.15294406  1633.20472017
0.38200002 21628.91851261  1366.83957016
0.38300002 21339.56270432  1229.15887000
0.38400002 21058.93401697  1580.99954622
0.38500002 20784.33697637  1203.41316794
0.38600002 20518.65898770  1310.21903173
0.38700002 20259.21376808  1414.90355659
0.38800002 20007.24612759  1517.64972691
0.38900002 19761.76993256  1502.88267457
0.39000002 19524.39565462  1374.12703127
0.39100002 19292.56319750  1361.28332371
0.39200002 19068.11089873  1348.87822888
0.39300002 18849.74683454  1448.22611791
0.39400002 18639.31801439  1546.13150254
0.39500002 18433.87880764  1204.46969836
0.39600002 18234.68613374  1737.40097714
0.39700002 18041.68043327  1077.08837290
0.39800002 17854.84790247  1709.78031615
0.39900002 17673.59646897  1166.45742222
0.40000002 17498.11528299  1263.01402097
0.40100002 17328.45329347  1149.39636141
0.40200002 17164.67142804  1245.12532438
0.40300002 17005.57068312  1648.86021156
0.40400002 16852.33450176  1023.77936949
0.40500002 16704.32331120  1220.75200542
0.40600002 16561.27633095  1213.27916149
0.40700002 16423.25880037  1407.14488069
0.40800002 16290.31020760  1299.23375217
0.40900002 16161.89784293  1192.74811732
0.41000002 16038.65298276  1087.66130356
0.41100002 15919.58450465  1377.36251660
0.41200002 15804.91501504  1077.02598473
0.41300002 15695.25214544  1267.07776574
0.41400002 15589.40005601  1455.66029920
0.41500002 15488.04662791  1256.39040199
0.41600002 15390.08627773  1058.91493651
0.41700002 15296.66715141  1150.92129101
0.41800002 15208.02255044  1242.57154136
0.41900002 15121.28781220  1047.90529504
0.42000002 15039.65625674  1234.68063890
0.42100002 14961.74786406  947.07868467
0.42200002 14887.47006213  1039.07102222
0.42300002 14816.02758613  1413.44909869
0.42400002 14748.05215087  1034.20720609
0.42500002 14683.65288772  1032.11401039
0.42600002 14621.69894976  936.51986211
0.42700002 14564.03037674  1028.51187394
0.42800002 14508.59812230  1026.99116675
0.42900002 14457.27206080  1118.99291053
0.43000002 14408.17586352  1397.23292058
0.43100002 14360.98826664  1023.65129215
0.43200002 14317.74690229  1115.92524645
0.43300002 14276.79704309  1115.30343786
0.43400002 14238.60018776  1021.97557691
0.43500002 14202.61167995  1021.73593267
0.43600002 14169.49645460  1300.33475126
0.43700002 14138.21418859  1579.09721756
0.43800002 14109.05276698  929.08116873
0.43900002 14083.00721702  929.47852037
0.44000002 14058.48471659  1022.96568888
0.44100002 14036.47698403  1209.80400859
0.44200002 14016.33428636  1117.66254896
0.44300002 13998.12785426  1211.95796706
0.44400002 13982.30877861  1306.64681728
0.44500002 13967.03605503  1121.27370764
0.44600002 13953.88928574  1029.16915304
0.44700002 13943.68961558  1030.71758523
0.44800002 13933.40417542  1219.93926039
0.44900002 13926.44374295  1222.04549636
0.45000002 13920.46683795  941.71962622
0.45100002 13915.57467742  1132.17120941
0.45200002 13912.43865837  1134.42030197
0.45300002 13910.24573040  1042.01655705
0.45400002 13909.89488435  1044.28540793
0.45500002 13910.73684151  1046.64388956
0.45600002 13912.67882802  1239.82843252
0.45700002 13915.88030060  1051.62312416
0.45800002 13919.77663992  958.37666708
0.45900002 13924.86787465  1152.97911467
0.46000002 13931.81600130  1156.06214658
0.46100002 13938.44045893  1255.71416046
0.46200002 13947.11413684  1452.94068407
0.46300002 13956.48057378  1068.50820337
0.46400002 13966.06226811  1168.95946724
0.46500002 13976.98423342  1074.69036864
0.46600002 13988.50685570  1273.86343719
0.46700002 14000.22986462  1081.09780139
0.46800002 14013.83353427  1183.04788303
0.46900002 14026.95793263  1285.57075546
0.47000002 14041.05243151  1091.20044143
0.47100002 14055.72151660  1194.17415665
0.47200002 14071.17265614  1497.52462091
0.47300002 14087.14618800  1302.07498387
0.47400002 14102.81259396  1406.75562292
0.47500002 14119.37653345  1108.93588550
0.47600002 14136.99733965  1213.80264911
0.47700002 14153.87734698  1014.83305388
0.47800002 14171.35693326  1323.67565709
0.47900002 14189.59380675  1328.14604326
0.48000002 14207.63567219  1435.11334727
0.48100002 14227.13863033  1748.65769194
0.48200002 14244.76219691  1341.64299111
0.48300002 14263.05763648  1035.49803349
0.48400002 14281.86145375  1974.11039302
0.48500002 14301.31481567  1459.59225927
0.48600002 14320.61513502  1150.73308372
0.48700002 14339.88014612  1469.55098703
0.48800002 14358.52838973  1263.83772877
0.48900002 14377.96955028  1479.49313685
0.49000002 14396.84662089  1272.39336467
0.49100002 14416.66320302  1383.13473326
0.49200002 14435.55805436  1601.26435308
0.49300002 14454.37541106  1606.60390309
0.49400002 14473.50276415  1397.05492053
0.49500002 14491.89005809  1940.75400857
0.49600002 14511.08626017  1406.34199157
0.49700002 14529.46000046  1302.42085618
0.49800002 14547.86718173  1415.58028322
0.49900002 14565.76022904  1420.16168965
0.50000002 14583.89292314  1315.17552615
