# SAXS profile: number of points = 501, q_min = 0, q_max = 0.5, delta_q = 0.001
#    q    intensity    error
0.00000000 1664650.74656090 299.63713438
0.00100000 1664563.87446638 798.99067872
0.00200000 1664303.23669300 1198.29836836
0.00300000 1663869.03569158 1098.15360268
0.00400000 1663261.16088776 1621.67969349
0.00500000 1662480.26352095 1645.85552603
0.00600000 1661526.19055599 1919.06282822
0.00700000 1660399.67407159 2789.47156837
0.00800000 1659100.54063206 2687.74298930
0.00900000 1657630.15776532 3232.37894582
0.01000000 1655987.93598104 2732.38021235
0.01100000 1654175.47438540 3275.26758189
0.01200000 1652192.66091663 3866.13099605
0.01300000 1650040.85295583 4851.12032165
0.01400000 1647720.22512534 5561.05600632
0.01500000 1645232.34520110 4738.26936517
0.01600000 1642576.79332756 8795.99912148
0.01700000 1639755.94350477 8411.94836753
0.01800000 1636770.20194131 5597.75434252
0.01900000 1633620.51596516 5390.94794594
0.02000000 1630307.81813741 7189.65780321
0.02100000 1626834.61340578 8052.83170146
0.02200000 1623199.76649538 10080.07100790
0.02300000 1619406.32701139 6412.84934687
0.02400000 1615454.86171257 8481.13841071
0.02500000 1611347.81119298 6912.68242572
0.02600000 1607085.58175277 7810.43628455
0.02700000 1602670.05842658 7404.33600906
0.02800000 1598101.74167621 9732.44005313
0.02900000 1593384.13201498 10755.34338492
0.03000000 1588517.68371168 10341.25059630
0.03100000 1583504.09822260 9120.98402545
0.03200000 1578344.65365095 10937.92895358
0.03300000 1573043.50533489 8022.52224705
0.03400000 1567599.11700099 9052.88531838
0.03500000 1562015.70410052 10965.35074914
0.03600000 1556293.56360326 12092.40154803
0.03700000 1550436.28912326 9721.23598239
0.03800000 1544444.91978406 11745.50415853
0.03900000 1538322.30338933 11998.91452211
0.04000000 1532068.36884042 13191.10926698
0.04100000 1525687.36624059 11534.19702358
0.04200000 1519180.85672337 9798.71698046
0.04300000 1512550.38272649 15972.53278300
0.04400000 1505799.31143298 12196.97498906
0.04500000 1498929.49821021 11376.87542004
0.04600000 1491941.56700903 11570.00739001
0.04700000 1484840.10381910 10690.84924471
0.04800000 1477626.26044503 10860.55351959
0.04900000 1470302.91864115 13232.72688372
0.05000000 1462871.73822993 11190.96931858
0.05100000 1455336.80478539 13621.95312736
0.05200000 1447696.98859672 12660.11075526
0.05300000 1439958.44607099 13996.39674829
0.05400000 1432121.46021971 16541.00363691
0.05500000 1424189.96769683 14355.83554407
0.05600000 1416164.85676174 18162.31513550
0.05700000 1408051.10722307 13475.04972512
0.05800000 1399847.95068796 13627.52043625
0.05900000 1391559.55029166 12524.03653757
0.06000000 1383189.50422266 15187.42146590
0.06100000 1374739.13039875 16620.59686322
0.06200000 1366211.49819342 12910.69926142
0.06300000 1357609.83040016 15639.66597745
0.06400000 1348933.28388956 15782.52015960
0.06500000 1340188.77752667 18575.01732542
0.06600000 1331377.14442616 17394.44320579
0.06700000 1322499.82619902 20234.24828779
0.06800000 1313560.93394597 20393.03445409
0.06900000 1304564.15270568 15067.71666920
0.07000000 1295509.00587192 17936.32302623
0.07100000 1286399.98917995 22228.99285419
0.07200000 1277239.22222208 19580.07819393
0.07300000 1268029.93689655 15482.64625496
0.07400000 1258774.94836873 15577.34071608
0.07500000 1249475.15080294 19941.62434153
0.07600000 1240133.67730513 20052.96250212
0.07700000 1230754.40899691 14399.82726045
0.07800000 1221338.54920001 18814.72123277
0.07900000 1211887.84217144 21813.98218224
0.08000000 1202408.24189067 17531.11298917
0.08100000 1192899.59569739 17607.19885859
0.08200000 1183363.88750085 14732.88109073
0.08300000 1173804.34629157 19226.91609461
0.08400000 1164224.21306060 16328.24535460
0.08500000 1154625.12714969 17873.59780736
0.08600000 1145009.93858260 20919.33256010
0.08700000 1135380.42194977 20981.83118289
0.08800000 1125738.71008408 18034.33498251
0.08900000 1116088.42932243 16573.91395391
0.09000000 1106431.23794488 19633.62323963
0.09100000 1096769.02993659 19676.03732147
0.09200000 1087104.03311353 16681.61217194
0.09300000 1077440.24440583 19749.48060803
0.09400000 1067776.77244842 19780.56563924
0.09500000 1058117.51605951 18284.27153692
0.09600000 1048464.26834103 24408.24931436
0.09700000 1038821.73538676 15270.68022810
0.09800000 1029188.93858825 18340.14774795
0.09900000 1019569.60938567 18352.25383191
0.10000000 1009963.37089193 19891.22952515
0.10100000 1000374.29242344 15305.72739393
0.10200000 990803.80782399 19900.29541618
0.10300000 981253.92556089 15307.56195883
0.10400000 971726.98475777 21426.58102192
0.10500000 962226.04205164 22949.09218267
0.10600001 952747.53068953 24466.55773935
0.10700001 943300.02564437 16809.60724800
0.10800001 933880.40264512 16795.83983201
0.10900001 924493.47323434 18304.97163158
0.11000001 915139.51063610 22855.61035394
0.11100001 905819.75076774 18261.32703510
0.11200001 896537.14761877 16715.93590429
0.11300001 887291.85775019 16689.96063006
0.11400001 878086.08570873 16661.68426083
0.11500001 868922.01240488 22678.86559167
0.11600001 859800.40617074 22634.24675833
0.11700001 850722.66244518 15057.79183443
0.11800001 841689.39165721 15024.15634869
0.11900001 832702.18981067 14988.64012258
0.12000001 823762.57405940 19436.67885049
0.12100001 814873.75746732 16403.40951055
0.12200001 806034.38822595 22307.00274506
0.12300001 797246.96466735 17794.55308976
0.12400001 788511.76471424 26612.27331301
0.12500001 779829.53080611 19160.41247475
0.12600001 771203.40691180 22037.13839097
0.12700001 762632.71536824 24892.33300270
0.12800001 754118.27610751 18969.84612952
0.12900001 745661.88206076 23264.65181681
0.13000001 737264.17171753 18833.41415423
0.13100001 728925.05521389 25978.89019241
0.13200001 720646.40419616 21565.34466217
0.13300001 712429.66718031 14319.83698540
0.13400001 704273.79794377 14261.54508073
0.13500001 696181.00519125 15622.30249306
0.13600001 688150.75886203 24040.54789437
0.13700001 680184.87586955 21119.74139161
0.13800001 672282.20447957 16820.50154926
0.13900001 664445.37293991 22325.36558360
0.14000001 656673.74141798 19444.11040038
0.14100001 648967.87367234 22116.82617785
0.14200001 641328.00415094 13756.48633787
0.14300001 633756.15384980 13689.13356884
0.14400001 626248.95201329 19069.28148830
0.14500001 618810.86094288 20327.93774089
0.14600001 611440.01419114 14830.47824382
0.14700001 604139.00913089 16094.26396252
0.14800001 596903.14940933 16008.94322244
0.14900001 589737.15739097 15922.90400081
0.15000001 582639.23512112 13196.77929816
0.15100001 575610.59189768 20998.27538323
0.15200001 568650.79424207 18270.75088114
0.15300001 561761.11435150 12976.68235388
0.15400001 554937.82386781 12902.30501380
0.15500001 548185.44947855 17958.55617244
0.15600001 541499.57337912 14027.54711041
0.15700001 534886.09236387 15212.16118479
0.15800001 528337.73281372 12600.85552235
0.15900001 521860.70771587 15029.58909162
0.16000001 515449.79174393 16182.54697566
0.16100001 509110.63857021 17319.94474173
0.16200001 502838.15118020 19671.02940276
0.16300001 496633.81535245 15882.35016474
0.16400001 490497.53681395 20637.68483574
0.16500001 484428.45702218 13268.49606426
0.16600001 478427.91604445 17976.92979412
0.16700001 472492.74612523 15478.86309389
0.16800001 466624.15853866 14194.70757297
0.16900001 460824.29616637 18801.63217136
0.17000001 455088.88192881 18676.84859627
0.17100001 449419.24800270 12754.51886060
0.17200001 443815.65411361 17275.52515217
0.17300001 438276.75197104 18302.43802663
0.17400001 432802.58825082 15905.49586937
0.17500001 427392.44782193 15796.42561753
0.17600001 422044.70466449 14566.87366948
0.17700001 416762.04759009 16691.32079432
0.17800001 411540.35242464 13259.83078141
0.17900001 406381.98781364 13166.77702708
0.18000001 401285.03083769 10894.88910186
0.18100001 396250.97439019 12981.18253421
0.18200001 391274.88892306 11814.54582913
0.18300001 386360.03157123 14928.95232515
0.18400001 381504.56059919 15880.12808513
0.18500001 376709.62278293 16816.31835547
0.18600001 371971.39894863 14607.31752681
0.18700001 367291.09240817 11393.37022478
0.18800001 362667.83626293 10281.63364382
0.18900001 358103.45064626 18370.70788612
0.19000001 353591.18852254 14182.54324175
0.19100001 349138.93412740 14077.28248917
0.19200001 344738.19396595 14970.25678034
0.19300001 340394.35622035 13867.66672770
0.19400001 336101.90533091 11797.17743458
0.19500001 331863.90133297 16586.55857242
0.19600001 327677.70244993 11619.45187797
0.19700001 323543.03756907 11531.07440389
0.19800001 319460.07623421 12396.64884412
0.19900001 315427.96267553 10409.12326023
0.20000001 311444.48269540 11268.06191646
0.20100001 307511.67966444 17703.44823499
0.20200001 303625.95604069 12019.03403793
0.20300001 299789.73165372 12842.99271106
0.20400001 296000.42518631 10012.21485516
0.20500001 292257.36927295 10836.90376487
0.20600001 288560.62642286 9855.78866134
0.20700001 284909.73938785 15111.61329144
0.20800001 281302.55138605 13228.25310423
0.20900001 277742.07053740 8748.87563550
0.21000001 274223.08556875 9547.07717539
0.21100001 270747.71735551 9470.75560081
0.21200001 267314.58719208 10248.84175745
0.21300001 263922.30101749 14402.24064740
0.21400001 260572.31172418 11764.84043055
0.21500001 257263.75062186 12503.01887133
0.21600001 253993.93951011 9094.25343412
0.21700001 250764.13090151 10659.98370862
0.21800001 247572.91977219 10572.60203875
0.21900001 244419.28397393 8872.42042776
0.22000001 241303.13840061 11198.87918268
0.22100001 238225.59014421 8726.20377959
0.22200001 235184.63628103 8653.61910114
0.22300001 232178.26665782 9361.42815430
0.22400001 229207.28053650 13150.76834263
0.22500001 226273.22562682 9204.79525377
0.22600001 223371.42575380 10648.11636921
0.22700001 220505.85291580 9049.56063161
0.22800001 217672.28212758 8972.45189361
0.22900001 214870.82676400 10378.26142350
0.23000001 212103.07556367 9554.18349060
0.23100001 209367.66908567 10928.99284313
0.23200001 206662.14771206 8667.41088496
0.23300001 203988.22714662 12887.97680065
0.23400001 201345.55789202 8516.91750164
0.23500001 198731.07678297 9145.60458610
0.23600001 196147.83617023 7670.36149622
0.23700001 193593.14523686 7602.40317303
0.23800001 191067.31241515 10959.62155851
0.23900001 188569.59276274 8146.20679266
0.24000001 186099.49469572 9418.49587205
0.24100001 183658.05357666 13333.57532036
0.24200001 181243.23790628 7927.57960101
0.24300001 178855.27923216 9164.54494136
0.24400001 176493.15045289 9729.18537894
0.24500001 174157.15342297 7711.67911837
0.24600001 171847.01023215 7003.62523332
0.24700001 169562.38806317 8200.03747465
0.24800001 167302.54010711 6248.75016861
0.24900001 165066.46949650 6808.99218885
0.25000001 162855.71376519 8584.12507866
0.25100001 160667.65724251 6680.56150419
0.25200001 158505.26040107 10225.96735856
0.25300001 156365.62974562 7149.03693019
0.25400001 154248.71412160 5900.01359429
0.25500001 152154.26328199 5842.72398646
0.25600001 150082.84069145 5785.69378239
0.25700001 148033.09029856 7447.54512529
0.25800001 146005.84227250 8508.49086100
0.25900001 144000.34724959 6739.21657015
0.26000001 142016.38125810 7227.92406612
0.26100001 140052.79027801 7155.29739386
0.26200001 138111.43513659 7083.04528613
0.26300001 136189.80292724 6471.73974133
0.26400001 134289.12909551 5337.99313413
0.26500001 132409.31263526 7924.69773621
0.26600001 130548.47658547 5228.46673466
0.26700001 128708.79497912 5174.09380300
0.26800001 126889.02517665 7167.96137142
0.26900001 125087.54165585 5572.65024447
0.27000001 123306.50537794 6516.13258505
0.27100001 121544.02588762 5454.89613998
0.27200001 119802.15057469 5887.07795784
0.27300001 118078.04370606 6308.91017378
0.27400001 116370.92972001 7200.45161719
0.27500001 114685.16881680 5222.76283509
0.27600001 113015.34619837 6104.52421381
0.27700001 111365.80690225 4643.95436761
0.27800001 109733.13478819 5510.79828987
0.27900001 108119.53393657 4541.02064025
0.28000001 106522.47807374 5387.90719597
0.28100001 104943.88391406 4883.03914963
0.28200001 103383.29462005 7460.65580937
0.28300001 101839.74696469 4772.21076863
0.28400001 100313.33024233 6432.59260625
0.28500001 98804.61772528  5510.33379135
0.28600001 97312.86451496  6283.97852349
0.28700001 95837.94828817  4968.23947442
0.28800001 94379.36516022  5727.88394269
0.28900001 92939.43142543  4851.43855004
0.29000001 91514.58267256  4793.53406729
0.29100001 90107.27981702  5130.70875564
0.29200001 88716.30917095  5848.62295894
0.29300001 87341.85352778  3851.77592290
0.29400001 85982.93228927  4185.21942729
0.29500001 84641.56497055  4885.51136137
0.29600001 83315.48577507  4082.87557368
0.29700001 82005.61418459  5865.04180412
0.29800001 80711.65647314  4705.89335344
0.29900001 79434.28603807  3931.99734502
0.30000001 78171.86755204  3529.45998706
0.30100001 76926.24063052  4181.71063864
0.30200001 75694.74459115  4128.39156544
0.30300001 74480.21232262  3735.92762697
0.30400001 73281.05481630  4358.39094153
0.30500001 72097.15903664  3640.18573209
0.30600001 70927.56465802  3592.83595785
0.30700001 69774.65320728  4513.02478311
0.30800001 68636.35391988  3499.42467028
0.30900001 67513.16995280  3767.23506172
0.31000001 66405.53847323  4336.94592302
0.31100001 65311.75256207  3056.59016462
0.31200001 64233.75130988  4222.08467350
0.31300001 63169.99902093  4165.42993266
0.31400001 62122.12055559  3522.32440227
0.31500001 61087.70084400  3474.66858852
0.31600002 60068.42494917  3141.87911573
0.31700002 59063.53849598  3099.06401162
0.31800002 58073.15367013  4446.08085550
0.31900002 57097.23113596  3014.73394672
0.32000002 56135.78077463  4324.70075565
0.32100002 55187.71592851  2665.56680556
0.32200002 54255.20151197  3154.39756527
0.32300002 53334.76249714  3110.48349612
0.32400002 52429.33524926  3322.70927876
0.32500002 51537.53739927  2772.20426798
0.32600002 50659.79008009  2484.86282109
0.32700002 49795.23060166  3429.89564626
0.32800002 48945.09948477  3140.07300614
0.32900002 48107.67113065  3810.12773397
0.33000002 47284.68785599  3051.99032219
0.33100002 46472.60405151  3240.07010790
0.33200002 45676.71062893  2737.86216475
0.33300002 44892.61680794  4048.41637545
0.33400002 44122.00007642  3325.69591325
0.33500002 43363.41406888  3496.82587611
0.33600002 42618.70303587  2154.37554049
0.33700002 41885.85397918  3610.14192543
0.33800002 41166.64572235  2721.32124435
0.33900002 40458.92105230  2476.08608566
0.34000002 39764.37749282  2033.94800508
0.34100002 39081.79786509  2606.36522306
0.34200002 38412.22761976  2371.57104556
0.34300002 37753.69907213  2142.90006082
0.34400002 37108.57513892  2304.44262526
0.34500002 36474.38789361  2650.22914987
0.34600002 35853.14061241  2239.38726871
0.34700002 35241.95645986  2391.51927863
0.34800002 34644.02709492  1994.97639475
0.34900002 34056.74010654  2145.57472833
0.35000002 33481.10237795  1762.78012369
0.35100002 32917.36272571  2607.05525135
0.35200002 32363.44547449  1713.64451904
0.35300002 31821.20225813  1858.67651193
0.35400002 31290.25086779  2166.06771892
0.35500002 30770.10639555  1971.74851122
0.35600002 30259.84309966  3078.78788200
0.35700002 29760.68390233  1757.96368138
0.35800002 29272.51258261  1576.32487724
0.35900002 28794.47981484  2021.37257874
0.36000002 28327.05133058  2147.47386309
0.36100002 27868.86910196  1513.27966391
0.36200002 27422.02561540  1791.75523858
0.36300002 26983.88354597  1767.98413368
0.36400002 26555.71532185  2180.88822411
0.36500002 26137.12060446  1578.42078807
0.36600002 25728.39859481  1699.61809168
0.36700002 25328.63655649  1537.95488456
0.36800002 24939.49281123  1656.48119099
0.36900002 24558.54122550  1908.19874361
0.37000002 24186.35464491  1345.97069975
0.37100002 23823.13878656  1462.26432799
0.37200002 23469.42225661  1444.42566121
0.37300002 23123.80707339  1686.41932975
0.37400002 22786.89776132  1281.76305979
0.37500002 22458.78086928  1520.01036124
0.37600002 22139.10221548  1377.16291855
0.37700002 21827.08845378  1608.87476614
0.37800002 21523.19857771  1713.03145595
0.37900002 21227.83595612  1330.98537750
0.38000002 20940.23135656  1316.40770659
0.38100002 20659.33258669  1538.91375729
0.38200002 20387.06500973  1405.48432835
0.38300002 20121.63156484  1159.00603304
0.38400002 19864.41902473  1376.60430363
0.38500002 19613.26448758  1362.72968116
0.38600002 19370.42167909  2024.01545714
0.38700002 19133.76044674  1113.58491076
0.38800002 18904.24024693  1764.89995307
0.38900002 18680.92859446  2076.38531164
0.39000002 18465.45123340  1191.29864276
0.39100002 18255.33818971  1395.43811733
0.39200002 18052.30542841  1064.18345542
0.39300002 17855.06600150  1055.23445068
0.39400002 17665.45070731  1151.34580440
0.39500002 17480.60065461  1246.01727369
0.39600002 17301.94235877  1339.42993116
0.39700002 17129.03592585  1329.38454119
0.39800002 16961.98062597  1116.69204742
0.39900002 16800.44373451  1108.82933901
0.40000002 16644.23415934  1201.38087854
0.40100002 16493.82063279  994.57743128
0.40200002 16348.68195534  1087.10565813
0.40300002 16208.21931733  1080.43995088
0.40400002 16073.33206535  1171.74596308
0.40500002 15943.33022862  1262.23351400
0.40600002 15818.29565895  1158.84839488
0.40700002 15697.83214681  1537.13179665
0.40800002 15582.16612063  1147.15912415
0.40900002 15470.88414280  951.45941986
0.41000002 15364.53873822  1136.66862971
0.41100002 15262.11721974  1131.83866664
0.41200002 15163.78045559  1315.15474123
0.41300002 15070.39227371  1029.45854500
0.41400002 14980.33789591  1305.53650949
0.41500002 14894.65133177  1022.36891586
0.41600002 14812.29600838  1204.46190699
0.41700002 14734.04663775  1108.58972155
0.41800002 14660.46606700  921.41033597
0.41900002 14588.51882579  1194.79974845
0.42000002 14521.35500755  917.02361218
0.42100002 14457.77976282  1555.80175400
0.42200002 14397.56551923  1004.87813303
0.42300002 14340.04032038  1185.63458987
0.42400002 14285.63420942  1092.85106881
0.42500002 14234.80851208  1364.40646054
0.42600002 14186.06147171  1181.20246441
0.42700002 14141.50001300  998.67277824
0.42800002 14098.83417606  1270.16403111
0.42900002 14060.05144907  1088.24803373
0.43000002 14023.36140848  997.27139382
0.43100002 13988.42405007  906.44992140
0.43200002 13957.14186197  1087.81968827
0.43300002 13928.00755353  1178.72733511
0.43400002 13901.28387170  907.05881561
0.43500002 13876.74523665  1089.04701778
0.43600002 13854.83776796  1453.09545396
0.43700002 13834.45959198  999.81644209
0.43800002 13816.24543415  1546.65966842
0.43900002 13800.74525499  1184.10399899
0.44000002 13786.69085700  1003.18860775
0.44100002 13774.89357461  1552.56832837
0.44200002 13764.77773970  1097.60342898
0.44300002 13756.54351894  1465.89734685
0.44400002 13750.43944665  1009.62606422
0.44500002 13744.64831778  1195.37212085
0.44600002 13740.94433302  1013.46339731
0.44700002 13739.88432944  923.32027070
0.44800002 13738.71711483  925.30264154
0.44900002 13740.63752096  1020.24238428
0.45000002 13743.30236726  1394.60167381
0.45100002 13747.01848880  1491.27663634
0.45200002 13752.19585818  934.46175285
0.45300002 13758.29264243  1311.71568269
0.45400002 13766.02206331  1127.43726042
0.45500002 13774.78361014  1319.07334102
0.45600002 13784.49693288  1417.39096430
0.45700002 13795.34369078  1042.51417212
0.45800002 13806.69894332  1235.76864749
0.45900002 13819.20989430  1334.93573906
0.46000002 13833.28357756  1434.85740709
0.46100002 13847.03779140  1055.55974087
0.46200002 13862.60564794  1251.58541024
0.46300002 13878.87411560  1255.76058950
0.46400002 13895.05758978  1453.77046923
0.46500002 13912.56420197  1750.47891086
0.46600002 13930.47293540  1268.57857799
0.46700002 13948.68609406  1958.39562043
0.46800002 13968.43039841  982.67912510
0.46900002 13987.62595989  1084.74044460
0.47000002 14007.72115974  1088.61010153
0.47100002 14028.29116463  1092.52336768
0.47200002 14049.45746501  1196.17086527
0.47300002 14071.10897220  1500.68384301
0.47400002 14092.39427197  1506.12470920
0.47500002 14114.41459349  1410.87694964
0.47600002 14137.30883926  1112.67694493
0.47700002 14159.45743488  1827.41966316
0.47800002 14182.11321007  1426.57883542
0.47900002 14205.57512068  1125.08160288
0.48000002 14228.54177540  1437.22507286
0.48100002 14252.83472327  1030.47999934
0.48200002 14275.30346234  1447.94409882
0.48300002 14298.38003407  1038.06243968
0.48400002 14321.95111608  1875.45958755
0.48500002 14345.94506956  1359.56527869
0.48600002 14369.73313461  1154.67996076
0.48700002 14393.50231344  1158.96486121
0.48800002 14416.50697188  1480.43117112
0.48900002 14440.23580286  1379.76459637
0.49000002 14463.43345346  1384.80150164
0.49100002 14487.42808624  1603.75836517
0.49200002 14510.46847617  1073.04919468
0.49300002 14533.46280655  1184.62260951
0.49400002 14556.52374170  1188.90413296
0.49500002 14578.98141303  1193.14389540
0.49600002 14602.06314250  1088.58385887
0.49700002 14624.29731315  1201.67856718
0.49800002 14646.52603637  1425.18028353
0.49900002 14668.20612971  1320.13861425
0.50000002 14690.07282457  1324.75083012
