# SAXS profile: number of points = 501, q_min = 0, q_max = 0.5, delta_q = 0.001
#    q    intensity    error
0.00000000 1719190.39626458 464.18140699
0.00100000 1719101.73260127 618.87663843
0.00200000 1718835.71300993 1005.51892395
0.00300000 1718392.54629946 1237.24267741
0.00400000 1717772.12786982 1417.16205934
0.00500000 1716975.10685176 2163.38872026
0.00600000 1716001.33063116 1981.98161757
0.00700000 1714851.56257512 2469.38635274
0.00800000 1713525.55458597 2544.58555599
0.00900000 1712024.77518989 3852.05590884
0.01000000 1710348.59200395 2822.07529866
0.01100000 1708498.66127650 3382.82749661
0.01200000 1706474.78885481 3660.38858258
0.01300000 1704278.42095246 5726.37574696
0.01400000 1701909.69432442 4595.15637838
0.01500000 1699370.19036377 6117.73295773
0.01600000 1696659.57515436 6489.72316508
0.01700000 1693780.17588111 8231.77202405
0.01800000 1690732.36654947 5300.44620764
0.01900000 1687517.18749425 6075.06214910
0.02000000 1684135.46769748 6366.03235587
0.02100000 1680589.96301651 7764.32598116
0.02200000 1676879.26967146 8099.32724048
0.02300000 1673006.66718990 6022.82427603
0.02400000 1668972.69974546 8136.24228225
0.02500000 1664779.64898897 10388.22548413
0.02600000 1660428.21025179 8742.15492683
0.02700000 1655920.01843192 6954.86439595
0.02800000 1651255.86669253 12929.33402914
0.02900000 1646439.12910451 9631.66934749
0.03000000 1641470.23348841 10685.97171119
0.03100000 1636351.08999996 9425.38271209
0.03200000 1631082.65525733 10496.01737001
0.03300000 1625669.44173641 9120.00598858
0.03400000 1620109.90695977 8505.57740399
0.03500000 1614407.99769961 11333.14466719
0.03600000 1608564.48083353 13391.29992180
0.03700000 1602582.54343325 11875.13719604
0.03800000 1596463.66856671 13075.03805067
0.03900000 1590210.33504976 10495.38869737
0.04000000 1583822.80210716 11688.61282119
0.04100000 1577305.03984158 13911.83109645
0.04200000 1570659.06919909 11143.82661296
0.04300000 1563886.17564217 13418.14400985
0.04400000 1556989.54254428 11560.64789029
0.04500000 1549971.43725067 10694.80341396
0.04600000 1542832.61325869 14140.06155784
0.04700000 1535577.20101612 14373.00326997
0.04800000 1528206.65427570 12355.55137470
0.04900000 1520724.08806242 12545.97431050
0.05000000 1513130.76509097 12732.99598117
0.05100000 1505431.13707890 21136.25414920
0.05200000 1497624.09212416 14287.33450467
0.05300000 1489715.57878152 13273.36642572
0.05400000 1481706.10187714 22003.33663898
0.05500000 1473599.75018199 22280.82926214
0.05600000 1465396.98770902 17540.80276140
0.05700000 1457103.49999496 16479.84135420
0.05800000 1448717.94377668 16667.50072140
0.05900000 1440244.84810309 16850.86550984
0.06000000 1431687.66254494 15719.93126916
0.06100000 1423048.10261913 18528.08716194
0.06200000 1414328.90129263 20048.11311294
0.06300000 1405533.27694789 17541.05611645
0.06400000 1396661.03205298 20426.16854904
0.06500000 1387718.07531269 13738.40958825
0.06600000 1378706.29956106 15241.59885478
0.06700000 1369626.76652602 16764.23240683
0.06800000 1360483.58807701 16897.20695486
0.06900000 1351280.73423086 17026.13804845
0.07000000 1342017.21040768 17150.98075216
0.07100000 1332697.91305282 14393.13813511
0.07200000 1323325.33492666 14490.41309628
0.07300000 1313902.20169753 14584.31512220
0.07400000 1304431.76354028 16142.34383031
0.07500000 1294914.43437928 20666.83534140
0.07600000 1285354.09872946 22268.76080446
0.07700000 1275754.18049652 20896.85445636
0.07800000 1266116.18266090 18004.17296177
0.07900000 1256441.80528270 19600.49308175
0.08000000 1246736.56358463 16662.63495397
0.08100000 1237001.36791731 18258.14104710
0.08200000 1227237.25980648 16807.01506172
0.08300000 1217448.17405157 16873.83248428
0.08400000 1207636.90435546 15397.37125326
0.08500000 1197805.73313016 16996.86415104
0.08600000 1187956.87422249 24804.54069838
0.08700000 1178092.73906510 17105.90737448
0.08800000 1168214.96934395 20274.37174513
0.08900000 1158327.46477374 21892.39011250
0.09000000 1148432.08937754 17243.70863204
0.09100000 1138530.86681334 17282.89937020
0.09200000 1128625.41702924 20467.62289953
0.09300000 1118720.67185036 18928.75465721
0.09400000 1108814.58496512 17380.66943618
0.09500000 1098912.36891591 18989.20662741
0.09600000 1089015.30190732 19014.20806512
0.09700000 1079128.16899053 17449.50331293
0.09800000 1069249.62678658 23817.53655652
0.09900000 1059384.38110596 17479.84311019
0.10000000 1049531.21455220 22260.55810750
0.10100000 1039694.55661076 15907.32746429
0.10200000 1029876.31208316 19093.90772413
0.10300000 1020077.71633848 15913.21312345
0.10400000 1010301.15428261 17503.46832140
0.10500000 1000550.59308884 27044.88380364
0.10600001 990822.38814234 23854.05011694
0.10700001 981124.58231637 20662.48467591
0.10800001 971454.01956786 15883.27396743
0.10900001 961815.86704712 17456.95880853
0.11000001 952210.58948322 22196.02988561
0.11100001 942639.30719488 15836.34110634
0.11200001 933104.99957658 15816.13048740
0.11300001 923607.34530142 20531.79225270
0.11400001 914149.78991170 17345.99308030
0.11500001 904733.50699973 15742.36376307
0.11600001 895359.53934111 17284.91672095
0.11700001 886029.81694906 20387.54704815
0.11800001 876744.24783530 18779.86267313
0.11900001 867505.08174739 23422.63831042
0.12000001 858313.60688822 20251.91050849
0.12100001 849172.53753234 17093.84398579
0.12200001 840081.38194516 17049.45244980
0.12300001 831042.66473160 21640.35200918
0.12400001 822055.89150226 23120.32303787
0.12500001 813122.74049171 21515.22872722
0.12600001 804246.16577892 22981.33527009
0.12700001 795425.00037806 16799.37679968
0.12800001 786660.46332177 19788.44488747
0.12900001 777954.85588039 16687.13244513
0.13000001 769308.01484823 18140.28384516
0.13100001 760720.26955099 16568.48825182
0.13200001 752193.14113734 21008.75542233
0.13300001 743728.81144605 22423.42472221
0.13400001 735325.57184948 16379.37788516
0.13500001 726986.84572493 16313.58558722
0.13600001 718710.33771668 16246.44795012
0.13700001 710499.47339168 16178.07377198
0.13800001 702351.74983819 14644.03467468
0.13900001 694271.56540132 23327.52569757
0.14000001 686256.81772502 17417.19885527
0.14100001 678308.61441634 14447.97416848
0.14200001 670427.21050151 20132.93008094
0.14300001 662614.63317469 15743.72442682
0.14400001 654867.14529248 14243.36108197
0.14500001 647190.19737643 15590.81259025
0.14600001 639581.06764409 18333.59216889
0.14700001 632042.90360631 18240.75905861
0.14800001 624570.68159253 16750.98647060
0.14900001 617169.40282493 15274.94344060
0.15000001 609837.05324882 15194.09089860
0.15100001 602574.76889351 19234.18753065
0.15200001 595382.80127607 13664.03593405
0.15300001 588261.89775398 17665.50562317
0.15400001 581208.29383043 21620.94955081
0.15500001 574226.54643650 14780.59200282
0.15600001 567312.34623018 16032.24766111
0.15700001 560472.08350656 17268.14570784
0.15800001 553697.93012696 17167.40513387
0.15900001 546995.88536745 14440.69205531
0.16000001 540361.49388865 19574.59604008
0.16100001 533799.66516261 19456.99871363
0.16200001 527306.20966264 19338.95615229
0.16300001 520881.53849890 15376.42374238
0.16400001 514526.72245997 20375.25917132
0.16500001 508239.95701350 15186.21063252
0.16600001 502023.23239545 16348.38733481
0.16700001 495873.05143728 13745.60163484
0.16800001 489790.74892298 17382.67450002
0.16900001 483778.16471939 16037.24691770
0.17000001 477831.77056120 13482.02404300
0.17100001 471952.23869128 15829.27883318
0.17200001 466139.86885150 16934.86223509
0.17300001 460393.98801608 13217.91202015
0.17400001 454714.21437128 14323.49842914
0.17500001 449099.49622521 15413.09543837
0.17600001 443548.29732607 18841.93256030
0.17700001 438064.05400032 12865.94187366
0.17800001 432642.06829885 12778.08409074
0.17900001 427284.45171539 13844.01688948
0.18000001 421989.87343344 11457.02560489
0.18100001 416759.46297196 12515.28726423
0.18200001 411588.63176755 15817.35186601
0.18300001 406480.63661056 13462.63932051
0.18400001 401432.89898959 14481.69251517
0.18500001 396447.24748110 14379.14234544
0.18600001 391520.10681519 18669.63717550
0.18700001 386651.91796544 15265.01844247
0.18800001 381842.55820597 11907.76074025
0.18900001 377093.10422508 15046.01556947
0.19000001 372397.12460217 13869.93156115
0.19100001 367762.91283377 14828.20134609
0.19200001 363181.65749057 13668.34232551
0.19300001 358658.60368993 13568.05561872
0.19400001 354188.41349938 11396.01274285
0.19500001 349773.81628247 10283.35068465
0.19600001 345412.80903629 14289.72858511
0.19700001 341104.89387723 14183.14215768
0.19800001 336849.87783668 14076.95706005
0.19900001 332647.27009767 13971.18600438
0.20000001 328494.40839536 10894.51756932
0.20100001 324393.94503827 10812.05069913
0.20200001 320341.82787807 10729.85003191
0.20300001 316340.89367848 9680.03180408
0.20400001 312387.83377491 10566.51897687
0.20500001 308482.81998463 12391.75546450
0.20600001 304625.62790913 12296.21405177
0.20700001 300815.57296794 13139.62484834
0.20800001 297050.30070744 11175.03284086
0.20900001 293333.20061688 13859.99438433
0.21000001 289659.07638522 12834.79428136
0.21100001 286030.27125652 10005.33936154
0.21200001 282444.63747261 10828.92791263
0.21300001 278901.52178924 12533.83498175
0.21400001 275402.08701452 11546.23304395
0.21500001 271945.33161729 9692.13207706
0.21600001 268528.66218150 9614.66920398
0.21700001 265153.02601720 9537.55479677
0.21800001 261818.06149200 11180.94084466
0.21900001 258521.48490302 13649.93504827
0.22000001 255263.65817339 11846.78693597
0.22100001 252046.04782670 8393.13378949
0.22200001 248866.13723608 10821.94448942
0.22300001 245722.28815950 9907.52312707
0.22400001 242614.37450769 15557.64750097
0.22500001 239545.83260022 9744.72493098
0.22600001 236510.55944370 8858.50342287
0.22700001 233512.59931154 8784.74440152
0.22800001 230547.42255360 9503.16520706
0.22900001 227616.02175348 10208.57905842
0.23000001 224719.63397070 8565.18925386
0.23100001 221856.75657582 8492.67704336
0.23200001 219024.76981589 9951.39088722
0.23300001 216226.12976071 9866.39876761
0.23400001 213459.61690821 8276.89703707
0.23500001 210722.21188745 8951.47998435
0.23600001 208017.63331679 8134.52993559
0.23700001 205342.45721989 12462.23431811
0.23800001 202697.59273082 7993.37994742
0.23900001 200081.60266641 9363.81944769
0.24000001 197494.64816437 8567.31824261
0.24100001 194937.64231006 9906.73145080
0.24200001 192407.87114562 8415.92068200
0.24300001 189906.37628905 9035.74581125
0.24400001 187431.98941691 8954.56371798
0.24500001 184984.46386697 9556.29785542
0.24600001 182564.25736560 8793.20787198
0.24700001 180170.26278915 10723.73454851
0.24800001 177802.20721578 9961.36913050
0.24900001 175458.98259673 7237.68337451
0.25000001 173142.25581271 8474.44811166
0.25100001 170849.10901079 7103.90628875
0.25200001 168582.30607837 10236.31810936
0.25300001 166339.68391223 8238.80493395
0.25400001 164120.69356436 8160.90187359
0.25500001 161924.94811424 6839.71013195
0.25600001 159753.38782850 9237.74008824
0.25700001 157604.40256944 6709.21973482
0.25800001 155478.97737502 6040.35855681
0.25900001 153376.17129401 7776.17225253
0.26000001 151295.58286332 6515.54458429
0.26100001 149236.70135524 6451.50290485
0.26200001 147200.44404820 6968.46935097
0.26300001 145185.07981916 6324.26237617
0.26400001 143191.69907932 6830.24436928
0.26500001 141219.77192321 5634.66916636
0.26600001 139267.79507981 6135.44300257
0.26700001 137337.72593041 10489.85600295
0.26800001 135428.67362796 6011.00196342
0.26900001 133538.44203218 7030.79930570
0.27000001 131669.37464075 6958.06843216
0.27100001 129819.92834950 9004.31065643
0.27200001 127991.82032573 7861.89793556
0.27300001 126182.21929675 6741.91629608
0.27400001 124390.36831862 5644.21322957
0.27500001 122620.65615271 6091.79448596
0.27600001 120867.83028625 5524.26444467
0.27700001 119135.64665752 6955.13938103
0.27800001 117421.24225001 5405.48714281
0.27900001 115726.72409434 5832.62717040
0.28000001 114049.35873233 7210.77104713
0.28100001 112391.19901324 6180.39232625
0.28200001 110751.73208127 5171.55237430
0.28300001 109130.10200224 5578.73107840
0.28400001 107526.21259888 4596.74580617
0.28500001 105940.61700817 4544.85268476
0.28600001 104372.60497892 5391.88902842
0.28700001 102822.40453327 6662.89212913
0.28800001 101288.79159743 5269.04318830
0.28900001 99774.75731209  6510.30322277
0.29000001 98276.13235450  6005.65473246
0.29100001 96795.85320346  5087.59028519
0.29200001 95332.48637220  5027.83556926
0.29300001 93886.21311591  4554.42041384
0.29400001 92456.30688868  5318.54930553
0.29500001 91044.29062789  4446.60336476
0.29600001 89648.27330264  3993.83076469
0.29700001 88268.84004951  6312.98773919
0.29800001 86905.85265163  3897.72767594
0.29900001 85560.30261417  5390.29931986
0.30000001 84230.16331987  6845.38569706
0.30100001 82917.37530135  4507.38873476
0.30200001 81619.41451822  5193.44359166
0.30300001 80338.66189903  4762.47610284
0.30400001 79073.84243456  4341.15415518
0.30500001 77824.62332400  5358.22556953
0.30600001 76590.74733211  3527.00408162
0.30700001 75373.59461369  5223.39035402
0.30800001 74171.84268988  5156.79760716
0.30900001 72985.62121490  4072.59785661
0.31000001 71815.37939500  5360.30017182
0.31100001 70659.60838108  3637.55681168
0.31200001 69519.85343752  4243.14445545
0.31300001 68394.98393014  3543.54428519
0.31400001 67286.50420122  3815.14496884
0.31500001 66191.87974438  3137.49524844
0.31600002 65112.86115687  4953.78671136
0.31700002 64048.70060718  3055.12316362
0.31800002 62999.49418160  3918.88372112
0.31900002 61965.08534362  3271.75666106
0.32000002 60945.85629998  3814.90605573
0.32100002 59940.33386255  2895.11826264
0.32200002 58950.74415646  4284.24553443
0.32300002 57973.76283433  3662.78250931
0.32400002 57011.80821080  3335.19093826
0.32500002 56064.20698353  3838.15579184
0.32600002 55131.30105483  2974.60948927
0.32700002 54211.70383284  3734.10233683
0.32800002 53306.88466766  2630.69488292
0.32900002 52415.37546509  3372.92957090
0.33000002 51538.74815570  3838.34845066
0.33100002 50673.47790939  3785.30897908
0.33200002 49824.56513785  2737.61086114
0.33300002 48987.83309927  2945.14866540
0.33400002 48165.26152738  2662.33495700
0.33500002 47354.82696863  3102.68840992
0.33600002 46558.85173412  2824.26007994
0.33700002 45774.80229535  3249.09562079
0.33800002 45005.17177986  2288.51309338
0.33900002 44247.15824158  3610.56828350
0.34000002 43502.79814600  2447.68505360
0.34100002 42770.86252336  3071.80349190
0.34200002 42052.19793739  3678.09566678
0.34300002 41344.75274717  2346.72827707
0.34400002 40651.40739957  2734.82356233
0.34500002 39969.19102691  2281.84122379
0.34600002 39300.38310008  3068.37755586
0.34700002 38641.95218346  3025.66499926
0.34800002 37997.04932166  2784.80387668
0.34900002 37363.22861465  2353.88351421
0.35000002 36741.43372739  1934.43657737
0.35100002 36131.83558005  2289.31321078
0.35200002 35532.53970357  1881.44806641
0.35300002 34945.08495874  2041.14250912
0.35400002 34369.36380875  2562.23619330
0.35500002 33804.97589047  2166.22295766
0.35600002 33250.57948387  2136.68233884
0.35700002 32707.48404932  2107.67037197
0.35800002 32176.12135854  1732.68421723
0.35900002 31655.09801944  2222.18798622
0.36000002 31144.93047460  1855.14787159
0.36100002 30644.41876203  2828.78642991
0.36200002 30155.60932779  1970.36760681
0.36300002 29675.79968047  2106.38836109
0.36400002 29206.35791796  2238.66744045
0.36500002 28746.68521952  1578.19309331
0.36600002 28297.36107881  1869.32376141
0.36700002 27857.12759737  2152.79892270
0.36800002 27428.23192459  2125.41379251
0.36900002 27007.61339465  1648.81487585
0.37000002 26596.11416815  1776.08858828
0.37100002 26193.66493226  1461.60657246
0.37200002 25801.57956434  2021.03782301
0.37300002 25417.56349824  2281.48060768
0.37400002 25042.69029441  1690.38167495
0.37500002 24676.82471989  1670.12757616
0.37600002 24319.94473023  1512.82223361
0.37700002 23970.91274951  1495.06589901
0.37800002 23630.25322778  2015.06993946
0.37900002 23298.70047766  2257.64418324
0.38000002 22975.00630661  1444.32383989
0.38100002 22658.46272629  1817.66196601
0.38200002 22350.94575646  1284.06189454
0.38300002 22050.31666077  1778.13761976
0.38400002 21758.47727029  1256.55212189
0.38500002 21472.67374559  1243.26786877
0.38600002 21195.97123803  1476.51142639
0.38700002 20925.43749253  2070.36288359
0.38800002 20662.48586642  1687.91855039
0.38900002 20406.09480013  1193.75660236
0.39000002 20157.84520063  1300.48344473
0.39100002 19915.18473408  1522.31679319
0.39200002 19679.96969428  2204.25511004
0.39300002 19450.83433779  1379.45323659
0.39400002 19229.72379973  1367.23342694
0.39500002 19013.66151758  1807.05847625
0.39600002 18803.88928413  1455.70315790
0.39700002 18600.39467059  1332.53233733
0.39800002 18403.14294801  1211.57097338
0.39900002 18211.43659476  1311.22349695
0.40000002 18025.50252713  1517.92763973
0.40100002 17845.56492154  1614.13142363
0.40200002 17671.56928353  1281.89569656
0.40300002 17502.25472900  1590.95503024
0.40400002 17338.85145408  1158.66880332
0.40500002 17180.79280218  1150.94136435
0.40600002 17027.58536828  1143.48754959
0.40700002 16879.67756441  1033.03631589
0.40800002 16736.75656584  1129.48007036
0.40900002 16598.52280176  1122.89012074
0.41000002 16465.46493547  1725.66313433
0.41100002 16336.57807265  1110.56063000
0.41200002 16212.16239578  1606.94961281
0.41300002 16092.84689685  1099.30242361
0.41400002 15977.29836431  1989.17374061
0.41500002 15866.48141943  1089.07533623
0.41600002 15758.97645121  1182.86882848
0.41700002 15656.10589656  1276.12925210
0.41800002 15558.05386333  1075.60610481
0.41900002 15461.98055947  1071.51530354
0.42000002 15371.05102735  1358.95468572
0.42100002 15283.96234968  1354.46480761
0.42200002 15200.48454546  964.47079011
0.42300002 15119.89305752  1442.43786604
0.42400002 15042.87970126  958.98362640
0.42500002 14969.43170034  1147.85607717
0.42600002 14898.49492733  954.24864531
0.42700002 14831.92319875  1237.87236883
0.42800002 14767.72068406  1045.33315816
0.42900002 14707.54198127  1043.50015302
0.43000002 14649.66529781  1136.52108766
0.43100002 14593.83551951  1134.81670377
0.43200002 14541.95642260  1133.40013729
0.43300002 14492.48120251  1226.49874229
0.43400002 14445.75567431  1131.10272290
0.43500002 14401.35261130  1036.03335595
0.43600002 14359.83238676  1223.67317483
0.43700002 14320.21950777  1787.59308587
0.43800002 14282.72843185  1316.72479653
0.43900002 14248.48356514  1504.63993578
0.44000002 14215.86253991  1316.53109221
0.44100002 14185.71190257  1128.61529245
0.44200002 14157.57003939  1034.84763107
0.44300002 14131.39973535  1035.26639367
0.44400002 14107.58045285  1318.35345580
0.44500002 14084.46113063  942.25049429
0.44600002 14063.50980546  1508.73340343
0.44700002 14045.60167751  1038.25092521
0.44800002 14027.55966006  1417.13428182
0.44900002 14013.11473231  1324.23940496
0.45000002 13999.50965953  1136.48024802
0.45100002 13987.13179086  1137.99309644
0.45200002 13976.61452104  1044.68210189
0.45300002 13966.98902567  1046.26719750
0.45400002 13959.32604949  952.72404803
0.45500002 13952.97835756  1145.26051787
0.45600002 13947.69954486  1434.17227367
0.45700002 13943.82671663  1245.32322308
0.45800002 13940.73399565  1055.80153920
0.45900002 13938.76137379  1057.95203841
0.46000002 13938.84200454  1156.64516436
0.46100002 13938.61949313  1062.54101432
0.46200002 13940.51943109  1064.98603241
0.46300002 13943.22554856  1358.62796184
0.46400002 13946.14156897  1361.84078875
0.46500002 13950.47622336  1560.22133477
0.46600002 13955.46381157  1368.61240087
0.46700002 13960.72631682  1176.05164067
0.46800002 13967.99893559  1080.91364886
0.46900002 13974.85342302  1083.74993432
0.47000002 13982.72561215  1086.66757245
0.47100002 13991.22436524  1287.75235161
0.47200002 14000.59112756  1291.34458386
0.47300002 14010.58416756  996.15258153
0.47400002 14020.29338907  1098.84054645
0.47500002 14031.00224912  1101.99496888
0.47600002 14042.82429143  1205.71695081
0.47700002 14053.98800674  1511.50648177
0.47800002 14065.83469830  1111.69329807
0.47900002 14078.50940925  1115.01799806
0.48000002 14091.07934077  1220.00570715
0.48100002 14105.22685169  1121.78874469
0.48200002 14117.44200633  1022.80872184
0.48300002 14130.51562141  1231.05057929
0.48400002 14144.15326248  1028.98719862
0.48500002 14158.54148082  1445.02081203
0.48600002 14172.85021282  1345.92478426
0.48700002 14187.18291584  1350.05239026
0.48800002 14200.94087279  1249.96687487
0.48900002 14215.58398913  1149.33002000
0.49000002 14229.73401967  1152.82195625
0.49100002 14245.05672878  1576.92785462
0.49200002 14259.40237243  1159.93114097
0.49300002 14273.81319410  1163.45856860
0.49400002 14288.55869876  1379.20319377
0.49500002 14302.62016662  1276.93798900
0.49600002 14317.65004972  1067.38086180
0.49700002 14331.98558603  1177.65931143
0.49800002 14346.31431779  1073.82167759
0.49900002 14360.35159828  1292.43170511
0.50000002 14374.62674839  1404.32922675
