# SAXS profile: number of points = 501, q_min = 0, q_max = 0.5, delta_q = 0.001
#    q    intensity    error
0.00000000 1682732.95097188 328.13292544
0.00100000 1682645.58965221 706.71116444
0.00200000 1682383.48758361 757.07259339
0.00300000 1681946.84238237 1513.75221207
0.00400000 1681335.55261177 1639.30222609
0.00500000 1680550.25402318 1814.99434618
0.00600000 1679590.81610484 1939.92747158
0.00700000 1678457.96995433 2014.14964765
0.00800000 1677151.50808885 3622.64741042
0.00900000 1675672.83875363 3267.56217525
0.01000000 1674021.34719018 3038.34887634
0.01100000 1672198.67803918 4514.93662728
0.01200000 1670204.65679190 3582.58914589
0.01300000 1668040.69165245 4203.46272836
0.01400000 1665706.89840148 3747.84068755
0.01500000 1663204.95089569 4390.86126588
0.01600000 1660534.38307490 5081.23543936
0.01700000 1657697.52734853 5370.94022954
0.01800000 1654694.80062074 5659.05647277
0.01900000 1651527.18795477 5945.49814491
0.02000000 1648195.60793381 5191.81639985
0.02100000 1644702.64632740 10855.03795791
0.02200000 1641047.06018828 6793.93513784
0.02300000 1637231.84378586 9430.45584947
0.02400000 1633257.81420766 10412.01904034
0.02500000 1629127.15190723 9530.39427392
0.02600000 1624840.43691315 7238.66447753
0.02700000 1620399.48720795 8166.81378958
0.02800000 1615804.81159413 7731.62637805
0.02900000 1611059.93995592 9424.70108147
0.03000000 1606165.31166989 13443.60427662
0.03100000 1601122.66575473 12296.62263880
0.03200000 1595933.17206452 9479.84347869
0.03300000 1590601.14397232 12168.09931234
0.03400000 1585124.92029917 9154.09683710
0.03500000 1579508.80225508 10235.21751126
0.03600000 1573753.18636409 9607.76364676
0.03700000 1567861.36118620 10724.17220648
0.03800000 1561834.75046970 12791.42719833
0.03900000 1555675.87691026 10267.46126309
0.04000000 1549384.92023649 11434.46124121
0.04100000 1542965.95070364 9720.68594015
0.04200000 1536420.60219616 9909.91334391
0.04300000 1529750.57775232 13125.26056636
0.04400000 1522958.89340596 13363.96491029
0.04500000 1516047.76069069 17783.24105920
0.04600000 1509017.83947685 15957.86439430
0.04700000 1501873.30197305 12976.18593254
0.04800000 1494615.68173381 17576.68123500
0.04900000 1487247.80128870 13385.23083465
0.05000000 1479771.13111842 14716.32458425
0.05100000 1472189.93260194 12631.39021015
0.05200000 1464503.19285333 13971.36111090
0.05300000 1456716.82860884 12979.34754797
0.05400000 1448831.27641630 11952.85858784
0.05500000 1440850.54730374 12103.14516195
0.05600000 1432775.34887994 14700.27576548
0.05700000 1424610.67717329 16112.34751093
0.05800000 1416355.90677792 20055.60057642
0.05900000 1408015.19891974 13939.35112035
0.06000000 1399591.99840110 15367.52086040
0.06100000 1391087.84287399 14230.82929763
0.06200000 1382505.78609179 16984.08437603
0.06300000 1373848.83952826 17145.63431896
0.06400000 1365116.54486281 19964.83040231
0.06500000 1356315.14198998 18798.52874733
0.06600000 1347446.40308600 14896.02068308
0.06700000 1338510.96704728 19113.93750395
0.06800000 1329513.55364435 20640.69888650
0.06900000 1320457.40870080 15251.28378454
0.07000000 1311342.36118370 13965.79680060
0.07100000 1302172.59747745 18282.50412489
0.07200000 1292950.67557007 18405.15372896
0.07300000 1283679.51361625 15673.72759566
0.07400000 1274362.19070184 18637.54791245
0.07500000 1264999.05998974 15863.08895581
0.07600000 1255594.00262130 21753.16711522
0.07700000 1246150.46305249 16037.95721148
0.07800000 1236669.64391015 16119.98956434
0.07900000 1227153.65822424 22088.76688408
0.08000000 1217607.93090838 16273.33075999
0.08100000 1208032.91071106 22288.20824834
0.08200000 1198429.86900999 16412.49782625
0.08300000 1188802.86362675 23966.26685550
0.08400000 1179154.47478442 21047.90836286
0.08500000 1169486.74303072 15086.37969333
0.08600000 1159802.41341600 16648.96442628
0.08700000 1150103.22382628 18217.63592087
0.08800000 1140391.34056644 16746.64762270
0.08900000 1130670.39680302 16790.45618117
0.09000000 1120942.08377933 19891.11821106
0.09100000 1111208.37907029 18401.61162193
0.09200000 1101471.36497450 18438.63151604
0.09300000 1091735.13885728 16932.81279939
0.09400000 1081998.56987208 18502.17641437
0.09500000 1072266.02702974 15440.63151498
0.09600000 1062539.03024580 15459.94361681
0.09700000 1052822.49266633 18571.78964375
0.09800000 1043115.02570867 15490.25886009
0.09900000 1033421.00404244 17051.44736850
0.10000000 1023739.43463723 17060.61848054
0.10100000 1014074.63718457 17066.87694650
0.10200000 1004428.25202534 15518.41722372
0.10300000 994802.06572207 17070.80425081
0.10400000 985198.37610114 15516.87515359
0.10500000 975620.42636918 18614.83861094
0.10600001 966064.85299056 18606.40994410
0.10700001 956539.70150025 18595.13267221
0.10800001 947042.28362634 15484.14206600
0.10900001 937576.95622470 17017.02255640
0.11000001 928144.67252005 32452.58000219
0.11100001 918746.21690481 18521.92460469
0.11200001 909384.77409949 26203.92349928
0.11300001 900060.11232277 23086.54296801
0.11400001 890775.16477520 19975.63401063
0.11500001 881531.31359136 18406.37469451
0.11600001 872329.79398388 16840.32746589
0.11700001 863172.02349659 16805.96008895
0.11800001 854058.52952020 32014.38548689
0.11900001 844991.04118297 22814.75918655
0.12000001 835970.83595473 15172.87138729
0.12100001 827001.03732937 16647.53166567
0.12200001 818080.89243894 16602.95249423
0.12300001 809212.45701819 18061.62289161
0.12400001 800395.90687567 21010.39354544
0.12500001 791632.20389102 17954.21923026
0.12600001 782924.94930252 16406.19308575
0.12700001 774272.59077419 14866.03444345
0.12800001 765676.49381787 14815.84085364
0.12900001 757138.38746408 14764.19925142
0.13000001 748659.06226662 19124.49664703
0.13100001 740238.09126851 17588.05787760
0.13200001 731877.30173122 20441.33400096
0.13300001 723578.62784017 18907.11043680
0.13400001 715340.65048507 26074.16793946
0.13500001 707165.90098315 15868.80356625
0.13600001 699053.52721503 18675.21586010
0.13700001 691005.66660410 21455.72695976
0.13800001 683020.78324887 15665.08240251
0.13900001 675102.04116981 17012.57223976
0.14000001 667248.32666623 16934.76332944
0.14100001 659460.38935489 15451.15765131
0.14200001 651738.56358552 15377.77213310
0.14300001 644084.64705812 15303.45193593
0.14400001 636495.46894855 19381.28794370
0.14500001 628975.58612909 16529.47918320
0.14600001 621522.93493869 16445.49763428
0.14700001 614140.33560575 13633.91609365
0.14800001 606822.87327599 17631.23941485
0.14900001 599575.41628822 18886.62650417
0.15000001 592396.22501621 16101.33015565
0.15100001 585286.10942783 18682.33349446
0.15200001 578245.11816731 13270.72608815
0.15300001 571274.40475537 15835.72724709
0.15400001 564370.24462543 14433.76968744
0.15500001 557536.96327102 14351.00211186
0.15600001 550770.48036579 14267.70996724
0.15700001 544076.63200453 15473.54014451
0.15800001 537448.03932322 15381.76361143
0.15900001 530890.64958585 17837.92666805
0.16000001 524399.78912537 16463.53215671
0.16100001 517980.94792907 16363.01891748
0.16200001 511628.81585271 13760.25765193
0.16300001 505345.08567599 21133.53248064
0.16400001 499129.78950850 22236.23317237
0.16500001 492981.74428665 13502.77061349
0.16600001 486902.41874552 17075.66863160
0.16700001 480888.98763188 14542.08367259
0.16800001 474942.16295439 13243.76283931
0.16900001 469064.12737619 14353.36297545
0.17000001 463251.10774699 15447.10891723
0.17100001 457503.74619465 11803.59720920
0.17200001 451822.96153746 12897.28704613
0.17300001 446207.28313772 17469.01595981
0.17400001 440656.51391716 11567.23403660
0.17500001 435169.96593651 13786.18517196
0.17600001 429746.02961930 12550.73338779
0.17700001 424387.59819319 14730.49422902
0.17800001 419090.52097049 13503.09722345
0.17900001 413856.77865092 11174.13355137
0.18000001 408685.02242321 12205.37877119
0.18100001 403576.41822416 13221.16408554
0.18200001 398526.16242274 15315.36114537
0.18300001 393537.53495146 13033.96377331
0.18400001 388608.37765392 12940.65958720
0.18500001 383740.20018522 11776.98730005
0.18600001 378929.25764367 13817.65603277
0.18700001 374176.34821807 11606.95087009
0.18800001 369481.10795668 15712.18485820
0.18900001 364844.74676912 12477.69092904
0.19000001 360260.96944374 11353.62498846
0.19100001 355737.65226042 12294.29384303
0.19200001 351266.46304061 12202.99750264
0.19300001 346852.19056011 12112.07906669
0.19400001 342489.93334144 11019.61412598
0.19500001 338182.14034895 11931.06647531
0.19600001 333926.98928980 15788.06879971
0.19700001 329723.65885922 9792.79313090
0.19800001 325572.32318707 14577.50145962
0.19900001 321472.38566669 11573.00643094
0.20000001 317421.30824388 15312.40463337
0.20100001 313421.38580122 13295.33581406
0.20200001 309468.93817946 11307.99553553
0.20300001 305566.59986748 13090.47375704
0.20400001 301711.34350059 10205.38667627
0.20500001 297902.86216922 9205.19887613
0.20600001 294141.23465033 10959.70292111
0.20700001 290425.78880680 10873.54204691
0.20800001 286754.47129235 10787.70371995
0.20900001 283130.19481515 10702.32186993
0.21000001 279547.95780438 17695.38656552
0.21100001 276009.88824758 14043.38377792
0.21200001 272514.41808784 11318.88689037
0.21300001 269060.17689616 10364.19850401
0.21400001 265648.74745106 11137.32426342
0.21500001 262279.26794584 9347.63355152
0.21600001 258948.90824802 12643.18104296
0.21700001 255658.85023022 9196.04927757
0.21800001 252408.23373867 10779.09413145
0.21900001 249195.26168815 9045.78842698
0.22000001 246020.49714853 8971.13785270
0.22100001 242884.72436475 11323.28638529
0.22200001 239785.88450420 12031.25732389
0.22300001 236722.34699249 11135.41972907
0.22400001 233694.23532955 7887.18081533
0.22500001 230703.98278979 12513.38461824
0.22600001 227746.44911609 13183.10383049
0.22700001 224825.40265333 9226.83496122
0.22800001 221936.81645036 13722.35401006
0.22900001 219080.85583405 9825.77684883
0.23000001 216259.18206516 8992.05721552
0.23100001 213470.32184571 7428.76755156
0.23200001 210711.67761148 8100.81082889
0.23300001 207985.22502831 8760.33809251
0.23400001 205290.44550066 8683.78625538
0.23500001 202624.22060440 8607.47729838
0.23600001 199989.93447517 7109.64250686
0.23700001 197384.53011703 9160.61647601
0.23800001 194808.52493485 7682.27454417
0.23900001 192260.96596628 7613.53461238
0.24000001 189741.68022945 9602.82689063
0.24100001 187251.62628912 8156.68122697
0.24200001 184788.46013112 8756.20159750
0.24300001 182352.52612178 7341.51304894
0.24400001 179943.17860532 7935.49455187
0.24500001 177560.30675662 10483.16100681
0.24600001 175203.84324559 7789.56323919
0.24700001 172873.26369978 7717.06285662
0.24800001 170568.02313405 8919.00235161
0.24900001 168286.97280900 10728.29502410
0.25000001 166031.75085411 7501.31485846
0.25100001 163799.70988335 12383.25865302
0.25200001 161593.56305636 7358.97120974
0.25300001 159410.94177020 9717.69147006
0.25400001 157251.34559636 7819.32352972
0.25500001 155114.73066308 5956.40593927
0.25600001 153001.67749657 6488.03644121
0.25700001 150910.71605578 6424.26948645
0.25800001 148842.76076180 8673.81229379
0.25900001 146796.92106376 11450.16038473
0.26000001 144773.07510782 6234.65277451
0.26100001 142770.08729488 7855.21057464
0.26200001 140789.71081071 6109.56978972
0.26300001 138829.60493625 6047.41787717
0.26400001 136890.96035492 5441.41593159
0.26500001 134973.54282003 6462.53353602
0.26600001 133075.58730019 5329.67752357
0.26700001 131199.16754132 6856.46882016
0.26800001 129343.18599253 5740.89758194
0.26900001 127505.86132679 5680.38639091
0.27000001 125689.33708406 6642.05333252
0.27100001 123891.95020254 6571.22934971
0.27200001 122115.52015423 5500.69386566
0.27300001 120357.36934200 7914.70098249
0.27400001 118616.57969906 6360.81438739
0.27500001 116897.60153129 6291.42921216
0.27600001 115195.03762156 4786.35403969
0.27700001 113513.00310121 6153.54018934
0.27800001 111848.35955427 5148.93947577
0.27900001 110203.14997333 5554.23902153
0.28000001 108574.96777847 5034.07861930
0.28100001 106965.55368587 6334.50038908
0.28200001 105374.72943083 5367.78897126
0.28300001 103801.23252532 5748.51252933
0.28400001 102245.36016165 6556.48403069
0.28500001 100707.38569121 7344.58998609
0.28600001 99186.90003888  5550.99512342
0.28700001 97683.74047785  6329.90668257
0.28800001 96197.16725167  5838.20635684
0.28900001 94729.63259895  5769.03489835
0.29000001 93277.52969234  5700.19010931
0.29100001 91843.43480891  7240.93674308
0.29200001 90425.98639987  5166.48897751
0.29300001 89025.46535963  3926.02320820
0.29400001 87640.93784074  4265.92285133
0.29500001 86274.17719070  4213.63101345
0.29600001 84923.14121141  5674.98918009
0.29700001 83588.63014097  3736.41194418
0.29800001 82270.35787160  4427.79087026
0.29900001 80969.12708910  4736.69415894
0.30000001 79683.10188202  3597.69222029
0.30100001 78414.27762851  3907.38363920
0.30200001 77160.01845777  3506.92300493
0.30300001 75922.85927857  4154.49905640
0.30400001 74701.52663266  3759.35450576
0.30500001 73495.63785500  4722.82991215
0.30600001 72304.65757714  3662.59260297
0.30700001 71130.42192929  3943.47077846
0.30800001 69971.17067094  3891.79669697
0.30900001 68827.50544181  4160.62290094
0.31000001 67699.51882911  3789.81924348
0.31100001 66585.87867823  3427.84119665
0.31200001 65488.11188266  3997.06709800
0.31300001 64405.04291819  3943.52096459
0.31400001 63338.10555435  3591.27075497
0.31500001 62284.91086223  2952.30491465
0.31600002 61247.08834937  3203.52910779
0.31700002 60224.07029472  5170.83892033
0.31800002 59215.82481358  3116.82508664
0.31900002 58222.28588919  2794.66985501
0.32000002 57243.49666293  3307.52939379
0.32100002 56278.38716243  4077.36934298
0.32200002 55329.05468355  2948.76210898
0.32300002 54392.23328103  2907.80892889
0.32400002 53470.33845190  3910.01868444
0.32500002 52562.49520642  2827.33675103
0.32600002 51669.13670039  3294.68265771
0.32700002 50789.02902226  2998.58441547
0.32800002 49923.57046939  3449.21964706
0.32900002 49071.18178951  2914.82833632
0.33000002 48233.37519709  3113.22334952
0.33100002 47406.89627450  3305.20896477
0.33200002 46596.66334487  2793.00413315
0.33300002 45798.53728739  3900.66160548
0.33400002 45014.09918317  2714.35030928
0.33500002 44241.91245629  2452.77174273
0.33600002 43483.82159879  2857.53947169
0.33700002 42737.70891462  3250.20291688
0.33800002 42005.61157682  2990.37962977
0.33900002 41285.11838585  2316.09525113
0.34000002 40578.04932368  2075.56732120
0.34100002 39883.12464522  2659.80570855
0.34200002 39201.42967921  2218.60501777
0.34300002 38530.89564972  2385.83317162
0.34400002 37874.04605593  2351.97837146
0.34500002 37228.34356247  2318.58134688
0.34600002 36595.66089667  2476.24551185
0.34700002 35973.35330774  3004.49461056
0.34800002 35364.37059016  2221.58986569
0.34900002 34766.27047175  2555.32100070
0.35000002 34179.97993510  2519.40644034
0.35100002 33605.73444796  2484.13600805
0.35200002 33041.58090795  1924.50697113
0.35300002 32489.11394724  1725.17203231
0.35400002 31948.14253894  1701.23867078
0.35500002 31418.22475990  2013.27993797
0.35600002 30898.31462222  1985.52579167
0.35700002 30389.57201131  2284.68813202
0.35800002 29892.03886975  2253.56091713
0.35900002 29404.87008939  1746.64936604
0.36000002 28928.32846468  1723.11596662
0.36100002 28461.20422092  1699.98780864
0.36200002 28005.51942741  1829.88072606
0.36300002 27558.77004808  1805.65069908
0.36400002 27122.08167013  1633.42744595
0.36500002 26695.01433686  2198.33453477
0.36600002 26278.07175689  1591.26871061
0.36700002 25870.15451748  2142.04889551
0.36800002 25473.10021277  2255.89786170
0.36900002 25084.22240489  1670.60929130
0.37000002 24704.18398818  1374.78790406
0.37100002 24333.22911440  1357.79424890
0.37200002 23972.02435152  1475.35830860
0.37300002 23618.92676474  1457.52403970
0.37400002 23274.68519801  1571.04132529
0.37500002 22939.31512385  1293.77743427
0.37600002 22612.57021539  1790.23726876
0.37700002 22293.47534793  1643.25214574
0.37800002 21982.64742430  1374.68492180
0.37900002 21680.59032446  1235.79370704
0.38000002 21386.13499657  1588.88297484
0.38100002 21098.63132455  1571.63712182
0.38200002 20819.80532203  1435.31744690
0.38300002 20547.89045726  1301.91440105
0.38400002 20284.32101764  1171.41959426
0.38500002 20026.78113677  1739.32602413
0.38600002 19777.81218910  1492.53266756
0.38700002 19535.00984621  1136.93762691
0.38800002 19299.41000779  1126.12062730
0.38900002 19070.15354800  1450.28524603
0.39000002 18848.72978461  1437.12147051
0.39100002 18632.87078486  1862.54185189
0.39200002 18424.00667364  1411.92381833
0.39300002 18221.12750261  1507.61616099
0.39400002 18025.89915659  1495.24840588
0.39500002 17835.50028133  1483.20027367
0.39600002 17651.25913786  1261.35903775
0.39700002 17472.91088600  1251.75939518
0.39800002 17300.61977484  1242.53057110
0.39900002 17133.66403452  1130.82187985
0.40000002 16972.18511024  1122.96468102
0.40100002 16816.56148916  1115.44257642
0.40200002 16666.35376281  1410.47358577
0.40300002 16520.85856674  1301.51329955
0.40400002 16380.86608555  995.13766185
0.40500002 16246.00744675  1088.32009042
0.40600002 16115.90349797  1082.26355068
0.40700002 15990.66735524  978.62888851
0.40800002 15870.17408865  1265.72579441
0.40900002 15754.14022383  1162.65560361
0.41000002 15643.07445965  1060.83514475
0.41100002 15535.91835681  1248.15573993
0.41200002 15432.96629876  956.07230751
0.41300002 15334.93426431  1142.75935552
0.41400002 15240.36842356  948.71297932
0.41500002 15150.22722778  1228.98649095
0.41600002 15063.33886185  1130.65426855
0.41700002 14980.66856558  939.28796357
0.41800002 14902.66626148  1030.29588081
0.41900002 14826.34356735  1027.46565790
0.42000002 14754.88242232  1024.94795603
0.42100002 14687.08399056  1022.66170672
0.42200002 14622.59848089  1113.36470109
0.42300002 14560.85644903  1203.89166825
0.42400002 14502.29958722  1201.87813524
0.42500002 14447.28788083  1015.49991326
0.42600002 14394.39178120  1751.72559082
0.42700002 14345.73907791  1197.29544018
0.42800002 14299.12053255  1288.20782982
0.42900002 14256.33522726  919.53366573
0.43000002 14215.60945364  1194.75095315
0.43100002 14176.70670575  1286.11089329
0.43200002 14141.52803399  918.49228933
0.43300002 14108.52485277  1194.00451487
0.43400002 14077.96383193  1102.30462028
0.43500002 14049.54234641  1010.72412430
0.43600002 14023.83906722  1195.04150274
0.43700002 13999.73546969  1195.71746313
0.43800002 13977.66714538  1196.55825268
0.43900002 13958.51871219  1013.38850653
0.44000002 13940.74576458  1475.48860165
0.44100002 13925.29948391  1200.22161940
0.44200002 13911.53357131  924.42144962
0.44300002 13899.66251542  1203.43283762
0.44400002 13889.93413825  1298.01440673
0.44500002 13880.58142040  928.61094103
0.44600002 13873.33729770  930.20730989
0.44700002 13868.77179891  1118.37781087
0.44800002 13864.08212526  1027.12057293
0.44900002 13862.60351289  1122.87093776
0.45000002 13861.77226856  937.74893841
0.45100002 13862.01791515  1033.82934511
0.45200002 13863.90126404  1413.07820331
0.45300002 13866.60124141  1322.04182501
0.45400002 13870.95539222  1230.70057550
0.45500002 13876.42840153  949.14774765
0.45600002 13882.85896827  1237.17103559
0.45700002 13890.45109558  1049.70143904
0.45800002 13898.62044904  1243.99608225
0.45900002 13907.84002327  1535.42561134
0.46000002 13918.76252340  1154.97896893
0.46100002 13929.33086511  965.30267470
0.46200002 13941.77420457  1065.08189084
0.46300002 13954.87810724  1165.51147476
0.46400002 13968.00648554  1266.54904811
0.46500002 13982.47979102  1075.11292209
0.46600002 13997.29100746  1470.76542232
0.46700002 14012.42224380  1180.40650576
0.46800002 14029.21146379  1085.65058058
0.46900002 14045.45190360  1881.38837166
0.47000002 14062.55901770  1291.57579420
0.47100002 14080.17007769  1096.56369762
0.47200002 14098.48729694  1500.43158169
0.47300002 14117.27665047  1104.11225917
0.47400002 14135.66906172  1510.74970258
0.47500002 14154.89770326  1212.79169270
0.47600002 14174.97271790  1217.06321524
0.47700002 14194.40259887  1628.38194332
0.47800002 14214.29353139  1123.42674250
0.47900002 14234.97175611  1537.37702253
0.48000002 14255.28401085  1131.37066915
0.48100002 14276.98242463  1238.67105387
0.48200002 14296.76787601  1139.38096988
0.48300002 14317.24074963  1247.31807323
0.48400002 14338.20804441  1147.41515314
0.48500002 14359.62988853  1151.49877534
0.48600002 14380.91122406  1155.57817618
0.48700002 14402.13194929  1370.50694126
0.48800002 14422.67524036  1269.48393483
0.48900002 14443.97968933  1273.95906899
0.49000002 14464.65345685  1171.85395535
0.49100002 14486.31641459  1175.99922228
0.49200002 14506.96349471  1072.79000129
0.49300002 14527.54769433  1184.14046869
0.49400002 14548.33568512  1080.21397582
0.49500002 14568.48671471  1409.06410184
0.49600002 14589.31093202  1196.39649969
0.49700002 14609.29075025  1309.57688493
0.49800002 14629.33311335  1204.50619898
0.49900002 14648.84190993  1538.12847345
0.50000002 14668.57316429  1322.81199066
