# SAXS profile: number of points = 501, q_min = 0, q_max = 0.5, delta_q = 0.001
#    q    intensity    error
0.00000000 1700912.83420643 357.19169518
0.00100000 1700825.20989992 714.34660512
0.00200000 1700562.30276117 765.25306047
0.00300000 1700124.33301632 1530.11195422
0.00400000 1699511.18229832 1784.48680922
0.00500000 1698723.48778348 1987.50655937
0.00600000 1697761.11671755 1960.91416964
0.00700000 1696624.81590587 2443.13983644
0.00800000 1695314.35768570 2288.67447950
0.00900000 1693831.16874160 2540.74686172
0.01000000 1692174.58605642 3908.92346258
0.01100000 1690346.36314047 3346.88594474
0.01200000 1688346.17096964 5596.86780215
0.01300000 1686175.57202397 3540.96885742
0.01400000 1683834.51810107 3788.62783368
0.01500000 1681324.88015145 5649.25184886
0.01600000 1678645.99577830 4280.54748059
0.01700000 1675800.34539635 6334.52558976
0.01800000 1672788.29200872 5244.19153142
0.01900000 1669610.82932706 6010.59925679
0.02000000 1666268.83777291 7873.12061462
0.02100000 1662764.88198840 8230.68653901
0.02200000 1659097.73112660 6296.27617568
0.02300000 1655270.56571590 7150.76916938
0.02400000 1651283.93007819 8050.00952619
0.02500000 1647140.17267191 8351.00105684
0.02600000 1642839.76658203 7318.85149487
0.02700000 1638384.62860145 9633.70205741
0.02800000 1633775.28065482 7106.92279677
0.02900000 1629015.06242588 8796.68174099
0.03000000 1624104.55224245 7552.08651506
0.03100000 1619045.51795755 13211.41203443
0.03200000 1613839.12452478 9586.20484120
0.03300000 1608489.63716097 10664.28678601
0.03400000 1602995.36656596 11782.01648789
0.03500000 1597360.66656373 8625.74799776
0.03600000 1591585.97606763 8833.30257540
0.03700000 1585674.44285064 13557.51711337
0.03800000 1579627.58089023 11088.98613104
0.03900000 1573448.01063743 9440.68850102
0.04000000 1567135.65658481 12529.25015499
0.04100000 1560694.84317381 10815.61576468
0.04200000 1554127.08814076 14033.76825698
0.04300000 1547434.09291599 12255.67858478
0.04400000 1540618.88334686 12479.01353466
0.04500000 1533683.56233502 13757.14219337
0.04600000 1526629.01792853 11839.00858439
0.04700000 1519459.19013210 12034.11734553
0.04800000 1512175.82198969 13337.39137051
0.04900000 1504781.69327175 13543.03586984
0.05000000 1497278.16917331 11454.17852755
0.05100000 1489669.33482706 12781.36348822
0.05200000 1481954.74877323 14137.84896214
0.05300000 1474139.74442965 13134.58573517
0.05400000 1466225.14246023 12096.35798940
0.05500000 1458214.66650411 17148.60527806
0.05600000 1450109.22817970 13638.27792745
0.05700000 1441913.85592211 18816.97669813
0.05800000 1433627.71823314 16493.88766841
0.05900000 1425254.98145276 16675.48406184
0.06000000 1416799.37449530 15556.45785874
0.06100000 1408262.13282877 19645.25767101
0.06200000 1399646.36672886 15871.99054062
0.06300000 1390955.34098638 16023.80627736
0.06400000 1382188.27761265 16171.60360436
0.06500000 1373351.55504517 14955.79913404
0.06600000 1364446.80209375 13712.69100264
0.06700000 1355475.12171321 17973.60095506
0.06800000 1346440.68355738 22297.05876341
0.06900000 1337347.13326936 15446.36011244
0.07000000 1328193.72767086 24046.94856556
0.07100000 1318985.37957694 17094.05131996
0.07200000 1309724.14795004 20078.07212867
0.07300000 1300413.23257497 14434.58755792
0.07400000 1291055.46877768 20334.12458619
0.07500000 1281651.68892711 23377.32790178
0.07600000 1272205.02664110 16163.36562122
0.07700000 1262719.49045120 17728.58247720
0.07800000 1253196.25760988 16335.41398401
0.07900000 1243637.18927934 16416.01166846
0.08000000 1234047.67757405 17992.41598307
0.08100000 1224428.34779950 18072.56326145
0.08200000 1214780.63496581 18148.82353803
0.08300000 1205108.25797666 15184.36476314
0.08400000 1195414.10002200 16765.68353977
0.08500000 1185700.05274678 22943.29709773
0.08600000 1175968.70814064 19950.31007030
0.08700000 1166222.04977022 15394.13177984
0.08800000 1156462.29367153 18526.52681469
0.08900000 1146692.66197273 15480.35166374
0.09000000 1136915.36894975 17070.78506669
0.09100000 1127132.04362913 21776.19210599
0.09200000 1117344.86546342 18704.35392671
0.09300000 1107558.02789683 18739.88271264
0.09400000 1097770.14715630 15643.22533217
0.09500000 1087986.10952629 20367.10092764
0.09600000 1078206.89501208 21963.07548383
0.09700000 1068437.61122655 26700.25715980
0.09800000 1058676.97556037 17293.48920888
0.09900000 1048929.26659955 17307.33371273
0.10000000 1039193.27321228 26764.42401024
0.10100000 1029473.84182162 15750.95052067
0.10200000 1019772.47286995 15755.48544692
0.10300000 1010090.34852887 23636.11526744
0.10400000 1000430.45937457 20483.81461936
0.10500000 990795.76305307 18904.38404849
0.10600001 981183.10092375 15747.98951083
0.10700001 971600.48660697 23609.89293558
0.10800001 962044.80695113 17302.37666730
0.10900001 952521.11380904 25146.55858810
0.11000001 943029.76481549 21982.02485253
0.11100001 933571.92640060 28231.21638329
0.11200001 924150.38126465 21930.08957982
0.11300001 914765.38151073 23463.73314044
0.11400001 905419.53751510 18742.18530903
0.11500001 896114.84358272 18710.87881506
0.11600001 886851.49878969 20233.51789771
0.11700001 877631.79021614 23301.12512760
0.11800001 868455.62118912 18602.32028201
0.11900001 859325.20644261 24748.56711125
0.12000001 850241.85867087 18518.26855415
0.12100001 841208.58399863 18472.94137484
0.12200001 832224.02121874 24567.25426377
0.12300001 823291.22610357 21438.50453780
0.12400001 814409.87183474 21378.26014295
0.12500001 805581.03261475 24360.77157416
0.12600001 796807.92076446 18215.02992703
0.12700001 788089.87295872 16644.45890128
0.12800001 779427.32953624 18098.30344479
0.12900001 770822.76166629 16534.14901703
0.13000001 762276.39400852 20970.22458760
0.13100001 753788.13894000 16417.50644000
0.13200001 745359.81817011 19330.90779551
0.13300001 736993.29015898 22220.34874583
0.13400001 728686.85627928 23609.45525653
0.13500001 720443.81617015 17636.46545137
0.13600001 712262.46462690 14636.99433823
0.13700001 704145.50894085 17490.97526685
0.13800001 696091.04684792 17416.19881341
0.13900001 688102.83785652 14450.16027643
0.14000001 680179.28736168 20140.10964860
0.14100001 672321.19676920 15752.48638324
0.14200001 664528.97671493 15679.56194512
0.14300001 656804.47037177 18443.07039795
0.14400001 649144.49317539 18354.56141032
0.14500001 641553.52752163 16860.02749859
0.14600001 634029.52629579 18174.45722864
0.14700001 626575.48343887 15300.97402742
0.14800001 619186.35884805 15222.69735047
0.14900001 611867.02784347 15143.70965362
0.15000001 604615.69428582 19172.36457041
0.15100001 597433.41318178 16345.77895593
0.15200001 590320.21939988 16257.41960941
0.15300001 583277.07064833 13473.70096779
0.15400001 576300.14681276 14738.87695028
0.15500001 569394.19242177 21318.11957034
0.15600001 562554.82942290 21197.06697305
0.15700001 555787.94392085 19758.26233891
0.15800001 549086.22026533 14405.27766857
0.15900001 542455.74374757 14320.83231089
0.16000001 535891.81028923 15530.14539524
0.16100001 529399.46035528 15437.28899267
0.16200001 522974.21938965 14065.39229446
0.16300001 516616.92855022 17792.28785920
0.16400001 510328.18016188 12630.62305529
0.16500001 504106.68406341 16317.93413352
0.16600001 497953.85372723 13721.11908727
0.16700001 491866.78488683 19832.06970300
0.16800001 485846.53267414 14779.45222178
0.16900001 479895.06883692 14684.78979980
0.17000001 474008.30186743 19453.30162722
0.17100001 468187.65228559 14495.09039924
0.17200001 462433.29725160 13200.15909340
0.17300001 456744.15006202 14305.22745550
0.17400001 451120.20184415 15394.47761495
0.17500001 445560.21578641 11762.79025229
0.17600001 440063.02414896 15188.77599585
0.17700001 434631.47944763 11604.66104935
0.17800001 429261.25442326 13830.79827078
0.17900001 423954.70406921 18314.84408087
0.18000001 418709.85167742 13641.56761201
0.18100001 413528.59858742 11289.33127470
0.18200001 408405.63926743 15695.02945845
0.18300001 403344.58810158 11132.31115749
0.18400001 398343.10011552 12159.42370545
0.18500001 393402.89756713 13171.12963278
0.18600001 388519.68764954 11987.77552877
0.18700001 383694.98258727 15148.27862822
0.18800001 378928.01828202 11816.87080843
0.18900001 374220.36598833 11731.80902803
0.19000001 369565.14086925 10588.04178618
0.19100001 364970.92004530 13664.51189215
0.19200001 360428.60564064 13564.73121424
0.19300001 355943.57835351 12429.55034343
0.19400001 351511.01398643 12338.03717394
0.19500001 347133.00622205 11226.28195172
0.19600001 342807.60961290 14181.95147987
0.19700001 338534.78738676 12065.38039264
0.19800001 334313.97115889 10977.19976177
0.19900001 330144.77066790 10894.77794693
0.20000001 326024.63867201 13761.50064873
0.20100001 321956.24524428 12681.85709955
0.20200001 317935.42711921 10649.24763468
0.20300001 313964.94610326 11528.79336582
0.20400001 310041.89601617 11440.54650374
0.20500001 306166.01488552 13244.74242999
0.20600001 302337.25224996 13142.60097653
0.20700001 298555.03678724 13972.37638210
0.20800001 294817.09575735 13863.77458333
0.20900001 291126.87165823 13755.74533610
0.21000001 287478.58004018 11828.30673491
0.21100001 283875.03050754 9929.94903658
0.21200001 280314.30652682 9851.64676862
0.21300001 276795.32749585 10662.15651920
0.21400001 273319.46013023 13221.82950888
0.21500001 269885.94565100 9618.73555775
0.21600001 266491.90786932 8674.31201126
0.21700001 263138.56419094 12046.48403821
0.21800001 259824.91046495 8535.24871232
0.21900001 256549.52803466 11005.97527307
0.22000001 253312.36551572 11756.22743945
0.22100001 250114.84646379 11660.35469348
0.22200001 246954.74543540 9912.76395050
0.22300001 243830.24293864 10650.50551517
0.22400001 240741.51487127 8125.02651111
0.22500001 237691.11018862 8863.50191806
0.22600001 234673.77027984 8789.70648148
0.22700001 231693.57309566 12678.27291934
0.22800001 228745.86198315 8643.16280377
0.22900001 225831.44504830 10128.54078940
0.23000001 222951.67013123 11587.91360308
0.23100001 220105.17783854 8425.62660613
0.23200001 217289.19904607 8353.68365240
0.23300001 214505.93733692 7529.15875661
0.23400001 211754.80246726 9703.66428200
0.23500001 209032.62126868 8139.73065718
0.23600001 206342.94442323 8069.04122331
0.23700001 203682.40497348 9452.90086192
0.23800001 201051.72417032 7928.47511766
0.23900001 198449.97371043 10716.29908724
0.24000001 195876.88384227 9205.23459158
0.24100001 193333.46578549 10527.00770996
0.24200001 190817.34043540 9737.40934302
0.24300001 188329.13456993 8271.41598157
0.24400001 185867.70790838 9562.89402425
0.24500001 183433.17193916 8799.28967417
0.24600001 181025.57975457 6706.99804718
0.24700001 178644.31479875 7310.12570738
0.24800001 176288.81328378 6584.38748763
0.24900001 173957.97085413 7828.10905876
0.25000001 171653.29556750 7109.02157224
0.25100001 169372.27299019 7042.49944411
0.25200001 167117.77270317 7610.54372896
0.25300001 164886.88799047 8166.84794855
0.25400001 162679.80182457 8089.25352844
0.25500001 160495.78011228 9244.55737185
0.25600001 158335.79719987 7324.61432501
0.25700001 156198.49837712 6649.37039052
0.25800001 154084.63712683 5986.18843561
0.25900001 151993.31268029 5927.73947500
0.26000001 149924.27086885 6456.48903046
0.26100001 147876.63454978 7555.01761662
0.26200001 145851.93063504 6904.63072297
0.26300001 143847.82393462 7974.92373629
0.26400001 141865.74614633 7330.91277900
0.26500001 139905.26765658 5582.22044364
0.26600001 137964.62025954 5525.48330286
0.26700001 136045.85176824 5469.04349988
0.26800001 134147.88142939 5954.15399900
0.26900001 132269.08649807 5892.58808234
0.27000001 130411.44576315 6361.47062537
0.27100001 128573.36174790 7344.11077058
0.27200001 126756.58223097 7266.95520320
0.27300001 124958.38826176 6162.94800073
0.27400001 123177.92613485 8637.85247899
0.27500001 121419.64676283 6534.80569804
0.27600001 119678.04888631 6464.41011653
0.27700001 117957.60529605 8362.01503518
0.27800001 116254.76774153 5351.78848627
0.27900001 114571.60519299 5293.20841043
0.28000001 112905.88906641 6186.67848420
0.28100001 111259.31490994 5647.52309212
0.28200001 109631.51632144 4653.85808811
0.28300001 108021.52062123 4601.71699626
0.28400001 106429.32683746 5914.81011894
0.28500001 104855.62794399 7197.29064273
0.28600001 103299.46065082 5336.45038981
0.28700001 101760.89759245 4396.07098407
0.28800001 100239.31479452 4779.91195222
0.28900001 98737.23264384  4724.57680564
0.29000001 97250.57628973  4669.48664158
0.29100001 95782.42556204  5034.32452584
0.29200001 94331.00600507  4560.43270118
0.29300001 92896.98159885  4916.10849892
0.29400001 91479.15956385  5262.33890301
0.29500001 90079.33442438  4799.42716532
0.29600001 88695.40750072  4741.65670945
0.29700001 87328.48804850  5074.65868072
0.29800001 85977.71939585  5012.93116668
0.29900001 84644.55264527  4951.70656416
0.30000001 83326.68909152  4514.64022870
0.30100001 82026.15275745  3715.78489582
0.30200001 80740.57755617  4403.59130838
0.30300001 79472.29829827  5798.29915834
0.30400001 78219.86596349  4652.12674842
0.30500001 76983.26096962  4240.23821495
0.30600001 75761.67400238  6279.88545536
0.30700001 74557.08306564  4133.44488085
0.30800001 73367.83394967  3740.65919102
0.30900001 72194.01516968  4699.83061006
0.31000001 71036.30097870  4307.99667681
0.31100001 69892.90792238  4252.28471932
0.31200001 68765.70713522  3228.55010286
0.31300001 67653.35005693  6054.29858324
0.31400001 66557.33625762  4088.28457319
0.31500001 65475.09103222  3413.87140806
0.31600002 64408.50951432  3062.62477241
0.31700002 63356.69289353  4533.17159117
0.31800002 62319.82098209  3578.40429022
0.31900002 61297.93283643  2942.30091546
0.32000002 60290.83372447  3193.30415942
0.32100002 59297.50712721  3150.47670284
0.32200002 58320.20348824  3108.17539208
0.32300002 57355.07229881  3344.94797485
0.32400002 56405.52701609  3849.67740114
0.32500002 55470.06697196  3526.23232438
0.32600002 54548.99150523  4816.13068805
0.32700002 53641.32507115  2903.06865032
0.32800002 52748.41879169  3123.76150876
0.32900002 51868.63720327  2824.24742946
0.33000002 51003.60404132  3292.02777874
0.33100002 50149.93877773  3246.70719022
0.33200002 49312.54823218  2709.47809092
0.33300002 48487.25175631  3400.89599924
0.33400002 47675.88600127  2395.71338501
0.33500002 46876.71136133  3307.62091029
0.33600002 46091.89607282  2562.94000250
0.33700002 45318.89771787  3676.26915697
0.33800002 44560.17093509  2945.65023916
0.33900002 43812.89972051  2681.34958988
0.34000002 43079.21209200  3084.90252400
0.34100002 42357.76616670  2824.83955944
0.34200002 41649.60131621  2571.44650704
0.34300002 40952.49995026  2324.46400726
0.34400002 40269.38032068  2500.72863635
0.34500002 39597.11163768  2055.09019132
0.34600002 38938.04061936  2229.39762125
0.34700002 38289.32379389  3197.92447472
0.34800002 37654.09210050  2759.66854075
0.34900002 37029.70006293  1944.05934538
0.35000002 36417.26078998  3259.52708139
0.35100002 35816.64902041  1891.11915785
0.35200002 35226.34939747  2611.32940451
0.35300002 34647.73868814  1839.79501148
0.35400002 34080.66318121  1996.27494039
0.35500002 33524.67837042  2148.26149173
0.35600002 32978.66996598  2472.41100445
0.35700002 32443.73397836  2439.12003602
0.35800002 31920.13072029  2406.45876898
0.35900002 31406.91678988  1865.57094568
0.36000002 30904.46528696  1840.82456201
0.36100002 30411.26176467  1981.59791045
0.36200002 29929.69778503  2281.54097022
0.36300002 29456.96449835  2090.85543913
0.36400002 28994.33616105  1904.92797601
0.36500002 28541.30061823  2036.99272161
0.36600002 28098.48890553  2165.55064253
0.36700002 27664.67415358  1527.09008561
0.36800002 27241.70308594  1658.61117095
0.36900002 26827.02519651  2233.34995340
0.37000002 26421.17987710  1764.40647577
0.37100002 26024.48115727  1742.59934084
0.37200002 25637.52162852  1864.74522398
0.37300002 25258.64933669  2125.51544237
0.37400002 24888.65771488  1819.98318161
0.37500002 24527.63597863  1660.03048167
0.37600002 24175.13342110  1640.52463167
0.37700002 23830.46124914  1621.42466020
0.37800002 23494.07997656  1869.89391392
0.37900002 23166.42620894  1320.48635646
0.38000002 22846.47645959  1566.81142982
0.38100002 22533.44691474  1291.16656938
0.38200002 22229.14486547  1404.77087632
0.38300002 21931.76494695  1894.90458119
0.38400002 21642.88866451  1624.83994346
0.38500002 21359.99789047  1236.74393645
0.38600002 21085.88079427  1224.03543810
0.38700002 20817.63493633  1453.90369283
0.38800002 20556.95537077  1439.39808325
0.38900002 20302.52234964  1544.00689784
0.39000002 20056.11029329  1764.43638664
0.39100002 19815.11743398  1165.12896032
0.39200002 19581.38747361  1154.32284626
0.39300002 19353.49969001  1258.17107446
0.39400002 19133.52196490  1247.02735314
0.39500002 18918.36851027  1573.25159985
0.39600002 18709.46558333  1336.97847393
0.39700002 18506.51089779  1325.80650353
0.39800002 18309.63037736  1643.74714501
0.39900002 18118.24863061  1304.51396321
0.40000002 17932.54113772  1078.64240054
0.40100002 17752.50704633  1070.47622561
0.40200002 17578.18027642  1168.86115286
0.40300002 17408.54775270  1160.45384818
0.40400002 17244.62019960  1257.13287211
0.40500002 17085.82272045  1144.57931827
0.40600002 16931.89821161  1343.80016523
0.40700002 16783.02998553  1437.97007729
0.40800002 16638.93708914  1122.87872266
0.40900002 16499.40374185  1319.12739166
0.41000002 16365.03789608  1008.90463410
0.41100002 16234.64278906  1103.63106909
0.41200002 16108.56764889  1097.71839445
0.41300002 15987.54475226  1489.23986424
0.41400002 15870.21195343  1383.08903728
0.41500002 15757.28121943  1179.90527362
0.41600002 15647.75965188  1272.39763638
0.41700002 15542.80030979  1169.44035072
0.41800002 15442.34206694  1164.66149388
0.41900002 15343.88801655  1159.99798902
0.42000002 15250.50690788  1059.37651255
0.42100002 15160.76054742  1055.64380694
0.42200002 15074.57044794  1434.72231037
0.42300002 14991.25789379  1144.13285667
0.42400002 14911.34682358  1045.65824555
0.42500002 14835.05805798  1137.55230579
0.42600002 14761.17415500  1134.54389932
0.42700002 14691.54106153  1037.51667893
0.42800002 14624.27185238  1129.28632595
0.42900002 14560.89062511  1033.09523881
0.43000002 14499.81082289  1406.11922118
0.43100002 14440.77202039  1122.91448552
0.43200002 14385.55023380  1027.77568516
0.43300002 14332.65804893  1212.97290816
0.43400002 14282.58496315  1025.13258431
0.43500002 14234.71029701  1024.04510729
0.43600002 14189.77480569  1488.22365215
0.43700002 14146.56268922  1394.14381909
0.43800002 14105.66311137  1114.62955188
0.43900002 14067.85792743  1114.17440065
0.44000002 14031.67609281  1021.01495928
0.44100002 13998.00851133  928.06800828
0.44200002 13966.24833906  1113.66869533
0.44300002 13936.50530482  1392.25694593
0.44400002 13909.24264256  1114.13038847
0.44500002 13882.48373128  1578.85494958
0.44600002 13858.02029059  1022.09833497
0.44700002 13836.53897600  1208.76010223
0.44800002 13815.14368369  1302.62995967
0.44900002 13797.05834952  1117.56177927
0.45000002 13780.04250372  1211.88589542
0.45100002 13764.29256012  1493.15052769
0.45200002 13750.31652585  1027.76745743
0.45300002 13737.33266272  1216.16611827
0.45400002 13726.34007902  1030.50503027
0.45500002 13716.70654681  1125.86732672
0.45600002 13708.22179972  1033.66851380
0.45700002 13701.16065415  1600.15862864
0.45800002 13694.86218799  1320.04782886
0.45900002 13689.83634517  1227.97837836
0.46000002 13686.80876242  1041.08715786
0.46100002 13683.63895580  1043.10384704
0.46200002 13682.61955134  1045.28377017
0.46300002 13682.48100179  1047.53079515
0.46400002 13682.59868885  1240.66969491
0.46500002 13684.31802417  1530.45420036
0.46600002 13686.54793693  958.74272842
0.46700002 13689.35577180  1441.48923109
0.46800002 13694.13474352  1156.05890984
0.46900002 13698.53920755  1255.47117788
0.47000002 13704.13355477  1645.93503861
0.47100002 13710.33291380  1456.03742446
0.47200002 13717.59769794  1070.58996308
0.47300002 13725.54167946  1073.47466563
0.47400002 13733.35989291  1467.75290812
0.47500002 13742.18669941  981.19217684
0.47600002 13752.20295293  1279.16121830
0.47700002 13761.70839593  1677.41471589
0.47800002 13771.94918323  1088.46605529
0.47900002 13783.20317974  1587.82508157
0.48000002 13794.32552747  1094.78669738
0.48100002 13807.17455242  1397.56227444
0.48200002 13818.25379030  1201.35904147
0.48300002 13830.21481311  1405.70310023
0.48400002 13842.92831594  1007.07308272
0.48500002 13856.42455165  1111.14673747
0.48600002 13869.93489566  1418.47830901
0.48700002 13883.59269762  1727.67435718
0.48800002 13896.87214774  1223.20274442
0.48900002 13911.07206069  1124.71022942
0.49000002 13924.95277043  1333.24466620
0.49100002 13939.93144034  1028.76698906
0.49200002 13954.23006245  1135.10689824
0.49300002 13968.67712499  1552.61853604
0.49400002 13983.49521157  1765.06676675
0.49500002 13997.89559450  1145.58782976
0.49600002 14013.16960759  1880.42731878
0.49700002 14027.90318012  1362.24974239
0.49800002 14042.85048047  1366.43963077
0.49900002 14057.48784276  1159.74280200
0.50000002 14072.53470167  1586.32654944
