# SAXS profile: number of points = 501, q_min = 0, q_max = 0.5, delta_q = 0.001
#    q    intensity    error
0.00000000 1664650.74656090 374.54641798
0.00100000 1664564.16985989 499.36926282
0.00200000 1664304.40700813 898.72440824
0.00300000 1663871.68010233 1297.81995671
0.00400000 1663265.84155568 1372.19437142
0.00500000 1662487.58038336 1496.23888157
0.00600000 1661536.70741481 2442.45905934
0.00700000 1660414.00965149 2789.49565215
0.00800000 1659119.24632847 2463.79218482
0.00900000 1657653.81594937 2983.77699626
0.01000000 1656017.09289724 3005.67115339
0.01100000 1654210.74934801 3573.09537416
0.01200000 1652234.54329540 3544.04325075
0.01300000 1650089.97725383 4851.26474709
0.01400000 1647777.07817588 3707.49859025
0.01500000 1645297.52878814 3948.71424492
0.01600000 1642650.86529169 4188.75989375
0.01700000 1639839.44568157 4427.56670196
0.01800000 1636863.62820103 5131.56770532
0.01900000 1633724.42105910 8331.99492336
0.02000000 1630422.69839614 6162.99807872
0.02100000 1626961.06980954 6979.66330593
0.02200000 1623338.19410517 6160.56872652
0.02300000 1619557.27018290 8745.60965707
0.02400000 1615618.91786287 8481.99970554
0.02500000 1611525.32189752 6913.44394668
0.02600000 1607277.11110302 8462.31437701
0.02700000 1602876.04881696 9424.91159872
0.02800000 1598322.71120756 9038.51534638
0.02900000 1593620.40574196 10756.93823265
0.03000000 1588769.80309661 10342.89189357
0.03100000 1583772.53659161 9882.74108307
0.03200000 1578629.79478210 7814.21784408
0.03300000 1573345.68176319 8826.46968160
0.03400000 1567918.69927260 10701.04561629
0.03500000 1562353.21255039 11811.39083231
0.03600000 1556649.49921612 9503.34563190
0.03700000 1550810.78983298 14143.39505737
0.03800000 1544838.52354176 10844.76693715
0.03900000 1538735.18704844 13848.61732477
0.04000000 1532500.97081245 11309.85768868
0.04100000 1526140.06202516 9614.68283656
0.04200000 1519653.77724341 12742.29751334
0.04300000 1513043.99958153 10984.69994685
0.04400000 1506313.79919335 10167.61861676
0.04500000 1499465.11540599 11380.94075475
0.04600000 1492498.83307222 10522.11726230
0.04700000 1485418.96064087 11764.51871542
0.04800000 1478227.07771851 14124.46038478
0.04900000 1470926.04855836 11031.94587770
0.05000000 1463517.19434180 17913.45129290
0.05100000 1456004.68736091 14763.88821760
0.05200000 1448387.89005070 14969.08954125
0.05300000 1440672.07575037 14003.33322910
0.05400000 1432858.22747447 11821.08092793
0.05500000 1424950.11357211 13166.53966362
0.05600000 1416948.26660736 14537.88989379
0.05700000 1408857.97831168 19611.30397353
0.05800000 1400678.32219061 14875.20447622
0.05900000 1392413.59672082 17544.41213811
0.06000000 1384067.27948542 13930.63781884
0.06100000 1375640.67128186 17910.84237709
0.06200000 1367136.97801087 18087.22306454
0.06300000 1358558.93920304 19563.24963921
0.06400000 1349906.50104447 15793.90680085
0.06500000 1341185.62487842 17261.05979962
0.06600000 1332397.90830147 17407.77948644
0.06700000 1323544.31483431 16200.18317172
0.06800000 1314629.33616266 14967.05569281
0.06900000 1305656.28636164 19193.14830812
0.07000000 1296624.71174109 13809.05382670
0.07100000 1287539.29457288 16686.51003922
0.07200000 1278401.78927909 13998.50024839
0.07300000 1269215.71899723 15497.12465508
0.07400000 1259984.06241763 17009.78563979
0.07500000 1250707.06005703 15683.86726826
0.07600000 1241388.51289643 14338.03799613
0.07700000 1232032.02114898 15856.25285566
0.07800000 1222638.66896279 15937.09579732
0.07900000 1213210.27311072 14558.52396018
0.08000000 1203752.57229139 20475.83221522
0.08100000 1194265.88801881 14689.47111184
0.08200000 1184751.37391233 19175.20188657
0.08300000 1175213.37961342 20730.76498932
0.08400000 1165654.19936895 14862.09173956
0.08500000 1156075.90040151 16404.71779682
0.08600000 1146481.02605416 22442.36713871
0.08700000 1136871.69946766 21009.38999272
0.08800000 1127249.96102194 15048.78768639
0.08900000 1117618.93280260 15087.85630151
0.09000000 1107980.91861507 24198.30439928
0.09100000 1098337.36057154 19704.17317438
0.09200000 1088690.67885766 19743.40638876
0.09300000 1079044.88063718 16735.98688514
0.09400000 1069398.68148007 18286.71831274
0.09500000 1059756.74841808 16786.54768396
0.09600000 1050120.08327365 18335.09751585
0.09700000 1040493.98992296 24472.41979350
0.09800000 1030876.92549835 21431.93228879
0.09900000 1021273.06370193 16851.00634346
0.10000000 1011681.70942607 19925.07220417
0.10100000 1002106.95037329 22998.35559272
0.10200000 992550.56210311 16868.39759637
0.10300000 983013.99420548 24536.03044956
0.10400000 973499.77703015 19932.40887241
0.10500000 964011.26276500 21458.89171878
0.10600001 954545.02471346 18384.53804104
0.10700001 945108.59669980 24497.21597924
0.10800001 935699.83807902 22948.03960886
0.10900001 926323.00753915 22926.49551564
0.11000001 916978.79203164 21374.77664836
0.11100001 907668.19746861 15248.82643529
0.11200001 898394.19851238 25887.23004883
0.11300001 889156.77392245 22806.87232488
0.11400001 879958.47957221 21250.99828226
0.11500001 870801.10346508 15151.93991377
0.11600001 861685.67563718 18147.10118349
0.11700001 852613.50484964 21127.76364518
0.11800001 843585.29099188 19575.39759943
0.11900001 834602.46637159 21031.98314320
0.12000001 825666.67731388 20980.19125882
0.12100001 816780.82857022 16441.79885366
0.12200001 807943.86719801 19378.53456769
0.12300001 799158.37932511 16350.78121135
0.12400001 790424.32878711 16302.50254937
0.12500001 781742.58960691 25117.39058761
0.12600001 773116.62009613 16200.65953755
0.12700001 764544.95116098 20550.96925570
0.12800001 756029.18962525 17554.99861045
0.12900001 747570.90597603 17493.16002433
0.13000001 739170.59848043 23239.52471162
0.13100001 730828.34205973 17364.48222586
0.13200001 722545.65042542 23063.65824881
0.13300001 714324.26496331 17229.50208317
0.13400001 706163.06566591 18589.74358008
0.13500001 698064.47060114 19936.72222035
0.13600001 690027.63314289 18434.08908859
0.13700001 682054.59950910 18354.09013825
0.13800001 674143.95197301 15461.49226760
0.13900001 666298.89769489 18189.96076488
0.14000001 658517.94804165 20891.48288688
0.14100001 650802.47870574 18020.72148527
0.14200001 643152.11337440 17934.29752732
0.14300001 635569.32955235 16473.95779903
0.14400001 628050.21563598 13660.09283443
0.14500001 620599.97655832 16309.36815330
0.14600001 613216.14867464 17577.84173098
0.14700001 605901.64018099 16141.22045591
0.14800001 598651.60998431 20069.79617159
0.14900001 591470.99234721 17300.52734241
0.15000001 584357.79997856 14559.27527341
0.15100001 577313.08833062 15795.28684203
0.15200001 570336.80233799 14398.15325443
0.15300001 563429.88801527 14316.75413006
0.15400001 556588.96826477 12940.69412284
0.15500001 549818.21914907 20585.19509642
0.15600001 543113.49313548 17906.45271377
0.15700001 536480.70184187 17800.43052724
0.15800001 529912.43130585 13902.25329148
0.15900001 523414.78592094 16330.54209154
0.16000001 516982.83139941 17479.19035467
0.16100001 510622.01145992 12408.11546419
0.16200001 504327.60602294 12330.81054935
0.16300001 498100.64230367 15929.25929286
0.16400001 491941.34032007 17045.76824681
0.16500001 485848.79406175 15726.92620627
0.16600001 479824.11402066 16827.43247318
0.16700001 473864.56811199 19106.22028837
0.16800001 467970.85992831 14235.67423118
0.16900001 462145.52054928 12963.18246350
0.17000001 456384.22042073 15218.13254852
0.17100001 450688.16474546 12790.53071946
0.17200001 445057.94145574 15014.03036402
0.17300001 439491.97198947 13764.88921275
0.17400001 433990.22274373 13670.69266204
0.17500001 428552.17909852 14707.91148128
0.17600001 423176.07975629 13482.39053780
0.17700001 417864.70864219 13388.38589724
0.17800001 412614.27289825 14402.30187576
0.17900001 407426.36718669 12100.56367700
0.18000001 402299.86354495 13106.93017340
0.18100001 397235.70902112 13013.44244224
0.18200001 392229.47828649 12920.03962507
0.18300001 387284.08050454 11757.94523956
0.18400001 382397.78407754 13795.00071228
0.18500001 377571.70733295 13694.52647192
0.18600001 372802.23305595 10457.10313125
0.18700001 368090.12151797 11418.15610894
0.18800001 363435.32019405 14424.74854002
0.18900001 358838.77312787 15340.35827601
0.19000001 354294.27896754 12180.63788642
0.19100001 349809.67020539 13096.87467132
0.19200001 345376.58114744 10998.51774633
0.19300001 340999.82809458 10915.40501309
0.19400001 336674.65028558 10832.50738482
0.19500001 332403.37016008 13681.72336232
0.19600001 328184.09524105 10667.62451992
0.19700001 324016.40043077 9623.28754757
0.19800001 319900.06192797 11458.82075979
0.19900001 315834.76412052 11370.05204569
0.20000001 311817.49968437 10341.42786578
0.20100001 307851.41441107 10260.68812726
0.20200001 303932.02817123 10180.20376475
0.20300001 300062.50719097 12854.67841563
0.20400001 296239.40148967 10931.23443164
0.20500001 292462.90677267 13555.65636965
0.20600001 288732.60155553 14344.23632330
0.20700001 285048.24846196 10672.20692688
0.20800001 281407.57053307 10586.55330388
0.20900001 277813.44046459 9626.23616714
0.21000001 274261.19579029 12152.51415995
0.21100001 270752.56809754 11192.91169428
0.21200001 267286.22351518 8539.79524502
0.21300001 263860.90409170 13551.89667482
0.21400001 260478.10024155 9240.46104293
0.21500001 257136.63131226 9164.34997324
0.21600001 253834.19598597 8262.30346997
0.21700001 250571.70627530 11471.17325564
0.21800001 247348.37859552 11375.55246945
0.21900001 244162.43838396 8863.09693240
0.22000001 241014.35211994 8788.58876560
0.22100001 237905.03445476 10298.90942851
0.22200001 234832.44201246 10211.68922377
0.22300001 231794.88768441 9345.97031336
0.22400001 228792.59119576 10038.27541339
0.22500001 225827.83789477 7655.56406664
0.22600001 222895.49925522 9866.46974110
0.22700001 219999.57645657 8276.38445768
0.22800001 217135.99139478 9696.20815427
0.22900001 214304.77692985 7393.51515373
0.23000001 211507.46752306 8794.48091552
0.23100001 208743.07594565 7990.68532510
0.23200001 206008.75270765 7920.00687241
0.23300001 203306.21445304 9990.46785072
0.23400001 200635.41236726 7779.63848248
0.23500001 197993.11317895 9111.64349944
0.23600001 195382.51567027 7640.43363666
0.23700001 192800.63807830 7571.28141544
0.23800001 190248.09828012 6820.39464594
0.23900001 187723.92791041 8109.67406931
0.24000001 185227.93018514 10713.58398866
0.24100001 182760.99163018 8624.49160298
0.24200001 180320.99873765 9201.78100084
0.24300001 177908.24275072 9767.16298903
0.24400001 175521.80586983 8385.55467210
0.24500001 173161.88146253 7028.64110105
0.24600001 170828.21962945 8227.94158768
0.24700001 168520.61116315 7522.76043819
0.24800001 166238.12888629 7450.79328916
0.24900001 163979.86698409 7994.01889365
0.25000001 161747.44670142 6089.79165641
0.25100001 159538.24412916 9045.81887007
0.25200001 157354.86275279 6568.77905638
0.25300001 155194.96771051 8869.39282427
0.25400001 153058.18424232 8196.26615395
0.25500001 150944.32561127 6955.51485325
0.25600001 148854.05112366 6885.98873077
0.25700001 146785.73843704 6248.66918091
0.25800001 144740.74899310 7872.44971021
0.25900001 142717.82166724 6122.59483921
0.26000001 140716.88587251 5509.06634257
0.26100001 138736.80046385 5997.59216784
0.26200001 136779.38849635 7554.32598410
0.26300001 134842.30763788 7475.65788917
0.26400001 132926.59498991 8454.13184139
0.26500001 131032.34475318 7842.28620457
0.26600001 129157.52228189 6207.31081459
0.26700001 127304.34557541 6141.16192116
0.26800001 125471.65199719 8606.72837603
0.26900001 123657.64939739 5508.94854135
0.27000001 121864.60834099 5944.55587618
0.27100001 120090.65816387 6369.60881044
0.27200001 118337.69641710 5330.52178737
0.27300001 116603.13768375 6709.34485984
0.27400001 114886.00875811 5686.85770266
0.27500001 113190.89633950 6091.93432929
0.27600001 111512.11115995 5096.66128177
0.27700001 109853.94486903 5039.00068962
0.27800001 108213.25924056 4528.72511355
0.27900001 106592.22087336 4924.56083742
0.28000001 104988.10748694 5310.29872802
0.28100001 103402.92952283 5686.12736358
0.28200001 101836.38486684 4322.95474220
0.28300001 100287.28499358 4699.46239723
0.28400001 98755.70971079  6332.71018494
0.28500001 97242.55027664  5840.38784605
0.28600001 95746.46654653  5358.45125390
0.28700001 94267.99986140  4479.61556545
0.28800001 92806.21344858  5230.09440645
0.28900001 91363.54918350  4371.74603536
0.29000001 89936.29969529  4318.29163427
0.29100001 88527.14064086  5816.23341541
0.29200001 87134.79632400  7659.14895943
0.29300001 85759.38411031  4160.18792012
0.29400001 84399.99945288  4855.11019835
0.29500001 83058.50847938  3687.79795105
0.29600001 81732.77435017  5461.79290450
0.29700001 80423.69751872  3954.43339419
0.29800001 79130.88116511  3903.92220709
0.29900001 77855.03914522  4204.17231286
0.30000001 76594.60650230  3804.07131202
0.30100001 75351.38476953  4096.10146998
0.30200001 74122.59672101  4379.53383459
0.30300001 72911.28781168  3657.23036977
0.30400001 71715.75526197  4593.39434199
0.30500001 70535.61835837  3561.34353952
0.30600001 69370.34597097  5430.65779144
0.30700001 68221.97496055  3467.04093164
0.30800001 67088.61468547  3109.55743789
0.30900001 65970.87485336  4908.23332147
0.31000001 64868.93773370  4539.20413282
0.31100001 63781.13257097  3581.94857477
0.31200001 62709.43206807  3238.62877249
0.31300001 61652.23269778  3484.58435706
0.31400001 60611.13280808  3436.65139293
0.31500001 59584.13617200  3389.14582593
0.31600002 58572.37124656  3899.16293850
0.31700002 57575.37116783  3844.88346864
0.31800002 56592.96987529  3520.36585778
0.31900002 55625.46634587  4005.03376654
0.32000002 54672.59965549  3685.48011728
0.32100002 53733.49098808  4412.05715394
0.32200002 52810.01923653  2814.51010848
0.32300002 51899.13083300  3531.21702908
0.32400002 51003.10203980  2735.04147639
0.32500002 50121.15278651  3186.20183351
0.32600002 49253.51754703  3140.65069510
0.32700002 48399.13275447  3095.60867756
0.32800002 47559.52341312  3520.59388737
0.32900002 46732.76866004  3238.58102150
0.33000002 45920.53748280  2963.94123218
0.33100002 45119.43178457  2921.03215206
0.33200002 44334.94175971  3100.34262407
0.33300002 43562.12633939  3491.94021273
0.33400002 42802.95157061  2581.01810193
0.33500002 42056.13304467  2119.62920583
0.33600002 41323.24510063  2715.55718039
0.33700002 40602.19032450  2470.23737633
0.33800002 39895.00554319  2231.52724074
0.33900002 39199.57033181  2998.76727240
0.34000002 38517.26449680  3349.26889293
0.34100002 37847.16136067  2135.71541673
0.34200002 37189.96842381  2296.10875923
0.34300002 36544.05338866  2451.37521741
0.34400002 35911.53444843  2415.94859444
0.34500002 35290.20310485  2197.87395346
0.34600002 34681.75043062  2707.77779311
0.34700002 34083.42890675  1957.07058051
0.34800002 33498.32471457  1929.00112005
0.34900002 32924.09548100  2074.21811354
0.35000002 32361.43219102  1874.21243411
0.35100002 31810.76229221  2183.49082715
0.35200002 31269.90847586  1986.89007866
0.35300002 30740.76213412  2122.03491062
0.35400002 30222.92079667  1609.37060865
0.35500002 29715.87114022  2380.24139107
0.35600002 29218.71240930  1721.12833599
0.35700002 28732.66484472  1851.53301029
0.35800002 28257.64673988  1826.00921882
0.35900002 27792.79810120  1951.05451912
0.36000002 27338.41207262  2220.56262578
0.36100002 26893.39673875  1898.40496571
0.36200002 26459.45383135  1440.71732936
0.36300002 26034.40625016  1990.07010803
0.36400002 25619.19031895  2384.50625188
0.36500002 25213.48774436  1522.64259701
0.36600002 24817.68489488  1639.45634181
0.36700002 24430.67738316  1888.00283760
0.36800002 24054.34976817  1863.97165183
0.36900002 23686.10456750  1446.03675234
0.37000002 23326.51893112  1298.12084001
0.37100002 22975.74195567  1666.66040041
0.37200002 22634.51171104  1266.40099022
0.37300002 22301.38404067  1501.32924474
0.37400002 21976.67739853  1607.04461089
0.37500002 21660.84144262  1343.83866676
0.37600002 21353.34364069  1932.05062413
0.37700002 21053.34460341  1313.09716512
0.37800002 20761.28694083  1534.36298405
0.37900002 20477.79570900  1283.95785178
0.38000002 20201.93223490  1500.90262649
0.38100002 19932.74750282  1256.36113462
0.38200002 19671.99032208  1469.20266681
0.38300002 19417.93525429  1454.01506072
0.38400002 19171.98489490  1217.90039815
0.38500002 18932.00565648  1205.77949738
0.38600002 18700.14702144  2062.53281344
0.38700002 18474.49084470  1505.30158534
0.38800002 18255.76477663  1278.26871022
0.38900002 18043.14776359  1161.07661359
0.39000002 17838.19503816  1464.69426397
0.39100002 17638.55984351  1140.86210473
0.39200002 17445.78781940  1439.80093695
0.39300002 17258.84302862  1529.99650697
0.39400002 17079.18839646  1517.91294065
0.39500002 16904.17252811  1004.10789574
0.39600002 16735.18511747  1395.21244935
0.39700002 16571.84395063  1088.27304380
0.39800002 16414.44596044  1080.64510100
0.39900002 16262.16381441  1170.87585011
0.40000002 16115.13366555  1357.05547027
0.40100002 15973.71229040  1059.53638642
0.40200002 15837.56480459  1436.07125670
0.40300002 15705.87633734  1046.95376625
0.40400002 15579.51698967  1041.10127216
0.40500002 15458.16828543  941.40249319
0.40600002 15341.33588776  1404.88290049
0.40700002 15229.15066842  932.02406507
0.40800002 15121.53472248  927.70619918
0.40900002 15018.14714869  1015.97770275
0.41000002 14919.57346657  1471.66679647
0.41100002 14824.84221612  1374.26293855
0.41200002 14733.96181196  1004.04587525
0.41300002 14647.88867212  1273.48750150
0.41400002 14565.11828761  997.34652200
0.41500002 14486.49840102  1536.72782320
0.41600002 14411.08248788  991.55457756
0.41700002 14339.65326692  1528.46371415
0.41800002 14272.72425916  897.04076219
0.41900002 14207.27851273  895.05858871
0.42000002 14146.39993394  1161.34875761
0.42100002 14089.28517503  1337.77769076
0.42200002 14035.17271450  1068.63810112
0.42300002 13983.65847910  1067.23286570
0.42400002 13935.11795054  977.20019259
0.42500002 13890.04727367  1153.84628170
0.42600002 13846.86590718  1152.95934440
0.42700002 13807.84743470  1152.40300151
0.42800002 13770.55280297  974.74862635
0.42900002 13737.10774946  1063.25219019
0.43000002 13705.47907991  1151.87704386
0.43100002 13675.53190727  974.79196054
0.43200002 13649.11168660  886.50984605
0.43300002 13624.83438415  1153.06978857
0.43400002 13602.81340229  1153.85870153
0.43500002 13582.82552177  1332.47524683
0.43600002 13565.29394930  1067.04607262
0.43700002 13549.29571212  1068.22652457
0.43800002 13535.28850747  891.29879046
0.43900002 13523.93193046  1160.35341462
0.44000002 13513.90193832  1162.12805226
0.44100002 13506.02552587  895.44953480
0.44200002 13499.73430362  1345.58608048
0.44300002 13495.26378019  1078.54153243
0.44400002 13492.73574358  990.70416892
0.44500002 13490.47702320  902.51295562
0.44600002 13490.31316156  994.97809438
0.44700002 13492.54202118  997.36875347
0.44800002 13494.67665887  1090.63981926
0.44900002 13499.83700818  1002.36294536
0.45000002 13505.55511363  1370.47627010
0.45100002 13512.26869138  1557.42416318
0.45200002 13520.42489126  1102.45549788
0.45300002 13529.34781160  1105.61835556
0.45400002 13539.93618290  1386.15103242
0.45500002 13551.44804377  1112.30290815
0.45600002 13563.80955706  1208.73894596
0.45700002 13577.18817531  1212.57873341
0.45800002 13591.12685828  1216.47386710
0.45900002 13606.04925583  1408.22616472
0.46000002 13622.53131129  1036.19789330
0.46100002 13638.74811492  1039.68181808
0.46200002 13656.49178608  1422.66509924
0.46300002 13675.02345215  1332.49434833
0.46400002 13693.34837873  1050.62220415
0.46500002 13713.02101835  1246.10227900
0.46600002 13732.89408747  1442.98391463
0.46700002 13753.10808862  1255.10870365
0.46800002 13774.83257313  1259.77737268
0.46900002 13795.92357423  1167.13518970
0.47000002 13817.84522483  1073.85389254
0.47100002 13840.26971156  1371.84759883
0.47200002 13863.16613718  1573.74669448
0.47300002 13886.56435476  1283.53520415
0.47400002 13909.51151487  991.05274241
0.47500002 13933.26088374  1492.25231138
0.47600002 13957.64990623  1198.40387775
0.47700002 13981.50110223  1603.95788247
0.47800002 14005.66712057  1207.56867637
0.47900002 14030.61789941  1111.22499030
0.48000002 14055.16486128  1216.89623137
0.48100002 14080.93107081  1018.05136467
0.48200002 14104.74939570  1124.07805637
0.48300002 14129.29843373  1436.10196088
0.48400002 14154.24429025  1235.66558511
0.48500002 14179.53792527  1550.53254562
0.48600002 14204.69091800  1245.18326489
0.48700002 14229.88378187  1145.79029643
0.48800002 14254.10371181  1254.64626818
0.48900002 14279.10518074  1469.31999275
0.49000002 14303.49528727  1369.48822119
0.49100002 14328.80464499  1057.46583293
0.49200002 14353.02713706  1167.54704781
0.49300002 14377.19335011  1278.42009329
0.49400002 14401.49320003  1390.10419703
0.49500002 14425.08260353  1180.54881623
0.49600002 14449.37387428  1508.08122274
0.49700002 14472.62681460  1189.21580173
0.49800002 14495.98906505  1844.54221602
0.49900002 14518.86082565  1742.26338167
0.50000002 14541.74127325  1529.93667188
