# SAXS profile: number of points = 501, q_min = 0, q_max = 0.5, delta_q = 0.001
#    q    intensity    error
0.00000000 1682732.95097188 302.89193117
0.00100000 1682645.81581966 605.75250808
0.00200000 1682384.37146067 908.48758936
0.00300000 1681948.84313232 1715.58788111
0.00400000 1681339.09797321 1261.00437140
0.00500000 1680555.80588006 1966.25037071
0.00600000 1679598.80147085 2469.01033868
0.00700000 1678468.83109588 2618.41148533
0.00800000 1677165.66851302 2717.00849770
0.00900000 1675690.77335490 2764.88989423
0.01000000 1674043.52865056 3867.04071816
0.01100000 1672225.45973771 3612.00715030
0.01200000 1670236.48097881 3582.65740878
0.01300000 1668078.01282736 4203.55677772
0.01400000 1665750.20768718 4122.73194679
0.01500000 1663254.50906215 5987.71649925
0.01600000 1660590.79772905 4657.95739586
0.01700000 1657761.08566216 5818.74167170
0.01800000 1654765.96279060 5187.69152678
0.01900000 1651606.51203762 6441.26568759
0.02000000 1648283.26013697 6230.51100516
0.02100000 1644799.25403222 7056.18911972
0.02200000 1641152.81077468 7360.57069073
0.02300000 1637347.43791714 7073.34125377
0.02400000 1633383.39103823 8575.26319396
0.02500000 1629263.19294834 7624.95209123
0.02600000 1624987.31636828 7239.31882553
0.02700000 1620557.61150001 10890.14764806
0.02800000 1615974.68245110 7029.49019103
0.02900000 1611241.77723553 7250.58833046
0.03000000 1606359.59426911 12698.27317638
0.03100000 1601329.69016199 9992.29772639
0.03200000 1596153.41157432 9481.15170144
0.03300000 1590834.81318908 8924.58371342
0.03400000 1585372.42913027 8323.20563697
0.03500000 1579770.44191625 12796.14117042
0.03600000 1574029.36023025 10483.03602359
0.03700000 1568152.35804797 14301.55016681
0.03800000 1562140.91726474 10052.37726782
0.03900000 1555997.58279262 13070.38030075
0.04000000 1549722.47495736 15249.26986022
0.04100000 1543319.71223739 13612.08049308
0.04200000 1536790.82347677 11894.76152554
0.04300000 1530137.60081791 11108.79949759
0.04400000 1523362.89602949 10282.70002575
0.04500000 1516469.12474798 20927.27489391
0.04600000 1509456.80902942 12770.00519803
0.04700000 1502330.30953012 11898.45660485
0.04800000 1495090.71820777 16483.37593518
0.04900000 1487741.20518886 13389.67146996
0.05000000 1480283.28174123 12456.58439591
0.05100000 1472721.04451261 14933.39208702
0.05200000 1465053.56368789 13976.61164891
0.05300000 1457286.35997153 16525.62809247
0.05400000 1449420.48696877 13153.49153264
0.05500000 1441459.54458860 12108.26073939
0.05600000 1433404.31472305 13481.16820906
0.05700000 1425259.97066529 14879.71478831
0.05800000 1417025.57969592 13794.74466245
0.05900000 1408705.29665559 13946.18308826
0.06000000 1400302.90198162 15375.32658208
0.06100000 1391819.82507691 19415.88746715
0.06200000 1383258.53255113 18300.51124108
0.06300000 1374622.82740219 17155.29368808
0.06400000 1365911.62023021 15981.16670408
0.06500000 1357131.92415785 13435.60667765
0.06600000 1348284.37832421 17615.33622700
0.06700000 1339370.85461594 15027.74169207
0.06800000 1330395.14396445 16523.50846149
0.06900000 1321361.03848909 15261.72070909
0.07000000 1312267.71370755 13975.65180544
0.07100000 1303120.22878989 18295.80886914
0.07200000 1293920.03857645 19835.79512062
0.07300000 1284670.87599383 18537.80160919
0.07400000 1275375.64551477 14347.97668445
0.07500000 1266034.76682298 23092.47522925
0.07600000 1256651.85977266 26125.79338947
0.07700000 1247230.44903355 14592.59693792
0.07800000 1237771.90688650 14667.59778446
0.07900000 1228278.24940241 19161.14158941
0.08000000 1218754.36983560 19250.22617460
0.08100000 1209201.40095365 20822.44910137
0.08200000 1199620.70207533 19415.86197418
0.08300000 1190015.43033800 19492.45366376
0.08400000 1180389.00499581 18059.95262415
0.08500000 1170743.22182919 19633.36475177
0.08600000 1161080.45649774 21212.94093619
0.08700000 1151403.15488561 21277.93130145
0.08800000 1141712.80020830 21338.61323803
0.08900000 1132013.17262905 16810.39640312
0.09000000 1122306.21541624 16851.42861608
0.09100000 1112593.91726298 19959.93581344
0.09200000 1102877.77542728 15385.14569011
0.09300000 1093162.62296944 16954.95307901
0.09400000 1083446.63035751 20070.84977065
0.09500000 1073734.60944303 17007.95701300
0.09600000 1064028.21562134 17029.77239155
0.09700000 1054331.64787604 23248.01392862
0.09800000 1044644.13598956 23269.44922324
0.09900000 1034969.79100438 20181.91187359
0.10000000 1025307.97867523 20193.44158965
0.10100000 1015662.29621277 20201.52402179
0.10200000 1006035.16872640 17097.56849671
0.10300000 996427.61199283 20207.55292179
0.10400000 986842.26054308 17097.04296824
0.10500000 977282.67228061 21754.31330849
0.10600001 967745.13664827 18638.77220887
0.10700001 958237.67654436 17075.79619957
0.10800001 948757.57372232 17063.40576643
0.10900001 939309.52408863 18598.32945230
0.11000001 929893.95104125 18579.28201632
0.11100001 920511.97626904 18557.52231515
0.11200001 911166.52252455 18533.12794064
0.11300001 901857.44063349 20048.29184917
0.11400001 892587.88952138 15397.14181921
0.11500001 883359.23480514 18444.54169125
0.11600001 874172.23367650 19944.24045053
0.11700001 865029.08410704 15311.01550977
0.11800001 855929.38893845 22917.51046820
0.11900001 846875.36309075 21341.26015510
0.12000001 837868.36278862 15207.31150095
0.12100001 828911.26836104 25787.43077351
0.12200001 820003.16620859 15129.05912930
0.12300001 811146.96948667 24139.73494925
0.12400001 802341.79729093 19557.08223045
0.12500001 793589.25899369 20998.37278243
0.12600001 784892.50089199 16447.42313125
0.12700001 776250.36210855 22356.01148228
0.12800001 767663.95642453 14854.29825689
0.12900001 759135.28755365 20724.39432700
0.13000001 750664.59880618 17700.67207417
0.13100001 742252.06826624 20575.22830221
0.13200001 733899.14068242 16105.41740149
0.13300001 725607.97266828 16043.19303202
0.13400001 717376.73648880 18884.94347841
0.13500001 709208.64015238 14467.85694124
0.13600001 701102.07371225 14407.64829412
0.13700001 693059.53631303 15780.96638597
0.13800001 685079.49873791 17140.68986670
0.13900001 677165.60915366 19908.66984797
0.14000001 669315.69878102 16987.23323619
0.14100001 661531.39600980 14090.61939956
0.14200001 653812.47684350 16829.13394770
0.14300001 646161.15430570 13957.08159133
0.14400001 638573.73985573 16666.77539640
0.14500001 631055.45767047 13820.11517491
0.14600001 623603.80186970 16500.55737588
0.14700001 616221.38485371 16416.13846696
0.14800001 608903.92224973 14969.90363477
0.14900001 601655.88065284 17598.43533940
0.15000001 594475.39272727 17504.32876476
0.15100001 587363.66981942 21427.02768605
0.15200001 580320.78825630 13318.36271894
0.15300001 573347.36831742 13244.32483312
0.15400001 566440.00018121 18437.62287599
0.15500001 559603.26494564 17023.13212302
0.15600001 552832.38483818 14321.12360512
0.15700001 546133.79327885 14237.70866275
0.15800001 539499.99712317 15440.49064644
0.15900001 532937.08779503 17906.68699512
0.16000001 526440.04663640 24155.70268012
0.16100001 520014.20962351 12636.34589034
0.16200001 513655.15450211 15070.64294452
0.16300001 507363.49873095 18721.71398698
0.16400001 501140.04008210 13643.53823534
0.16500001 494983.49824623 17255.12556350
0.16600001 488895.07681792 12246.82225250
0.16700001 482871.84116643 15818.88226350
0.16800001 476914.90016375 14507.75194799
0.16900001 471026.25808638 13212.28716318
0.17000001 465202.11742178 14318.92185038
0.17100001 459443.48818576 13039.00681043
0.17200001 453750.58164323 15307.27659459
0.17300001 448122.53371845 14035.19841887
0.17400001 442558.94956030 17425.75946189
0.17500001 437059.18883097 11538.36313007
0.17600001 431621.47657042 12605.50581859
0.17700001 426249.02442990 18209.35918368
0.17800001 420937.39540870 15823.03744077
0.17900001 415688.69848167 11223.59538914
0.18000001 410501.70191036 14488.65825330
0.18100001 405377.25335708 14386.83940123
0.18200001 400310.76030384 13186.23706730
0.18300001 395305.81379618 12001.48507379
0.18400001 390359.70226800 11915.73047464
0.18500001 385474.35019438 10754.73487850
0.18600001 380645.74984779 11744.82516642
0.18700001 375874.90073590 11659.63997169
0.18800001 371161.44415256 11574.67018276
0.18900001 366506.48850864 11489.97895762
0.19000001 361903.89729061 12442.25657673
0.19100001 357361.28892727 12350.40672888
0.19200001 352870.34667665 11237.15672089
0.19300001 348436.45672294 13181.35178068
0.19400001 344054.14133087 12076.30093137
0.19500001 339726.03112756 16979.50783812
0.19600001 335450.21291127 12886.32053795
0.19700001 331226.07494498 13772.38084706
0.19800001 327053.66457159 10738.80758371
0.19900001 322932.27759822 10656.76566438
0.20000001 318859.53806629 13459.06173787
0.20100001 314837.88371187 10493.54716007
0.20200001 310863.52791728 17038.43077044
0.20300001 306939.14811192 9392.33837615
0.20400001 303061.30104330 13046.78962658
0.20500001 299230.54451264 10170.84668873
0.20600001 295446.15271637 12843.04486565
0.20700001 291708.06281778 10921.55038815
0.20800001 288013.63642353 15349.68747877
0.20900001 284366.29193636 11644.80020526
0.21000001 280760.87180824 9774.69021408
0.21100001 277199.66205266 10577.93960398
0.21200001 273680.58387311 10492.91408174
0.21300001 270203.00963161 9540.86872114
0.21400001 266768.12067721 11184.25398814
0.21500001 263374.98377352 9386.68486547
0.21600001 260021.08743002 8463.68679600
0.21700001 256707.20798710 10912.62392748
0.21800001 253432.94580024 10822.85446211
0.21900001 250196.32552257 9082.12704589
0.22000001 246997.71581842 11463.16453314
0.22100001 243838.27002162 9743.77773078
0.22200001 240715.86990378 12077.91934352
0.22300001 237628.61216640 10379.61827023
0.22400001 234576.77246212 8708.66308946
0.22500001 231563.01856979 8634.98537079
0.22600001 228581.94949426 10896.50204767
0.22700001 225637.46769294 7716.80176002
0.22800001 222725.39578925 9945.80301931
0.22900001 219846.17509540 9101.63207937
0.23000001 217001.08917803 10526.72333385
0.23100001 214189.29306058 14162.19672693
0.23200001 211407.60612244 8866.43542010
0.23300001 208658.30533304 8788.68823628
0.23400001 205940.81598347 7985.35551743
0.23500001 203252.04025995 8634.14707860
0.23600001 200595.28522975 9270.51154536
0.23700001 197967.58544720 7774.18744821
0.23800001 195369.55946390 11906.79836470
0.23900001 192799.95603620 7634.87862016
0.24000001 190259.05998866 7565.65187831
0.24100001 187747.28354730 9541.31740119
0.24200001 185262.63521491 8103.38804761
0.24300001 182805.70967796 8697.89607791
0.24400001 180375.48943619 7954.55946042
0.24500001 177971.87839985 8537.31141069
0.24600001 175594.93539966 10409.26826290
0.24700001 173244.04715775 8378.08251688
0.24800001 170918.77260721 6383.81645888
0.24900001 168617.96243347 6955.49127943
0.25000001 166343.33567433 6889.10957286
0.25100001 164092.04830430 7443.21566321
0.25200001 161866.84517027 10442.84001021
0.25300001 159665.56435322 9124.88743449
0.25400001 157487.48111544 8433.45501273
0.25500001 155332.62961924 6561.25058554
0.25600001 153201.83529741 6496.52413315
0.25700001 151093.17082667 7016.76718518
0.25800001 149008.07937652 6946.75698921
0.25900001 146945.33903621 8596.30274035
0.26000001 144904.68341456 7942.22607374
0.26100001 142885.50627894 6176.94072871
0.26200001 140889.01082557 6669.68608807
0.26300001 138913.24610393 6601.15776721
0.26400001 136959.07846240 7077.36071443
0.26500001 135026.51748710 5387.55830267
0.26600001 133113.82583562 5864.32987469
0.26700001 131222.98263587 5802.68056674
0.26800001 129352.86410759 5219.38831373
0.26900001 127501.67079948 6196.58149409
0.27000001 125671.79406814 6641.12627180
0.27100001 123861.26516065 6064.24782924
0.27200001 122071.94628135 5498.73108046
0.27300001 120301.34483661 5933.26260813
0.27400001 118548.38647104 5868.14540802
0.27500001 116817.61342984 5319.87436736
0.27600001 115103.59092607 6217.32075811
0.27700001 113410.29122680 7566.73498876
0.27800001 111734.71838738 5143.70800440
0.27900001 110079.29881662 7397.32923058
0.28000001 108440.74626856 6856.16650732
0.28100001 106821.57775817 5422.26354364
0.28200001 105221.16220977 4913.30240193
0.28300001 103638.59875468 4856.50496750
0.28400001 102073.73195956 7854.57404605
0.28500001 100527.28872860 4312.62089058
0.28600001 98998.48235429  5540.45032720
0.28700001 97487.49763274  5896.04413590
0.28800001 95993.24949840  4993.56907527
0.28900001 94518.40571148  4522.70592737
0.29000001 93059.44015517  4874.45370606
0.29100001 91618.61619192  5216.76425290
0.29200001 90194.71945830  4360.46391862
0.29300001 88788.01347684  5090.21705358
0.29400001 87397.70475682  5414.28806598
0.29500001 86025.45477730  4583.43644750
0.29600001 84669.30236503  4149.21935881
0.29700001 83329.75614909  4842.29235905
0.29800001 82006.86660489  4045.80895548
0.29900001 80701.14453383  4721.01717872
0.30000001 79411.07122526  5378.11505333
0.30100001 78138.44997292  7079.34390268
0.30200001 76880.45785065  4891.90376462
0.30300001 75639.96838004  4139.01926570
0.30400001 74415.54481664  3404.51133654
0.30500001 73206.74343861  5040.28452437
0.30600001 72013.03870455  4642.68082508
0.30700001 70836.45520220  3927.17326234
0.30800001 69675.16066597  5167.11015962
0.30900001 68529.37079581  3505.27748216
0.31000001 67399.74591693  3458.61812547
0.31100001 66284.44716793  3722.53472920
0.31200001 65185.42006031  3060.45561673
0.31300001 64101.05629855  3622.99187353
0.31400001 63033.15211637  4169.64320992
0.31500001 61979.34167769  2937.82093462
0.31600002 60940.94095120  3767.06444326
0.31700002 59917.35405530  3429.66950851
0.31800002 58908.80621499  3664.42246411
0.31900002 57915.08349996  3335.90896755
0.32000002 56936.36138260  3015.63452342
0.32100002 55971.50756611  2703.42394345
0.32200002 55022.45780177  3732.17348941
0.32300002 54086.01430254  3154.29650348
0.32400002 53164.68034233  3110.13394730
0.32500002 52257.48627566  2555.39119988
0.32600002 51364.97472915  3527.23298167
0.32700002 50485.71931944  3974.23601302
0.32800002 49621.21853959  3428.33015124
0.32900002 48769.95644046  2655.52425393
0.33000002 47933.38988354  3807.82867266
0.33100002 47107.94426534  3518.96360326
0.33200002 46299.27157379  2775.17846955
0.33300002 45502.42193411  2735.60573622
0.33400002 44719.47175101  2921.29963047
0.33500002 43948.70072917  2658.01754597
0.33600002 43192.25967971  2620.04259625
0.33700002 42447.65818691  2582.51564639
0.33800002 41717.15530520  3606.23966114
0.33900002 40998.34564801  3554.55673602
0.34000002 40292.85565466  2473.17559721
0.34100002 39599.80247535  2844.05794847
0.34200002 38919.75478279  2002.42147841
0.34300002 38250.93469799  1973.74832389
0.34400002 37595.78919096  2140.14040105
0.34500002 36951.77038389  2301.35636850
0.34600002 36320.93050480  2646.70633123
0.34700002 35700.14366003  2422.61186351
0.34800002 35092.92646815  2388.24922390
0.34900002 34496.47521791  1992.17153819
0.35000002 33911.85212700  1964.00500895
0.35100002 33339.18252048  2992.52516477
0.35200002 32776.50863782  2256.17107894
0.35300002 32225.58372922  1882.29643478
0.35400002 31686.08961601  2193.46965756
0.35500002 31157.61869598  2329.34368404
0.35600002 30638.94876600  1804.78736254
0.35700002 30131.50257963  2103.48029471
0.35800002 29635.27711280  2234.20364736
0.35900002 29149.19513129  1888.86793397
0.36000002 28673.76714718  1552.68456456
0.36100002 28207.66899068  1684.84414862
0.36200002 27752.96946559  2115.60896257
0.36300002 27307.09272245  2087.35426658
0.36400002 26871.17632405  1765.43636811
0.36500002 26444.79067573  2177.72861530
0.36600002 26028.48016922  1862.72827154
0.36700002 25620.87706267  1697.12697702
0.36800002 25224.33945041  2233.86760754
0.36900002 24835.76626862  2205.41614912
0.37000002 24456.05698317  1633.17556270
0.37100002 24085.11886911  2015.92454484
0.37200002 23724.04326416  2123.77645361
0.37300002 23370.88009523  1442.21707899
0.37400002 23026.40577672  1683.80600219
0.37500002 22690.78363277  1535.71230901
0.37600002 22363.63017505  1770.52868483
0.37700002 22044.09109218  1249.90002414
0.37800002 21732.55618624  1482.59505326
0.37900002 21429.68495262  2076.53657028
0.38000002 21134.47724631  1328.61897503
0.38100002 20846.01230357  1194.47656158
0.38200002 20566.24432530  1654.14310945
0.38300002 20293.18559215  1285.77630003
0.38400002 20028.21567417  1966.27016696
0.38500002 19769.35561156  1831.43319062
0.38600002 19518.83716674  1359.68226145
0.38700002 19274.37516114  1233.94555627
0.38800002 19037.14205555  1332.98074988
0.38900002 18805.98546860  1210.16522224
0.39000002 18582.68049706  1307.84911534
0.39100002 18364.65852172  1943.71555002
0.39200002 18153.68704123  1284.19188214
0.39300002 17948.55164824  1803.29106953
0.39400002 17750.92533793  1051.74237610
0.39500002 17558.09154502  1147.24575590
0.39600002 17371.26489607  1137.90476093
0.39700002 17190.22415663  1026.25643077
0.39800002 17015.12366907  1425.69727978
0.39900002 16845.29781674  1920.36404209
0.40000002 16680.86289402  1103.68934567
0.40100002 16522.10592767  1494.42455196
0.40200002 16368.82444486  1187.39458149
0.40300002 16220.01072166  1474.39904446
0.40400002 16076.70706311  976.66000036
0.40500002 15938.37823539  1164.77673663
0.40600002 15804.75199008  1254.34420112
0.40700002 15675.93457331  1439.05086201
0.40800002 15551.87336580  1144.92897144
0.40900002 15432.00964275  1138.88236560
0.41000002 15317.06233524  1227.58601902
0.41100002 15206.15168000  939.74021835
0.41200002 15099.15162797  935.39248767
0.41300002 14997.04681940  1210.71164710
0.41400002 14898.54119529  1391.15135003
0.41500002 14804.13576934  1478.04498525
0.41600002 14713.01607477  1104.35903890
0.41700002 14626.11654487  1100.46906098
0.41800002 14543.79977273  1645.34014625
0.41900002 14463.13163743  911.17733633
0.42000002 14387.29908126  1271.98117205
0.42100002 14315.01875738  996.75480331
0.42200002 14246.15559657  1355.87792315
0.42300002 14179.84458121  992.02197391
0.42400002 14116.75851134  899.94339774
0.42500002 14057.17896356  988.07915617
0.42600002 13999.72669305  1165.68729833
0.42700002 13946.47432137  1163.97280202
0.42800002 13895.07200542  1072.97751110
0.42900002 13847.65449600  1250.44326024
0.43000002 13802.31184853  892.31950329
0.43100002 13758.72623320  1248.19170302
0.43200002 13718.73886400  891.03213144
0.43300002 13681.13400725  1068.77023929
0.43400002 13645.91018954  1246.55395489
0.43500002 13612.76715152  1068.33001668
0.43600002 13582.36174142  890.32385434
0.43700002 13553.59692257  1068.56563201
0.43800002 13526.93552454  1157.97337045
0.43900002 13503.04777561  1069.44143451
0.44000002 13480.75932385  1159.27795299
0.44100002 13460.65191420  981.68539062
0.44200002 13442.34613705  1071.89273177
0.44300002 13425.92499009  983.58331139
0.44400002 13411.65700501  984.75096226
0.44500002 13397.86313177  1075.58050319
0.44600002 13386.25131025  897.54819289
0.44700002 13377.19038498  1258.52613106
0.44800002 13368.15468711  1170.44883910
0.44900002 13362.29373130  901.95486961
0.45000002 13357.22996244  1084.33997974
0.45100002 13353.33859522  1086.42767960
0.45200002 13350.97607553  1179.35852752
0.45300002 13349.54334192  1181.83512807
0.45400002 13349.84493374  1457.80313585
0.45500002 13351.35213265  1187.20228790
0.45600002 13353.81383544  1464.64637089
0.45700002 13357.47827470  1192.95644125
0.45800002 13361.83043674  1195.95068992
0.45900002 13367.34834192  1106.81649517
0.46000002 13374.61376502  1202.31096139
0.46100002 13381.69914941  1020.08697451
0.46200002 13390.57132671  1022.97274499
0.46300002 13400.22031969  1025.92091630
0.46400002 13410.02234449  935.34910286
0.46500002 13421.14856151  1125.76599470
0.46600002 13432.71048201  1035.05755525
0.46700002 13444.78515037  1226.97115098
0.46800002 13458.55776916  1136.17150072
0.46900002 13471.84319061  949.76498995
0.47000002 13486.08804092  1143.35059830
0.47100002 13500.95526780  1147.04121392
0.47200002 13516.55320182  958.99949512
0.47300002 13532.74070873  962.17791000
0.47400002 13548.64181208  1351.47708481
0.47500002 13565.44348312  1549.71633696
0.47600002 13583.21812133  1263.44309344
0.47700002 13600.38698808  1462.72168990
0.47800002 13618.20321986  1076.31474250
0.47900002 13636.78434563  1374.58792719
0.48000002 13655.25490371  1083.74935680
0.48100002 13675.05775657  988.70672266
0.48200002 13693.11864432  992.06649280
0.48300002 13711.97308090  1294.13608072
0.48400002 13731.36710513  1498.43550637
0.48500002 13751.35076325  1102.72086997
0.48600002 13771.27019406  1710.18527011
0.48700002 13791.35962040  1110.48032927
0.48800002 13810.70896790  1114.31710589
0.48900002 13830.92055250  1321.54452143
0.49000002 13850.74641277  1020.10752165
0.49100002 13871.54233015  1126.09185974
0.49200002 13891.42853412  1232.72542655
0.49300002 13911.36602176  1546.24840661
0.49400002 13931.63276121  1241.30853786
0.49500002 13951.29578478  1141.77410115
0.49600002 13971.82470338  1562.39937152
0.49700002 13991.52980536  1358.71752380
0.49800002 14011.34500205  1573.12383467
0.49900002 14030.87777428  1368.01064784
0.50000002 14050.51048177  1372.66468658
