# SAXS profile: number of points = 501, q_min = 0, q_max = 0.5, delta_q = 0.001
#    q    intensity    error
0.00000000 1682732.95097188 252.40994265
0.00100000 1682645.72066939 504.79372819
0.00200000 1682383.99508394 832.78010394
0.00300000 1681947.99722921 1412.83636800
0.00400000 1681337.60558865 1387.10357732
0.00500000 1680553.46334398 2117.49744763
0.00600000 1679595.43215765 1939.93280312
0.00700000 1678464.24856231 2618.40433658
0.00800000 1677159.68606880 2490.58223896
0.00900000 1675683.21962818 4272.99239271
0.01000000 1674034.16577376 3314.58779135
0.01100000 1672214.21121296 4213.97999573
0.01200000 1670223.09425687 3908.32221192
0.01300000 1668062.31940273 4203.51723029
0.01400000 1665731.98017543 5247.05597016
0.01500000 1663233.74234252 4390.93727531
0.01600000 1660567.16283761 4657.89109998
0.01700000 1657734.48861246 4475.88332004
0.01800000 1654736.22038496 5659.19812837
0.01900000 1651573.36776277 7432.08049029
0.02000000 1648246.73398218 7268.76842567
0.02100000 1644759.02683605 9769.86906236
0.02200000 1641108.83180190 6794.19087234
0.02300000 1637299.45282726 6483.70612832
0.02400000 1633331.34252077 7349.99137649
0.02500000 1629206.99567990 8895.47060267
0.02600000 1624926.68138434 9213.33470485
0.02700000 1620492.49430615 9528.49630294
0.02800000 1615904.88842069 7029.18658699
0.02900000 1611167.15006407 13050.45451472
0.03000000 1606280.02829271 8963.04296986
0.03100000 1601245.12393816 11528.96542284
0.03200000 1596063.58192606 11060.72113218
0.03300000 1590739.90529305 9735.32866920
0.03400000 1585272.10252116 8322.67892225
0.03500000 1579664.65816884 8530.18954802
0.03600000 1573917.96622887 12229.34316276
0.03700000 1568035.25494948 13406.70204984
0.03800000 1562018.13104500 13706.70973426
0.03900000 1555868.84719673 12135.77757014
0.04000000 1549587.84716620 9529.96570168
0.04100000 1543179.01196634 13610.83951663
0.04200000 1536644.07103469 10902.49018979
0.04300000 1529984.67140601 12117.47916000
0.04400000 1523203.72954314 12337.95078230
0.04500000 1516303.66359387 11508.74534143
0.04600000 1509285.00704090 13832.59773256
0.04700000 1502152.09387025 16223.24336831
0.04800000 1494906.22946575 17580.09807649
0.04900000 1487550.21990077 13387.95260228
0.05000000 1480085.73907267 11322.65643116
0.05100000 1472517.01981237 14931.32327646
0.05200000 1464843.01755835 22126.45481134
0.05300000 1457069.20532790 11802.26111335
0.05400000 1449196.91151141 13151.46258527
0.05500000 1441229.44462622 13316.96068957
0.05600000 1433167.76624179 12253.58497317
0.05700000 1425016.81067798 18596.47024740
0.05800000 1416775.86989963 16300.00714428
0.05900000 1408449.21737755 12676.04354844
0.06000000 1400040.35955571 12810.36988842
0.06100000 1391550.71788964 16823.84896549
0.06200000 1382983.14348332 14376.11044850
0.06300000 1374341.19961606 15832.41135983
0.06400000 1365623.74719405 15977.79858940
0.06500000 1356837.64658649 16119.23199547
0.06600000 1347984.07151810 13547.24055261
0.06700000 1339064.40118926 21853.53205013
0.06800000 1330082.68412171 13766.35642505
0.06900000 1321042.68345771 15258.04370830
0.07000000 1311943.49571414 16766.63866038
0.07100000 1302790.21546006 19698.18898038
0.07200000 1293584.43319552 15581.22522777
0.07300000 1284329.79504304 18532.87981084
0.07400000 1275029.14670235 14344.07857262
0.07500000 1265683.00724734 20200.30174251
0.07600000 1256294.83300152 14510.20600141
0.07700000 1246868.48299093 18964.87051553
0.07800000 1237404.93362877 23461.19864184
0.07900000 1227906.34421687 19155.33986824
0.08000000 1218377.99166757 22204.93993980
0.08100000 1208820.49659579 16355.34208630
0.08200000 1199235.37524287 20902.67357135
0.08300000 1189626.03864929 23982.86206473
0.08400000 1179995.46468663 15044.94288094
0.08500000 1170345.79316177 21136.44601676
0.08600000 1160679.44279434 15146.86743963
0.08700000 1150998.57238078 16712.50005575
0.08800000 1141304.97044832 16760.06427815
0.08900000 1131602.39812906 15276.63309228
0.09000000 1121892.42308161 24502.13167110
0.09100000 1112177.24693170 16882.85140160
0.09200000 1102458.75354296 15379.30033455
0.09300000 1092741.12259925 20029.94571849
0.09400000 1083023.07161056 20063.00334450
0.09500000 1073309.24962167 15455.65392101
0.09600000 1063600.98452867 21665.55307330
0.09700000 1053903.13899053 17041.61455865
0.09800000 1044214.50152072 21709.22050733
0.09900000 1034539.19677937 17069.89754953
0.10000000 1024876.33887154 17079.56499050
0.10100000 1015230.27730590 17086.32637066
0.10200000 1005602.94267030 20197.53605355
0.10300000 995995.16646469 18645.03039329
0.10400000 986410.25190070 18643.15463799
0.10500000 976851.00350525 15531.93168650
0.10600001 967314.24506017 20183.01267286
0.10700001 957807.64767084 18619.78154692
0.10800001 948328.80482869 23257.76503297
0.10900001 938882.16032401 18589.86764936
0.11000001 929468.42707368 17023.21504313
0.11100001 920088.41526693 18548.98332494
0.11200001 910745.26122278 18524.55948535
0.11300001 901438.80465825 18497.52514247
0.11400001 892172.08071915 16928.96602874
0.11500001 882946.63742445 18435.92665753
0.11600001 873762.96888353 16867.99490864
0.11700001 864623.14535239 16834.21343282
0.11800001 855527.34079893 18325.39650301
0.11900001 846477.48945741 18283.91463348
0.12000001 837475.04715670 25840.29379722
0.12100001 828522.90363483 19710.56080600
0.12200001 819619.88554203 16634.18636073
0.12300001 810768.63354682 18096.35675336
0.12400001 801969.14239876 18044.30655417
0.12500001 793222.49742370 19489.47768005
0.12600001 784531.63847017 16439.86125885
0.12700001 775895.92351112 16386.92267681
0.12800001 767316.32933430 17817.08600685
0.12900001 758794.40836957 17755.78999272
0.13000001 750330.93893773 19167.20473861
0.13100001 741925.88909774 20566.18661523
0.13200001 733580.78156612 14634.93728214
0.13300001 725297.63457788 17494.17977075
0.13400001 717074.85008792 15972.84303876
0.13500001 708915.17321361 17354.24425849
0.13600001 700817.56913854 17282.16206982
0.13700001 692784.03364940 20076.88224185
0.13800001 684813.48307449 17134.03415449
0.13900001 676908.96258071 14215.08888455
0.14000001 669069.14235687 16980.97563385
0.14100001 661294.92906622 15494.14091877
0.14200001 653586.38660380 18225.25725005
0.14300001 645945.74922865 25114.37191459
0.14400001 638369.43441550 22215.25736555
0.14500001 630862.21966948 16579.05991498
0.14600001 623421.80196967 13746.45138191
0.14700001 616050.94702925 17779.23117003
0.14800001 608745.39702812 13605.46026547
0.14900001 601509.52316547 18947.55087367
0.15000001 594341.30961227 14808.01442767
0.15100001 587242.17517457 16066.94667089
0.15200001 580211.97407132 13315.86543327
0.15300001 573251.50311664 14566.32138156
0.15400001 566357.28644823 15801.36903759
0.15500001 559533.81797765 13093.09195858
0.15600001 552776.80085038 14319.68370185
0.15700001 546091.91444121 12942.37898310
0.15800001 539472.07929150 15439.69163806
0.15900001 532923.21147954 14069.17344713
0.16000001 526440.60875943 17798.95782231
0.16100001 520029.45379958 12636.71632384
0.16200001 513685.13823253 20095.36355628
0.16300001 507408.49044161 13730.47439954
0.16400001 501200.05965513 14885.64247450
0.16500001 495058.63405268 18490.44085483
0.16600001 488985.55863490 17148.72435097
0.16700001 482977.88114639 14605.25181545
0.16800001 477036.66000524 15720.74387275
0.16900001 471163.89778652 13216.14795695
0.17000001 465355.64281819 15517.28464249
0.17100001 459613.15717856 21344.43602728
0.17200001 453936.53369385 11779.65360562
0.17300001 448324.65276008 12871.40138859
0.17400001 442777.54435214 11622.91108815
0.17500001 437294.23280206 12699.02512032
0.17600001 431873.30370470 16052.73145686
0.17700001 426517.43187212 12526.81756573
0.17800001 421222.49027243 13571.78927760
0.17900001 415990.79586124 12354.92722065
0.18000001 410820.58683763 13384.53535139
0.18100001 405713.27596973 16613.95943575
0.18200001 400663.94554474 13197.87098968
0.18300001 395675.98299165 10920.65764645
0.18400001 390747.12722426 17349.17326834
0.18500001 385879.09960469 11842.63012634
0.18600001 381067.65200521 13895.63258685
0.18700001 376314.13574496 13795.67686818
0.18800001 371617.87140826 13695.97729783
0.18900001 366980.47199626 13596.62712987
0.19000001 362395.02937238 13497.40350671
0.19100001 357869.85072201 13398.64784412
0.19200001 353396.29779238 14323.15262631
0.19300001 348979.56278758 12186.36690838
0.19400001 344614.65492457 14111.97078601
0.19500001 340303.81567694 10004.93265369
0.19600001 336045.12605431 9930.13394417
0.19700001 331838.22922689 13797.83422331
0.19800001 327683.03453981 12715.74075625
0.19900001 323578.78316042 10678.10034894
0.20000001 319523.17244066 11560.34892526
0.20100001 315518.51009407 11472.25356923
0.20200001 311561.11112955 13281.85079520
0.20300001 307653.43462453 9414.19554447
0.20400001 303792.59337503 10275.78495660
0.20500001 299978.45372012 12050.13505551
0.20600001 296210.68599757 11956.54490545
0.20700001 292489.02790217 11863.35553248
0.20800001 288811.04066193 10865.07186330
0.20900001 285180.26239244 9881.49655901
0.21000001 281590.92748246 13368.52991419
0.21100001 278045.61138109 13262.77628985
0.21200001 274542.59785059 9648.80005760
0.21300001 271080.77387656 11312.20122866
0.21400001 267661.44463829 9495.29019745
0.21500001 264283.87213412 10275.35743437
0.21600001 260945.38853608 12740.65919763
0.21700001 257646.82166408 10952.56690677
0.21800001 254387.43026862 9192.29022737
0.21900001 251165.79556761 10775.01313931
0.22000001 247981.81098942 9864.71690759
0.22100001 244836.92415260 9783.68395174
0.22200001 241728.89695080 9702.99838241
0.22300001 238655.79371694 10424.48556248
0.22400001 235618.03502826 10337.74177570
0.22500001 232617.95434631 13405.77334290
0.22600001 229650.28042421 10165.47014368
0.22700001 226719.32027250 10855.32156799
0.22800001 223820.42077294 11532.34772569
0.22900001 220954.24239622 8385.21389548
0.23000001 218121.95442330 9069.51129383
0.23100001 215322.51582158 7493.22390497
0.23200001 212553.13027507 10400.22515622
0.23300001 209815.82956706 8100.98956272
0.23400001 207110.12261090 9490.82181752
0.23500001 204432.94300981 7236.92652483
0.23600001 201787.59173309 9325.61399302
0.23700001 199170.99246030 9243.52619728
0.23800001 196583.70605267 9866.53667346
0.23900001 194024.80710088 6984.89338601
0.24000001 191494.16342239 8307.01720219
0.24100001 188992.48497590 8232.51303496
0.24200001 186517.76555670 8158.28745135
0.24300001 184070.36268805 7410.67315237
0.24400001 181649.25824560 8010.73266757
0.24500001 179254.75557192 6614.50079350
0.24600001 176886.47773767 9175.10203428
0.24700001 174544.12624114 9739.56270499
0.24800001 172227.15878344 8362.49009033
0.24900001 169934.28688342 8284.29687748
0.25000001 167667.20231305 10731.53979174
0.25100001 165423.28192727 7503.60042321
0.25200001 163205.32410373 6813.00657703
0.25300001 161010.74424041 7974.86253952
0.25400001 158839.23086811 8505.84121541
0.25500001 156690.63280322 7220.30470118
0.25600001 154565.66157917 9533.61045726
0.25700001 152462.74941433 10620.55562670
0.25800001 150382.96170515 10516.28100961
0.25900001 148325.27234386 6363.15448462
0.26000001 146289.50848831 6872.68143397
0.26100001 144274.79377214 6236.99962988
0.26200001 142282.56622248 6735.65700368
0.26300001 140310.50947932 5556.29643829
0.26400001 138360.10229069 7149.75862419
0.26500001 136430.84520977 7621.02737404
0.26600001 134521.24415482 7003.84890834
0.26700001 132633.09226065 7997.77584177
0.26800001 130765.39890352 6859.29932407
0.26900001 128916.41509456 5221.11505840
0.27000001 127088.45051736 6715.98948541
0.27100001 125279.52575355 5111.40489263
0.27200001 123491.58005932 6068.37653129
0.27300001 121721.98559900 6503.60599833
0.27400001 119969.74556502 5443.62746263
0.27500001 118239.38095390 4895.11060315
0.27600001 116525.46944246 5325.79683292
0.27700001 114832.20150671 5746.20363534
0.27800001 113156.34022667 4735.59306261
0.27900001 111500.03422427 4683.00165906
0.28000001 109860.60398411 5556.74961251
0.28100001 108240.20825014 5036.41712825
0.28200001 106638.34803277 5432.15770589
0.28300001 105053.94085982 5817.88752018
0.28400001 103487.07085511 4424.07248845
0.28500001 101938.41103729 4373.15804049
0.28600001 100407.08760295 5187.03039108
0.28700001 98893.11826698  5981.05607589
0.28800001 97395.83546918  4222.10966743
0.28900001 95917.75956644  5424.14956023
0.29000001 94455.14374215  5772.15410730
0.29100001 93010.58130007  6518.18184605
0.29200001 91582.56586593  6440.08633654
0.29300001 90171.65030094  3976.56996651
0.29400001 88776.73441600  5106.88188902
0.29500001 87399.72078460  4268.60256518
0.29600001 86038.46783833  4216.31531601
0.29700001 84693.78390285  4921.55601557
0.29800001 83365.34653983  3738.93596931
0.29900001 82054.04281703  3692.43210156
0.30000001 80757.94166816  5104.70973450
0.30100001 79479.20777672  5400.61242409
0.30200001 78214.85249838  4621.32477864
0.30300001 76967.93051627  7370.44937516
0.30400001 75736.55122975  3811.44212108
0.30500001 74520.96714914  3762.56380949
0.30600001 73320.01872541  4051.66442658
0.30700001 72136.10907767  5665.57027519
0.30800001 70967.27644629  4276.13344472
0.30900001 69813.84653579  4869.51602642
0.31000001 68676.29168859  4164.87390664
0.31100001 67552.93921444  4109.92101639
0.31200001 66445.64925013  3431.58571799
0.31300001 65352.99026274  3078.12598711
0.31400001 64276.47832863  3340.77011930
0.31500001 63213.84130943  3295.96984193
0.31600002 62166.60583700  3251.62447226
0.31700002 61134.07568522  3790.92421273
0.31800002 60116.31762372  4602.50549519
0.31900002 59113.44554349  3688.67917657
0.32000002 58125.16986725  3638.34518011
0.32100002 57150.71310813  3864.53140336
0.32200002 56192.01383270  3539.25415884
0.32300002 55245.58060593  3221.92241350
0.32400002 54314.46844849  2912.61350847
0.32500002 53397.34981872  3133.35663573
0.32600002 52494.59619263  2574.86006517
0.32700002 51605.00586200  3300.65633123
0.32800002 50730.26329747  2753.89247351
0.32900002 49868.49607583  3455.88694170
0.33000002 49021.40081579  2677.30393234
0.33100002 48185.42174118  2879.56093961
0.33200002 47365.84790582  2839.10905792
0.33300002 46558.32137111  3265.60081561
0.33400002 45764.46108100  2759.59713387
0.33500002 44982.77333112  2267.13188325
0.33600002 44215.34017337  3129.11977225
0.33700002 43459.75854202  3084.77380740
0.33800002 42718.19523908  3041.10846309
0.33900002 41988.23241898  2355.53995026
0.34000002 41271.61645563  2955.46059435
0.34100002 40567.30183966  3537.87456099
0.34200002 39876.05641247  2461.94783950
0.34300002 39195.94489905  2427.01302309
0.34400002 38529.59474707  2392.68794711
0.34500002 37874.14067833  2358.80159316
0.34600002 37231.90363841  1937.92067616
0.34700002 36599.88101570  2483.66804335
0.34800002 35981.19786578  1883.61579748
0.34900002 35373.37355656  2042.81241964
0.35000002 34777.40715137  3112.75197451
0.35100002 34193.34886195  2347.03157705
0.35200002 33619.39107385  3382.27899918
0.35300002 33057.10579279  2281.93212096
0.35400002 32506.20329176  2942.62419236
0.35500002 31966.48941833  2048.41273895
0.35600002 31436.58831685  2356.80113774
0.35700002 30917.89295718  1992.34911653
0.35800002 30410.36649909  1801.35814490
0.35900002 29913.09718165  1615.30732432
0.36000002 29426.59296207  1593.45008437
0.36100002 28949.39027294  1729.14716291
0.36200002 28483.54449241  2016.20779240
0.36300002 28026.73752519  1530.25994136
0.36400002 27579.82619431  1509.99555566
0.36500002 27142.58476878  1937.16636671
0.36600002 26715.34305221  1617.74767516
0.36700002 26297.14721092  1741.92311376
0.36800002 25889.72479571  1719.59560239
0.36900002 25490.61216322  1839.14775470
0.37000002 25100.28208424  1815.87999340
0.37100002 24718.96511207  1517.25015045
0.37200002 24347.37491699  1770.90639848
0.37300002 23983.86000075  1614.59353173
0.37400002 23629.12237057  1727.87965520
0.37500002 23283.39166499  1575.82002254
0.37600002 22946.10251260  2205.92366955
0.37700002 22616.56418256  1282.35924990
0.37800002 22295.24089377  1394.23295534
0.37900002 21982.56272691  1754.20858871
0.38000002 21677.65921432  1610.54176762
0.38100002 21379.58806762  1347.55549974
0.38200002 21090.21371329  1938.61253636
0.38300002 20807.81894781  1198.53042817
0.38400002 20533.59839386  1422.97843611
0.38500002 20265.59706214  1408.05375058
0.38600002 20006.06900233  1277.48759666
0.38700002 19752.64845742  1609.44587256
0.38800002 19506.54617265  1252.02772541
0.38900002 19266.69867644  1239.81211857
0.39000002 19034.74919546  1786.22094913
0.39100002 18808.32694388  1548.30154737
0.39200002 18588.99240252  1643.73173107
0.39300002 18375.58850022  1303.19679818
0.39400002 18169.82293868  1184.21826613
0.39500002 17969.02191002  1387.56793763
0.39600002 17774.34527178  1270.15477330
0.39700002 17585.57663986  1049.85897514
0.39800002 17402.82400432  1145.71497261
0.39900002 17225.51262713  1136.88388725
0.40000002 17053.81313546  1128.36559957
0.40100002 16887.84136243  1323.83794712
0.40200002 16727.42785975  1617.87689925
0.40300002 16571.62717504  1405.93691614
0.40400002 16421.52078749  1296.88966564
0.40500002 16276.47659845  1288.60871335
0.40600002 16136.37934910  1182.15120713
0.40700002 16001.10702296  979.26779620
0.40800002 15870.64961854  973.66440023
0.40900002 15744.66000698  1452.44495446
0.41000002 15623.72377694  1155.84313978
0.41100002 15506.87740663  1149.99008296
0.41200002 15394.12624055  1430.49924868
0.41300002 15286.43990021  949.28796278
0.41400002 15182.40634395  1039.61532366
0.41500002 15082.63949158  1035.27242376
0.41600002 14986.29847308  1406.08952086
0.41700002 14894.33306569  933.87472747
0.41800002 14806.98588666  1023.68101778
0.41900002 14721.47489920  1391.17944389
0.42000002 14640.96046489  1017.03436689
0.42100002 14564.07534684  1290.66841840
0.42200002 14490.69587305  1195.26510573
0.42300002 14420.07924962  1008.82879211
0.42400002 14352.81097346  1097.99009150
0.42500002 14289.13677936  1278.30623685
0.42600002 14227.76481773  1002.41721773
0.42700002 14170.60563070  1182.67880198
0.42800002 14115.61327218  999.17373282
0.42900002 14064.59453837  1179.31630793
0.43000002 14015.83324611  1359.18549345
0.43100002 13968.90184430  995.70337065
0.43200002 13925.74102258  994.92461451
0.43300002 13885.01178966  994.30574138
0.43400002 13846.80330491  1174.55514600
0.43500002 13810.75792294  1083.86833316
0.43600002 13777.65182884  1174.06265623
0.43700002 13746.22560448  903.12706501
0.43800002 13717.02078271  1445.22537815
0.43900002 13690.74015337  903.58889294
0.44000002 13666.04878721  904.00917011
0.44100002 13643.84399369  1085.50427958
0.44200002 13623.35631964  1267.38089848
0.44300002 13604.96276342  1087.30867558
0.44400002 13588.75940575  1179.16465332
0.44500002 13573.12144532  1089.65024127
0.44600002 13559.76576860  1091.01880545
0.44700002 13549.14014900  1183.65293951
0.44800002 13538.62672528  1094.19186379
0.44900002 13531.25417410  1187.36761005
0.45000002 13524.90998768  1006.45622443
0.45100002 13519.74077234  916.63846781
0.45200002 13516.22468259  1010.27026178
0.45300002 13513.72562878  1380.42713840
0.45400002 13513.04996484  1198.94541495
0.45500002 13513.60696472  1016.76383621
0.45600002 13515.26952159  926.47176961
0.45700002 13518.13760049  1207.30492632
0.45800002 13521.78449646  1117.16988804
0.45900002 13526.66643581  1213.34203680
0.46000002 13533.34118427  1122.99670469
0.46100002 13539.89091801  1032.14593360
0.46200002 13548.36369854  1035.02729381
0.46300002 13557.62671395  1037.97195041
0.46400002 13567.13277270  1514.09208919
0.46500002 13578.02119738  1423.65559002
0.46600002 13589.42441547  951.93922542
0.46700002 13601.30662418  1241.25530135
0.46800002 13614.96696525  1053.59426854
0.46900002 13628.18624176  1345.10204581
0.47000002 13642.48158664  1156.60964373
0.47100002 13657.31914196  1160.32588930
0.47200002 13673.11609134  1261.13992246
0.47300002 13689.44406617  1070.65147116
0.47400002 13705.51414951  1367.12510121
0.47500002 13722.55072002  1469.68525177
0.47600002 13740.55709711  1376.39166966
0.47700002 13758.03035385  986.45082313
0.47800002 13776.12012831  989.81427813
0.47900002 13795.03047902  1390.53913820
0.48000002 13813.80689145  1195.99945735
0.48100002 13834.03339482  1200.24079422
0.48200002 13852.50358546  1304.69811204
0.48300002 13871.70925652  1309.21198169
0.48400002 13891.61567112  1313.79961437
0.48500002 13912.04001358  1419.86287109
0.48600002 13932.37217722  1526.63975368
0.48700002 13952.86723360  1225.61991589
0.48800002 13972.80744319  1024.90547454
0.48900002 13993.50179187  1234.22691655
0.49000002 14013.78101966  1135.32652312
0.49100002 14035.04754648  1346.52252544
0.49200002 14055.42729567  1247.27867734
0.49300002 14075.90495424  1355.93198851
0.49400002 14096.61226120  1465.34291401
0.49500002 14116.86333199  1050.29468169
0.49600002 14137.79361775  1159.36982058
0.49700002 14157.97643095  1269.12106743
0.49800002 14178.31813495  1273.49659525
0.49900002 14198.21953826  1384.32647060
0.50000002 14218.34813297  1282.21069541
