# SAXS profile: number of points = 501, q_min = 0, q_max = 0.5, delta_q = 0.001
#    q    intensity    error
0.00000000 1719190.39626458 361.02998322
0.00100000 1719101.60148449 618.87659123
0.00200000 1718835.18222005 850.82344214
0.00300000 1718391.36033729 1237.24182352
0.00400000 1717770.01771179 1932.49134336
0.00500000 1716971.81538466 1545.27469501
0.00600000 1715996.58037592 1981.97613102
0.00700000 1714845.11126046 2263.59564094
0.00800000 1713517.15252930 2544.57307894
0.00900000 1712014.13499685 2824.82344350
0.01000000 1710335.48112766 3104.25903229
0.01100000 1708482.82568485 3382.79614214
0.01200000 1706455.94949840 5656.90172061
0.01300000 1704256.34891253 3936.83233962
0.01400000 1701884.16343608 4212.16349123
0.01500000 1699340.91673866 6117.62757267
0.01600000 1696626.35592907 4326.39740102
0.01700000 1693742.73832809 6859.65839794
0.01800000 1690690.53365581 7227.70235661
0.01900000 1687470.70045303 7087.37726170
0.02000000 1684084.06716411 5835.35155669
0.02100000 1680533.44473382 6100.33668096
0.02200000 1676817.42579430 6363.52242000
0.02300000 1672939.27065028 6022.58164848
0.02400000 1668899.53756822 6258.37355125
0.02500000 1664700.50813959 7141.56550608
0.02600000 1660342.93570267 8069.26703659
0.02700000 1655828.35101684 8345.37527135
0.02800000 1651157.75605393 7900.79022505
0.02900000 1646334.22098772 8890.20520152
0.03000000 1641358.39295358 10685.24362928
0.03100000 1636232.14020821 8639.30609782
0.03200000 1630956.47823104 9687.88192690
0.03300000 1625535.81439059 9948.27964269
0.03400000 1619968.78068745 9355.32014013
0.03500000 1614259.07737065 11332.09924644
0.03600000 1608407.65399421 11604.66175986
0.03700000 1602417.71018216 10960.53764454
0.03800000 1596290.65183936 12139.79096906
0.03900000 1590028.95031713 9540.17414371
0.04000000 1583633.12870519 10713.27861213
0.04100000 1577106.72760370 10929.35012905
0.04200000 1570452.18910523 14181.18392553
0.04300000 1563670.69945169 11352.24980497
0.04400000 1556764.98681525 18914.69546824
0.04500000 1549738.00755800 14970.46984861
0.04600000 1542590.34143167 10875.26241265
0.04700000 1535325.77312701 15476.08451288
0.04800000 1527946.10669110 15722.56616939
0.04900000 1520454.30242816 14824.43013871
0.05000000 1512851.74247723 16202.64291643
0.05100000 1505142.74978712 14088.13679429
0.05200000 1497326.45573281 13094.12046559
0.05300000 1489408.43503456 14477.05066343
0.05400000 1481389.62779277 19554.34399876
0.05500000 1473273.93907807 17325.70233179
0.05600000 1465061.54575304 13778.90448079
0.05700000 1456758.57954408 12673.80023363
0.05800000 1448363.65050980 15381.62268662
0.05900000 1439881.06048310 12958.93014961
0.06000000 1431314.40210658 15715.83286936
0.06100000 1422665.52726475 15876.94802623
0.06200000 1413936.76959277 16034.04371667
0.06300000 1405131.84756518 13489.26636732
0.06400000 1396250.26716557 16336.12888982
0.06500000 1387297.93778444 17854.52529448
0.06600000 1378276.94419126 19392.35751211
0.06700000 1369188.27547294 16758.86527609
0.06800000 1360035.93692454 18299.28438789
0.06900000 1350824.08255878 21275.48029640
0.07000000 1341551.61569605 17145.03045147
0.07100000 1332223.50759290 17265.61746709
0.07200000 1322841.94804666 20279.16801357
0.07300000 1313410.01913046 14578.85189545
0.07400000 1303930.93258520 14669.22367904
0.07500000 1294405.17837355 17707.46367014
0.07600000 1284836.44453036 19291.82011904
0.07700000 1275228.21452870 22380.25621436
0.07800000 1265582.26146286 22495.72575247
0.07900000 1255899.73746725 15070.79755648
0.08000000 1246186.32356185 19683.51390403
0.08100000 1236443.39626579 21291.55628266
0.08200000 1226671.57116669 16799.26795544
0.08300000 1216874.97734551 18399.15052097
0.08400000 1207056.30697197 15389.96863628
0.08500000 1197217.88367501 20077.34485176
0.08600000 1187361.81508432 17044.57965580
0.08700000 1177490.95503791 24868.61013817
0.08800000 1167606.30109694 17146.29933686
0.08900000 1157711.99046073 15629.11260531
0.09000000 1147810.26575548 17234.37194991
0.09100000 1137902.61726869 20413.97391287
0.09200000 1127991.14445945 22029.66808640
0.09300000 1118080.31214564 15764.93314208
0.09400000 1108168.39915710 18949.68051617
0.09500000 1098260.62278557 17396.44908260
0.09600000 1088358.06407383 19002.73269201
0.09700000 1078465.65680346 15853.44590033
0.09800000 1068582.00474387 25389.50962647
0.09900000 1058711.82146287 19056.81368243
0.10000000 1048853.94145486 25424.22073650
0.10100000 1039012.75940210 17486.58556316
0.10200000 1029190.29228317 20671.28799281
0.10300000 1019387.42993670 17492.68912058
0.10400000 1009606.72520081 17491.43733699
0.10500000 999852.42685581 20666.95063548
0.10600001 990120.53713804 20658.86597946
0.10700001 980419.33235301 22235.91150414
0.10800001 970745.47131011 15871.68920287
0.10900001 961104.12107612 22201.50624179
0.11000001 951496.07062854 19010.89238599
0.11100001 941922.04784720 17406.72026361
0.11200001 932385.18085063 20545.10842725
0.11300001 922885.14189901 18937.60400337
0.11400001 913425.53747616 22059.22776870
0.11500001 904007.04763437 18875.66804342
0.11600001 894631.27818572 18840.93560584
0.11700001 885299.96003092 20370.75303967
0.11800001 876012.68637218 23455.24078232
0.11900001 866772.40535560 21842.66564379
0.12000001 857579.77573561 17121.58102907
0.12100001 848437.72439056 18631.69330532
0.12200001 839345.74308750 21680.30156534
0.12300001 830306.34334820 21621.17819946
0.12400001 821319.02325298 24639.57185854
0.12500001 812385.55708575 19960.31407814
0.12600001 803508.80666558 19898.89653478
0.12700001 794687.57410588 15258.00214189
0.12800001 785923.06522237 16728.37323165
0.12900001 777217.77478679 19702.47151946
0.13000001 768571.34421148 15102.42762561
0.13100001 759984.05615234 19561.99052747
0.13200001 751457.59411839 14991.57970937
0.13300001 742994.04807066 14934.18107026
0.13400001 734591.54197196 17850.57531150
0.13500001 726253.87899129 17778.69579594
0.13600001 717978.49880590 16229.90473076
0.13700001 709768.89469053 14692.21681288
0.13800001 701622.53311661 19017.47965691
0.13900001 693543.81643685 16020.86291521
0.14000001 685530.56747116 18848.66384153
0.14100001 677583.90542661 15875.79165289
0.14200001 669704.27203906 14365.15731277
0.14300001 661893.60925209 20015.66368787
0.14400001 654147.94257060 15650.49026423
0.14500001 646473.15643660 15573.53907319
0.14600001 638865.93147834 14086.99445364
0.14700001 631329.93810402 16818.63034454
0.14800001 623859.91088436 19520.57753253
0.14900001 616460.91492007 19418.51973616
0.15000001 609130.82088880 15176.49511852
0.15100001 601870.88603498 15094.92253401
0.15200001 594681.40987966 16377.52680089
0.15300001 587562.90803474 14929.97419769
0.15400001 580511.84947868 17545.97147851
0.15500001 573532.73604425 22815.13331655
0.15600001 566620.99323981 14678.31752262
0.15700001 559783.42550508 21226.98849700
0.15800001 553011.78398513 19783.99750585
0.15900001 546312.36810290 15733.79694401
0.16000001 539680.65537181 14336.61728668
0.16100001 533121.48817701 18136.79388392
0.16200001 526630.82018275 14163.73657743
0.16300001 520208.66009107 16636.27373507
0.16400001 513856.64997109 13989.74795591
0.16500001 507572.51826436 18957.83445220
0.16600001 501358.49255689 13814.93391465
0.16700001 495210.92339796 13727.24744472
0.16800001 489131.20520337 14879.37196484
0.16900001 483121.37884744 13551.55531655
0.17000001 477177.50759162 19583.36583628
0.17100001 471300.57739950 12159.55547110
0.17200001 465490.74022828 19327.17644696
0.17300001 459747.34708252 14399.28759062
0.17400001 454070.11671629 15495.14346472
0.17500001 448457.80552872 14207.14395012
0.17600001 442909.07990888 14111.08395235
0.17700001 437427.12454170 12847.23525457
0.17800001 432007.50045646 13919.28232214
0.17900001 426652.10001434 13823.52869340
0.18000001 421359.85189937 18303.87283109
0.18100001 416131.69645435 12496.43543481
0.18200001 410962.94524405 11280.93337984
0.18300001 405857.02462699 11201.65440886
0.18400001 400811.31559202 13347.01743974
0.18500001 395827.61892022 16565.38663439
0.18600001 390902.36426369 12061.29301917
0.18700001 386035.96789481 16329.32221343
0.18800001 381228.49041246 14050.17667797
0.18900001 376480.70651897 10729.70064274
0.19000001 371786.45684151 20238.19673440
0.19100001 367153.78795058 13746.23847038
0.19200001 362574.12263095 10496.52134614
0.19300001 358052.54958443 13545.12859082
0.19400001 353583.69748116 12410.78836805
0.19500001 349170.43396893 16424.97799006
0.19600001 344810.59195303 10189.15347371
0.19700001 340504.06966710 14158.15988584
0.19800001 336250.10728358 16059.30588281
0.19900001 332048.59760065 9961.45839880
0.20000001 327896.63205421 11863.30070839
0.20100001 323797.15755589 10792.15977140
0.20200001 319745.83581954 14604.39174131
0.20300001 315745.82140942 16425.09840604
0.20400001 311793.37677045 10546.41146774
0.20500001 307889.11056618 10465.15136280
0.20600001 304032.51564861 11328.25206853
0.20700001 300223.10300440 10303.65738216
0.20800001 296458.30822451 12082.15892282
0.20900001 292741.58932541 15676.31284941
0.21000001 289067.90328174 10063.89952850
0.21100001 285439.45672829 9984.67266837
0.21200001 281853.98409454 13507.85282631
0.21300001 278311.07205275 9827.16441877
0.21400001 274811.89014120 14180.29420168
0.21500001 271355.26020277 12308.67518472
0.21600001 267938.75437787 9593.54755407
0.21700001 264563.09871976 12111.69923203
0.21800001 261228.14647039 10297.61402074
0.21900001 257931.58475121 11065.26550901
0.22000001 254673.50970508 10130.91269508
0.22100001 251455.90164107 8373.48192058
0.22200001 248275.94638325 10796.28003897
0.22300001 245131.84245661 10707.35938481
0.22400001 242023.66368614 8168.29903566
0.22500001 238954.93207528 10530.74435453
0.22600001 235919.41859506 8836.36224133
0.22700001 232921.17678378 11152.26647179
0.22800001 229955.79925651 8688.88028580
0.22900001 227024.16929730 8615.56763227
0.23000001 224127.35109857 10872.41831597
0.23100001 221264.29895871 8469.99776471
0.23200001 218431.98835957 9924.45786048
0.23300001 215632.97391998 8325.58951680
0.23400001 212866.11959174 9754.59039164
0.23500001 210128.54427654 10413.97114689
0.23600001 207423.60133693 9586.08218918
0.23700001 204748.15232405 7309.50938369
0.23800001 202103.13583464 8694.47731484
0.23900001 199486.88344871 11490.44503014
0.24000001 196899.65904296 9965.09221552
0.24100001 194342.50128251 7054.63313025
0.24200001 191812.50986904 7690.72294699
0.24300001 189310.94789517 9007.41532693
0.24400001 186836.40527439 9612.73350608
0.24500001 184388.90920364 8164.74128576
0.24600001 181968.66913854 10112.90926577
0.24700001 179574.66834625 7348.19577634
0.24800001 177206.65248482 8604.26941844
0.24900001 174863.59378255 7213.12358476
0.25000001 172547.02674987 9094.95421025
0.25100001 170254.09696330 9009.84723754
0.25200001 167987.53144389 6375.12711990
0.25300001 165745.25789274 6946.38408692
0.25400001 163526.68802870 8131.36494693
0.25500001 161331.41373770 8673.17721288
0.25600001 159160.42398757 7976.32502552
0.25700001 157011.94040782 7291.63485753
0.25800001 154887.33031902 6619.11037436
0.25900001 152785.29382418 8937.94011161
0.26000001 150705.48062236 5900.11984553
0.26100001 148647.53257323 7594.40279850
0.26200001 146612.25089641 6940.62428584
0.26300001 144597.98214727 6871.29643677
0.26400001 142605.72615074 7936.00903581
0.26500001 140635.03465240 6733.60577778
0.26600001 138684.46059908 6665.17549178
0.26700001 136755.80444950 6597.10031882
0.26800001 134848.26455542 5441.12773229
0.26900001 132959.63584427 7538.81170912
0.27000001 131092.28679188 6927.57222334
0.27100001 129244.62219247 5273.18083499
0.27200001 127418.45746634 6261.34329620
0.27300001 125610.82609649 6195.12623626
0.27400001 123821.01000961 7150.66366646
0.27500001 122053.48689589 6568.91897561
0.27600001 120303.14928314 4998.59608928
0.27700001 118573.19099514 5438.95252835
0.27800001 116861.29480284 5379.70996086
0.27900001 115169.51330743 6288.25572419
0.28000001 113494.77226101 6218.94634037
0.28100001 111839.34624606 5203.88502712
0.28200001 110202.88396498 4678.11264573
0.28300001 108584.35462353 6475.97121626
0.28400001 106983.54846360 5488.25629595
0.28500001 105401.21942461 4973.88378007
0.28600001 103836.45311251 5364.19142169
0.28700001 102289.71449381 6628.37381294
0.28800001 100759.63682725 4804.72350953
0.28900001 99249.20585268  5612.54285663
0.29000001 97754.35976917  5120.37360708
0.29100001 96277.96577801  5060.37012082
0.29200001 94818.47863480  5000.72679991
0.29300001 93376.19338577  5765.04645253
0.29400001 91950.43601373  4475.68768483
0.29500001 90542.67882760  7236.17123444
0.29600001 89151.03173086  4368.84651678
0.29700001 87775.94910897  3923.58511091
0.29800001 86417.48911002  4650.98948407
0.29900001 85076.45351536  3828.44058943
0.30000001 83751.10370123  4915.77126445
0.30100001 82443.13146052  4481.60883835
0.30200001 81149.91616118  4057.09025054
0.30300001 79874.14781313  5099.16583779
0.30400001 78614.37281027  6114.23313478
0.30500001 77370.22280700  3551.29339497
0.30600001 76141.53582474  3506.31789073
0.30700001 74929.59732182  3807.92231617
0.30800001 73733.14633622  3759.28464393
0.30900001 72552.37518866  3373.68560600
0.31000001 71387.55609846  4662.32150953
0.31100001 70237.23763048  4930.65431510
0.31200001 69103.16810065  3568.83328553
0.31300001 67983.83164420  3842.44634646
0.31400001 66881.01192163  3476.14075921
0.31500001 65792.19325815  3430.40511890
0.31600002 64719.02144225  4000.60649987
0.31700002 63660.63430845  3036.61240029
0.31800002 62617.26113839  3895.10691354
0.31900002 61588.77095394  5321.27006238
0.32000002 60575.54649168  4083.39778235
0.32100002 59576.03600933  3453.02721060
0.32200002 58592.44339830  3406.56482048
0.32300002 57621.49671832  4760.68828429
0.32400002 56665.57887032  3038.69181081
0.32500002 55724.08776507  3814.87122904
0.32600002 54797.29660473  2687.80752574
0.32700002 53883.79833063  3181.29960408
0.32800002 52985.09998552  3660.74073135
0.32900002 52099.79695360  4126.30411412
0.33000002 51229.36342332  3052.24561730
0.33100002 50370.14906494  3511.80695911
0.33200002 49527.50011801  3216.06837246
0.33300002 48696.88181376  2927.65667328
0.33400002 47880.49749561  2405.99511309
0.33500002 47076.07537710  2609.89774250
0.33600002 46286.32948151  3275.68369253
0.33700002 45508.37806933  3691.63980381
0.33800002 44744.75296163  2275.27079585
0.33900002 43992.81822534  2243.63383575
0.34000002 43254.41354444  3318.69503636
0.34100002 42528.57612087  2399.88766416
0.34200002 41815.87726669  2366.56968599
0.34300002 41114.28662967  2333.64701962
0.34400002 40426.84946936  2719.71642686
0.34500002 39750.48032314  3300.88004236
0.34600002 39087.54860647  2644.85910172
0.34700002 38434.77226164  2206.92472779
0.34800002 37795.57583576  2572.17803532
0.34900002 37167.42640937  2536.67697258
0.35000002 36551.17420313  2116.86135423
0.35100002 35947.15924121  2467.41312718
0.35200002 35353.28153611  2807.93451900
0.35300002 34771.25926199  2030.98934969
0.35400002 34200.81101372  2003.31260001
0.35500002 33641.71174527  3233.64148611
0.35600002 33092.44709472  2480.94087620
0.35700002 32554.46134749  1748.17465716
0.35800002 32028.25609319  3104.49901016
0.35900002 31512.10854850  2212.15012488
0.36000002 31006.86838205  2014.82640290
0.36100002 30511.10815886  2153.77922695
0.36200002 30026.99315974  1961.96382599
0.36300002 29551.77751848  2097.58526762
0.36400002 29086.90768055  1592.50827094
0.36500002 28631.67485722  2200.63063376
0.36600002 28186.74321903  1706.84831648
0.36700002 27750.65143271  2144.57044430
0.36800002 27325.93543192  2117.48683692
0.36900002 26909.32992010  2090.85503383
0.37000002 26501.84642408  1622.31060570
0.37100002 26103.23421630  1602.21659209
0.37200002 25714.89277529  1438.74831893
0.37300002 25334.55816047  1847.64941417
0.37400002 24963.15685384  2106.26645932
0.37500002 24600.76174177  1526.23133076
0.37600002 24247.18937951  1371.17862437
0.37700002 23901.44269291  1490.73305138
0.37800002 23563.88298440  1741.48885446
0.37900002 23235.28212432  1589.29337259
0.38000002 22914.53536072  1440.52233369
0.38100002 22600.74394174  1554.02722705
0.38200002 22295.99729050  1408.99561552
0.38300002 21997.92883474  1393.78883700
0.38400002 21708.58582794  1253.67089095
0.38500002 21425.12361202  1736.72060227
0.38600002 21150.62967901  1596.13234434
0.38700002 20882.31900039  1579.95633042
0.38800002 20621.39120748  1443.90988075
0.38900002 20366.89768628  1429.75628531
0.39000002 20120.50323118  1298.07432746
0.39100002 19879.48091671  1870.26165325
0.39200002 19645.88645786  1273.93756771
0.39300002 19418.26744683  1262.38162653
0.39400002 19198.52053843  1365.01487495
0.39500002 18983.78746047  1240.40073143
0.39600002 18775.18543888  1118.06234586
0.39700002 18572.71380882  1108.79106692
0.39800002 18376.47295710  1319.79835031
0.39900002 18185.64255068  1527.59404663
0.40000002 18000.47930958  1191.00176995
0.40100002 17821.15178726  1182.07705405
0.40200002 17647.81530792  1386.85363168
0.40300002 17478.88048418  1059.22020753
0.40400002 17315.87339600  1367.52116624
0.40500002 17158.12505411  1567.39479796
0.40600002 17005.12742133  1141.97938609
0.40700002 16857.27976111  1341.16524134
0.40800002 16714.44251625  1025.43109696
0.40900002 16576.11023665  1325.26007621
0.41000002 16442.81411045  1013.69953794
0.41100002 16313.72616224  1008.18832460
0.41200002 16189.00500215  1303.78157962
0.41300002 16069.17826847  1397.05442486
0.41400002 15953.22011720  1390.32319909
0.41500002 15841.76414754  1383.93658150
0.41600002 15733.59572048  1279.37739663
0.41700002 15630.06315695  1078.00550702
0.41800002 15531.21564746  1171.36433964
0.41900002 15434.22927565  1264.06343757
0.42000002 15342.37720247  1065.75828287
0.42100002 15254.28404368  1448.39433858
0.42200002 15169.76417399  962.52158245
0.42300002 15088.05264731  1055.56021322
0.42400002 15009.86402544  1148.25465236
0.42500002 14935.16870604  1145.22879065
0.42600002 14862.92847290  1237.56179794
0.42700002 14795.04810502  1044.82634669
0.42800002 14729.32575557  1042.61537301
0.42900002 14667.74631187  1135.28361834
0.43000002 14608.43668015  1227.76611896
0.43100002 14550.99355398  1131.48531238
0.43200002 14497.47578418  1224.09442584
0.43300002 14446.43906543  1034.50955050
0.43400002 14398.04843907  1221.31451672
0.43500002 14351.92835723  1126.33939085
0.43600002 14308.61770595  1125.51592209
0.43700002 14267.25679798  1124.83057926
0.43800002 14228.01347156  1405.37209725
0.43900002 14191.88170954  1123.99708466
0.44000002 14157.41883876  1030.16463062
0.44100002 14125.41598310  1123.81814887
0.44200002 14095.36325172  1123.96431896
0.44300002 14067.27576073  1217.94479308
0.44400002 14041.46931955  1405.90218225
0.44500002 14016.44236009  1125.24004599
0.44600002 13993.52423756  1407.39876689
0.44700002 13973.61937191  1126.83271955
0.44800002 13953.57241986  1033.75046172
0.44900002 13937.10148209  1222.98071301
0.45000002 13921.48780876  1506.86191183
0.45100002 13907.06787103  1414.34886951
0.45200002 13894.53509455  1038.54707486
0.45300002 13882.93464873  1039.97068382
0.45400002 13873.24017312  1230.90329270
0.45500002 13864.85521654  1043.19175593
0.45600002 13857.55169254  1044.92873490
0.45700002 13851.63014604  1332.24985059
0.45800002 13846.52150631  1429.99957634
0.45900002 13842.61437100  1146.16852424
0.46000002 13840.68804829  1339.91707346
0.46100002 13838.52390426  1246.71267762
0.46200002 13838.43981169  961.07969047
0.46300002 13839.15128758  1348.48696537
0.46400002 13840.15095649  965.35057497
0.46500002 13842.53529875  1161.11191589
0.46600002 13845.64495810  1454.83121293
0.46700002 13849.01528524  1069.42101101
0.46800002 13854.39250090  1364.51918209
0.46900002 13859.38649776  1074.79547384
0.47000002 13865.40454341  1273.46814065
0.47100002 13872.15781954  1178.57858421
0.47200002 13879.70824146  1181.71841569
0.47300002 13887.90008733  1481.14461452
0.47400002 13895.87326830  1287.10532248
0.47500002 13904.86778715  1389.93064988
0.47600002 13914.95473845  1194.73807047
0.47700002 13924.49734993  998.38650731
0.47800002 13934.67369445  1401.68889336
0.47900002 13945.69403664  1004.09001823
0.48000002 13956.72729790  1711.86246786
0.48100002 13969.29665242  1514.97029376
0.48200002 13979.97370625  1215.41897163
0.48300002 13991.57822847  1117.36749029
0.48400002 14003.65187685  1018.76572233
0.48500002 14016.57304573  1532.71233520
0.48600002 14029.49141411  1024.85439638
0.48700002 14042.47899028  1027.90951081
0.48800002 14054.86372254  1134.01673321
0.48900002 14068.15160673  1240.81103053
0.49000002 14080.99745154  1659.30481834
0.49100002 14095.01727798  1144.23355686
0.49200002 14108.15134454  1356.28719380
0.49300002 14121.28417424  1569.58081037
0.49400002 14134.86802232  1259.41680049
0.49500002 14147.78774805  1263.11455002
0.49600002 14161.66227044  1689.20315569
0.49700002 14174.86186470  1376.52090093
0.49800002 14188.07417352  1699.16384356
0.49900002 14201.08579718  1278.09778233
0.50000002 14214.30262618  1709.12782879
