# SAXS profile: number of points = 501, q_min = 0, q_max = 0.5, delta_q = 0.001
#    q    intensity    error
0.00000000 1700912.83420643 280.65061764
0.00100000 1700824.63773548 561.27214378
0.00200000 1700560.01769174 1071.35284507
0.00300000 1700119.18854838 1020.07154947
0.00400000 1699502.04999985 1529.55190312
0.00500000 1698709.22342029 1681.72219775
0.00600000 1697740.58848906 2139.15322859
0.00700000 1696596.88523194 2239.50798158
0.00800000 1695277.88739939 2517.48776908
0.00900000 1693785.07005735 3048.81325643
0.01000000 1692117.75422458 3908.79218104
0.01100000 1690277.62635649 4259.49980387
0.01200000 1688264.51343483 4608.96232375
0.01300000 1686079.79723717 4602.99804947
0.01400000 1683723.68046811 4167.21629390
0.01500000 1681197.72637016 4841.84966755
0.01600000 1678501.59346526 5564.23303108
0.01700000 1675637.56017114 4524.22161541
0.01800000 1672606.10552090 8580.46970742
0.01900000 1669408.19614885 5509.04729587
0.02000000 1666044.68847399 5248.04100609
0.02100000 1662518.28141949 7132.20375065
0.02200000 1658827.65607697 8012.13794286
0.02300000 1654976.02203003 7149.49674060
0.02400000 1650963.90758885 9905.78389721
0.02500000 1646793.81906223 8349.24504396
0.02600000 1642466.01447258 7317.18642915
0.02700000 1637982.62564851 7567.48007710
0.02800000 1633344.08961569 9236.56125036
0.02900000 1628553.76750056 7328.49229023
0.03000000 1623612.39148658 10569.71715442
0.03100000 1618521.53640360 7768.90373221
0.03200000 1613282.50687252 10381.47340988
0.03300000 1607899.55531058 9840.34573215
0.03400000 1602371.14215336 8412.44888446
0.03500000 1596701.28051945 9484.40604426
0.03600000 1590890.66416633 9712.38795358
0.03700000 1584942.70586793 9034.17384126
0.03800000 1578858.54692267 14778.11668312
0.03900000 1572640.84591207 11323.01461494
0.04000000 1566289.94071692 9632.68358178
0.04100000 1559809.72447024 12774.84223574
0.04200000 1553202.09356425 11019.96936509
0.04300000 1546468.54325952 11227.36214522
0.04400000 1539612.06308255 16627.81105352
0.04500000 1532635.11878027 10575.18281096
0.04600000 1525538.32895314 12906.05486291
0.04700000 1518325.67673785 12025.13991903
0.04800000 1510999.03308573 14437.59643289
0.04900000 1503561.02930423 13532.04989362
0.05000000 1496013.34428648 17166.75392508
0.05100000 1488359.92774367 17413.81196581
0.05200000 1480600.34913322 17656.15998621
0.05300000 1472739.76106391 13122.11188280
0.05400000 1464779.53179919 15709.76121115
0.05500000 1456723.03461340 13460.12146773
0.05600000 1448571.09132601 16100.86843142
0.05700000 1440329.06483373 18796.29517346
0.05800000 1431996.03687163 20277.06482889
0.05900000 1423576.23193361 17937.06136013
0.06000000 1415073.20051904 20716.67262346
0.06100000 1406488.54601590 13080.34408921
0.06200000 1397825.09886908 18493.22692248
0.06300000 1389086.26796323 14668.75167553
0.06400000 1380271.41525400 16149.17631372
0.06500000 1371386.68058036 16292.07452740
0.06600000 1362433.93172441 13692.46165448
0.06700000 1353414.29090228 15185.30905458
0.06800000 1344331.89994679 16696.60297889
0.06900000 1335190.44275831 15421.45033587
0.07000000 1325989.20917735 18358.32146075
0.07100000 1316733.03628753 22753.14793276
0.07200000 1307423.97442176 15747.92250965
0.07300000 1298065.52493893 17290.23360233
0.07400000 1288660.21902997 20296.39940090
0.07500000 1279209.26478438 20416.18082292
0.07600000 1269715.57656613 16131.73715654
0.07700000 1260183.42176088 14744.14672593
0.07800000 1250613.62353528 16301.74934727
0.07900000 1241008.30020594 17870.52036116
0.08000000 1231372.68602935 16457.29672081
0.08100000 1221707.85187068 19535.10946796
0.08200000 1212014.84739634 19616.46122562
0.08300000 1202297.55728835 18178.73991936
0.08400000 1192558.69140915 27369.22325251
0.08500000 1182800.57253722 19835.56653263
0.08600000 1173025.40851213 16838.78052980
0.08700000 1163235.71843987 16890.18342487
0.08800000 1153433.08236095 18477.99884722
0.08900000 1143621.20666234 20070.55311963
0.09000000 1133802.06278666 15476.39888405
0.09100000 1123977.65639000 17061.98162559
0.09200000 1114149.69472707 20205.10566325
0.09300000 1104322.93098536 17128.04946447
0.09400000 1094495.56852008 15596.56258441
0.09500000 1084672.48205878 15619.28447579
0.09600000 1074855.06867608 18766.97038128
0.09700000 1065048.34255417 20353.07478306
0.09800000 1055250.64250675 17237.52005582
0.09900000 1045466.60936398 17250.19986565
0.10000000 1035695.09954165 17259.85964554
0.10100000 1025940.83273042 17266.58502693
0.10200000 1016205.51798221 17270.41359044
0.10300000 1006489.82588683 15701.24202243
0.10400000 996797.28409581 18839.46955572
0.10500000 987130.80305849 20403.99465921
0.10600001 977487.07408030 20395.26876036
0.10700001 967874.01950302 20383.42780993
0.10800001 958288.88638547 18801.62883572
0.10900001 948736.58983732 23481.23170363
0.11000001 939217.47785897 17201.76891667
0.11100001 929732.63614454 15619.50902249
0.11200001 920284.89419010 18718.59562904
0.11300001 910874.51974949 23363.93253157
0.11400001 901504.41976048 17106.04717038
0.11500001 892176.00784759 18628.63592104
0.11600001 882889.89405056 20143.13388133
0.11700001 873648.41534955 20102.65098393
0.11800001 864451.32672218 18516.54829049
0.11900001 855301.06829804 16934.96194997
0.12000001 846198.62949966 16894.35643377
0.12100001 837147.05885146 26043.64622774
0.12200001 828145.26875082 21390.99329959
0.12300001 819196.17978133 18284.45959418
0.12400001 810299.44313740 16712.42680216
0.12500001 801455.97835110 15147.51870459
0.12600001 792669.60331931 18120.42798578
0.12700001 783938.71439276 19567.11123337
0.12800001 775264.55455254 21001.91777263
0.12900001 766649.17434202 16444.62556471
0.13000001 758093.10346746 14896.53018528
0.13100001 749595.91410557 22262.99969836
0.13200001 741159.65278387 19221.97650108
0.13300001 732786.11124580 20620.60214257
0.13400001 724473.66325015 17604.71084696
0.13500001 716225.52890426 17533.20177424
0.13600001 708039.88350348 20370.30840887
0.13700001 699919.49573435 15937.16766936
0.13800001 691862.74678340 15867.87284574
0.13900001 683873.12222774 15797.46986844
0.14000001 675949.00523158 20014.85098882
0.14100001 668091.34557554 18499.45023148
0.14200001 660300.37053897 15579.78797769
0.14300001 652577.98244928 15505.25359434
0.14400001 644921.09140246 18235.14471955
0.14500001 637334.12073666 19540.66506356
0.14600001 629814.92048336 16664.90358215
0.14700001 622366.49540735 16579.84421983
0.14800001 614983.99708908 16493.87158009
0.14900001 607672.12586149 19141.67286776
0.15000001 600428.98274012 19039.60394103
0.15100001 593255.86508447 18936.72810703
0.15200001 586152.50310315 14797.42063909
0.15300001 579119.99051609 13377.67241220
0.15400001 572154.68443199 21284.15526529
0.15500001 565261.20627213 14549.82413609
0.15600001 558434.96578986 13151.14406502
0.15700001 551681.97783709 18304.80888856
0.15800001 544994.91051721 16897.56799813
0.15900001 538379.95761122 16797.45547032
0.16000001 531832.16399431 14128.12210339
0.16100001 525356.37168165 16596.00856483
0.16200001 518948.94824937 15225.96286039
0.16300001 512609.91112122 18915.30661332
0.16400001 506340.21378996 13785.11297122
0.16500001 500138.37335197 22416.20295193
0.16600001 494005.87842102 17324.78697418
0.16700001 487939.91542054 14755.30373898
0.16800001 481941.18398835 19547.53534553
0.16900001 476011.95667512 18207.45820254
0.17000001 470148.18038547 13265.23153596
0.17100001 464350.95429018 14376.30622369
0.17200001 458620.55256899 14281.44468141
0.17300001 452956.04021220 13004.36852862
0.17400001 447357.22164161 11743.12762267
0.17500001 441823.04829498 13996.95483103
0.17600001 436352.03603532 17377.72065584
0.17700001 430947.11948676 12656.91749712
0.17800001 425604.29897390 14855.71875735
0.17900001 420325.35374342 12483.66359583
0.18000001 415108.79180940 16905.30634496
0.18100001 409956.10700491 15668.52314985
0.18200001 404862.15689952 11113.46673187
0.18300001 399830.49162085 12138.85429904
0.18400001 394858.92962932 13148.80297782
0.18500001 389948.87279450 16319.36109741
0.18600001 385096.31320581 12962.34251489
0.18700001 380302.55885028 12869.43919951
0.18800001 375566.87825558 17035.71440254
0.18900001 370890.82923146 13741.50587228
0.19000001 366267.60372248 16789.70774793
0.19100001 361705.45247694 16667.38803767
0.19200001 357195.81366551 13443.06508250
0.19300001 352743.50603899 16423.73841724
0.19400001 348343.94092247 14264.68505484
0.19500001 343999.00789072 12136.28557189
0.19600001 339707.26440025 16061.36021985
0.19700001 335468.05703271 9963.40176472
0.19800001 331280.98695747 10877.61172081
0.19900001 327145.83933158 15703.00103004
0.20000001 323059.83039020 10714.27978126
0.20100001 319025.64371115 13533.06844583
0.20200001 315039.23895840 12470.82886358
0.20300001 311103.44646622 12375.69568536
0.20400001 307214.89727594 10391.54439152
0.20500001 303373.78231229 11249.10037985
0.20600001 299579.65087012 13022.72803888
0.20700001 295832.40796502 11075.96587776
0.20800001 292129.25637147 11905.72840621
0.20900001 288473.89793030 12721.69950010
0.21000001 284860.60427992 10819.00626199
0.21100001 281292.00728844 10734.10350556
0.21200001 277766.09022793 10649.55240279
0.21300001 274282.04052016 9684.89930863
0.21400001 270841.07305957 9608.08752103
0.21500001 267442.35735024 11264.67262416
0.21600001 264083.01362190 12893.85374969
0.21700001 260764.21566112 13643.18440843
0.21800001 257485.19804124 10995.90590224
0.21900001 254244.32613147 8390.06315903
0.22000001 251041.51594622 9154.22931181
0.22100001 247878.35196482 9905.21941287
0.22200001 244752.25333124 9005.65958715
0.22300001 241661.72278610 12991.73483130
0.22400001 238606.71960982 10468.87031792
0.22500001 235590.10673807 8785.15549569
0.22600001 232606.22225185 9504.29069065
0.22700001 229659.27855941 8639.78246797
0.22800001 226744.78784137 11683.02574602
0.22900001 223863.29578391 7723.28406979
0.23000001 221016.13644911 9189.85138816
0.23100001 218202.27395018 9112.12739110
0.23200001 215418.58069629 12046.20760224
0.23300001 212667.34259134 8211.08648579
0.23400001 209947.99167383 8880.80046782
0.23500001 207257.46538946 7336.91462179
0.23600001 204598.94787816 10910.23941163
0.23700001 201969.40957465 9373.40074170
0.23800001 199369.64515202 12865.32381017
0.23900001 196798.27751397 8501.68599073
0.24000001 194255.44818355 7022.33478399
0.24100001 191741.92657558 8352.27871670
0.24200001 189255.54298178 8278.03784159
0.24300001 186796.38094352 10255.12179890
0.24400001 184364.05924714 7452.91744762
0.24500001 181958.29947092 9399.96619533
0.24600001 179578.96697063 7318.74114510
0.24700001 177225.66259058 11207.75143242
0.24800001 174897.97166319 7838.92746078
0.24900001 172594.54429686 7766.75486078
0.25000001 170317.10644144 9618.65904132
0.25100001 168062.76307841 7623.32729389
0.25200001 165834.43382328 8181.44217973
0.25300001 163629.76820263 8104.58280251
0.25400001 161448.17617786 6792.93233406
0.25500001 159289.51720098 6116.71774991
0.25600001 157154.66196514 6058.31250539
0.25700001 155041.93982221 6600.13569051
0.25800001 152952.35972437 6536.41940209
0.25900001 150884.88351084 5884.51073535
0.26000001 148839.42763184 6992.47664100
0.26100001 146814.95349458 6346.81073988
0.26200001 144813.08734620 6855.45187935
0.26300001 142831.46911329 9049.80231123
0.26400001 140871.43807931 7839.49590006
0.26500001 138932.64709073 6652.09545747
0.26600001 137013.41884410 6036.12645280
0.26700001 135115.64609606 5974.81415310
0.26800001 133238.43620514 5376.17115528
0.26900001 131379.67258373 5320.87699143
0.27000001 129542.01087077 6319.05958931
0.27100001 127723.46966043 6253.34137050
0.27200001 125925.74279174 6703.65723476
0.27300001 124146.39287069 5612.65868730
0.27400001 122384.36621246 6058.02641421
0.27500001 120644.21688666 5494.13789703
0.27600001 118920.51422832 5929.37712004
0.27700001 117217.24381173 4887.95929828
0.27800001 115531.23928008 5318.48085197
0.27900001 113864.96435618 5738.79447516
0.28000001 112215.44845673 5675.85765157
0.28100001 110584.80139935 5613.28478470
0.28200001 108972.70564668 6938.83736046
0.28300001 107377.94319978 4574.30059681
0.28400001 105800.69488060 5427.57590427
0.28500001 104241.44423252 4919.15398616
0.28600001 102699.46972060 5305.45485688
0.28700001 101174.96088070 4807.83436862
0.28800001 99666.79106296  4752.61115679
0.28900001 98177.92510559  5124.88793309
0.29000001 96704.25971197  4221.14113623
0.29100001 95248.60673438  5006.26700693
0.29200001 93809.53624399  4122.92931308
0.29300001 92387.29990662  4074.28011874
0.29400001 90981.09893038  4831.09658189
0.29500001 89592.65932000  5966.87139317
0.29600001 88219.85818451  5502.27281543
0.29700001 86863.44387673  4659.35535011
0.29800001 85523.20862579  5370.00252382
0.29900001 84200.07898832  5304.60522738
0.30000001 82892.04468777  4491.09119379
0.30100001 81601.18408945  5175.14733995
0.30200001 80324.79419047  4745.99068942
0.30300001 79065.57321126  4687.00740185
0.30400001 77821.89348172  4984.49251348
0.30500001 76593.59584199  3867.21083714
0.30600001 75380.29330462  3818.38893812
0.30700001 74183.62055151  5483.65349078
0.30800001 73001.96486257  5752.19009368
0.30900001 71835.67645718  4676.50275877
0.31000001 70685.14016359  4286.70052817
0.31100001 69548.79264212  3254.88364975
0.31200001 68428.19880072  3533.97449438
0.31300001 67322.31426361  4122.14549753
0.31400001 66232.46123693  4068.32912410
0.31500001 65156.29623348  3088.40858769
0.31600002 64095.55435904  3047.74375408
0.31700002 63049.33438982  3608.94407135
0.31800002 62017.89800496  3857.82352806
0.31900002 61001.09968697  3806.46880070
0.32000002 59998.99947164  2888.95196135
0.32100002 59010.52095920  2850.20829729
0.32200002 58037.74454884  3655.50751350
0.32300002 57077.27305385  3051.35116194
0.32400002 56131.84944287  2736.42778991
0.32500002 55200.32890711  3779.01469592
0.32600002 54283.28110586  2928.85457075
0.32700002 53379.27376360  3939.39059029
0.32800002 52489.96677678  3367.49397803
0.32900002 51613.61031754  2810.36121487
0.33000002 50751.83292661  2519.82862413
0.33100002 49901.25669368  2733.59097113
0.33200002 49066.92814857  3186.16113021
0.33300002 48244.51759615  2900.46053523
0.33400002 47435.84368391  3575.47688699
0.33500002 46639.28859071  2585.68228192
0.33600002 45856.82683766  2549.86897706
0.33700002 45086.21599740  3657.39401491
0.33800002 44329.71545128  2704.99936494
0.33900002 43584.62455393  3111.94234052
0.34000002 42852.93518607  2411.12051243
0.34100002 42133.41114727  3242.16614133
0.34200002 41426.98884925  2983.98614813
0.34300002 40731.62227614  2522.10217078
0.34400002 40050.09141530  3108.88849335
0.34500002 39379.45204133  2452.55238929
0.34600002 38721.85432992  2821.66165866
0.34700002 38074.59105447  2186.24312189
0.34800002 37440.57286168  2940.02112321
0.34900002 36817.45443198  2512.79138399
0.35000002 36206.16992930  2478.13141818
0.35100002 35606.76603179  2068.04106907
0.35200002 35017.45843461  2781.26176790
0.35300002 34439.89017933  2560.26155719
0.35400002 33873.63310293  2344.90236261
0.35500002 33318.67189877  2312.98231276
0.35600002 32773.40528996  2983.52709188
0.35700002 32239.39328574  2077.50660173
0.35800002 31716.60680405  1707.93935730
0.35900002 31204.21070194  1853.53020349
0.36000002 30702.43603813  1995.04438826
0.36100002 30209.99059603  2460.60385060
0.36200002 29729.00906678  1942.49354443
0.36300002 29256.98610475  1757.17466868
0.36400002 28795.04152600  2049.48717769
0.36500002 28342.65443435  2489.61888344
0.36600002 27900.48590116  2303.88273242
0.36700002 27467.21110127  1971.04716199
0.36800002 27044.94375859  1646.63147874
0.36900002 26630.83376064  1921.41474685
0.37000002 26225.67328620  1605.40466626
0.37100002 25829.43554868  1585.41082908
0.37200002 25443.14106310  1992.96133388
0.37300002 25064.89598830  1546.75480471
0.37400002 24695.60567636  1528.04067361
0.37500002 24335.12338037  1647.00122840
0.37600002 23983.43614859  1356.26337845
0.37700002 23639.38998811  1474.38882340
0.37800002 23303.65341557  1589.77531132
0.37900002 22976.71081712  1571.60709434
0.38000002 22657.54070734  1553.85421532
0.38100002 22345.25109887  1792.53612807
0.38200002 22041.86419753  1899.45773721
0.38300002 21745.30471021  1377.78257171
0.38400002 21457.24385455  1363.07148043
0.38500002 21175.28573995  1961.67856388
0.38600002 20902.03304499  1213.36307574
0.38700002 20634.81466677  1681.32477870
0.38800002 20375.16245707  1664.44709997
0.38900002 20121.72321451  1177.12086382
0.39000002 19876.44067447  1632.05462110
0.39100002 19636.62826222  1731.95069478
0.39200002 19404.00676771  1258.25287846
0.39300002 19177.41824501  1700.07820796
0.39400002 18958.59808679  1572.61578581
0.39500002 18744.83309430  1781.50902169
0.39600002 18537.29119200  1324.67489134
0.39700002 18335.72813688  1094.64302163
0.39800002 18140.37761661  1194.27181697
0.39900002 17950.47725431  1400.13729217
0.40000002 17766.20851451  1175.50124206
0.40100002 17587.93916255  1272.66333810
0.40200002 17415.23011093  1263.30085210
0.40300002 17247.30755536  1254.22426485
0.40400002 17085.10179777  1037.91998339
0.40500002 16928.24561517  1030.93020681
0.40600002 16776.13089972  1229.01940795
0.40700002 16629.27858412  1221.25427708
0.40800002 16487.13483410  1112.63434700
0.40900002 16349.70173613  1307.15871574
0.41000002 16217.42789868  1399.72626826
0.41100002 16089.21685304  1093.74501349
0.41200002 15965.41682417  1186.86914295
0.41300002 15846.65908292  1082.48533325
0.41400002 15731.61868942  1273.08130276
0.41500002 15621.06244450  1267.18064554
0.41600002 15514.00428842  1067.44111564
0.41700002 15411.50059589  1159.56135978
0.41800002 15313.68695792  1154.95832509
0.41900002 15217.86866748  1054.59834863
0.42000002 15127.08083729  1050.80272015
0.42100002 15040.12472924  1047.24393452
0.42200002 14956.77350518  1138.80878865
0.42300002 14876.22525909  1229.96636270
0.42400002 14799.25734530  1037.79797052
0.42500002 14725.89466465  1223.28012776
0.42600002 14654.99396003  1032.51764838
0.42700002 14588.44830841  1123.89411094
0.42800002 14524.27566239  1308.49205643
0.42900002 14464.04605848  1585.98272547
0.43000002 14406.23304909  1490.18081721
0.43100002 14350.37386505  1115.88512463
0.43200002 14298.47455631  1207.29175637
0.43300002 14249.00034735  927.60996657
0.43400002 14202.19418859  1204.70117914
0.43500002 14157.81035384  1018.51292512
0.43600002 14116.35034967  1110.39217113
0.43700002 14076.72276377  1017.32480235
0.43800002 14039.36329240  1016.94132828
0.43900002 14005.15464263  924.34025022
0.44000002 13972.65438334  1201.57847064
0.44100002 13942.65979722  924.39838836
0.44200002 13914.60540525  1109.55068760
0.44300002 13888.70232613  1017.48638063
0.44400002 13865.08573193  1110.59341976
0.44500002 13842.20319300  1111.25212500
0.44600002 13821.67829075  926.74357331
0.44700002 13804.01526354  927.62986967
0.44800002 13786.54798110  1021.37645558
0.44900002 13772.53388410  1115.57529748
0.45000002 13759.39305574  1675.48137180
0.45100002 13747.64034281  1211.71707724
0.45200002 13737.68782103  933.47593168
0.45300002 13728.81432686  1402.39844995
0.45400002 13721.91191670  1217.47669251
0.45500002 13716.30749397  1032.01502476
0.45600002 13711.95104370  1033.94971745
0.45700002 13708.96687460  1412.70910338
0.45800002 13706.86500697  1038.08947050
0.45900002 13705.98522874  1134.85563073
0.46000002 13707.10857217  1137.41592323
0.46100002 13708.18026538  1139.97232490
0.46200002 13711.27495793  1047.47290006
0.46300002 13715.33805202  1240.96384576
0.46400002 13719.65727997  1052.64075470
0.46500002 13725.51785609  1055.35511797
0.46600002 13732.00103701  1058.11939006
0.46700002 13738.98527657  1350.26753698
0.46800002 13747.92297432  967.16642708
0.46900002 13756.55856455  1163.80490972
0.47000002 13766.31888011  1069.84952247
0.47100002 13776.77383132  1268.01432353
0.47200002 13788.16611386  1076.09747536
0.47300002 13800.30211292  1275.56198476
0.47400002 13812.26616434  1180.94881302
0.47500002 13825.26451559  1579.39829312
0.47600002 13839.25897228  1287.25873432
0.47700002 13852.95866155  1191.90861973
0.47800002 13867.25883800  1394.90763263
0.47900002 13882.57287747  1199.45435347
0.48000002 13897.79564694  1303.54380449
0.48100002 13914.63901274  1006.02844831
0.48200002 13929.67379153  1311.96638824
0.48300002 13945.64867683  1214.94497031
0.48400002 13962.32998255  1218.91146525
0.48500002 13979.74954509  1426.77330620
0.48600002 13997.09197213  1124.73637873
0.48700002 14014.69418665  1025.87566309
0.48800002 14031.74152594  1543.84243457
0.48900002 14049.72766901  1342.45154241
0.49000002 14067.28704565  1243.26688803
0.49100002 14086.06623145  1143.50691087
0.49200002 14104.01053595  1147.29079143
0.49300002 14122.09828211  1151.09228554
0.49400002 14140.50138390  1259.91873303
0.49500002 14158.40187390  1158.72366429
0.49600002 14177.24217818  1479.67883628
0.49700002 14195.34507862  1272.47079317
0.49800002 14213.74117390  1276.67829276
0.49900002 14231.73461218  1387.59419046
0.50000002 14250.10341604  1070.89532248
