# SAXS profile: number of points = 501, q_min = 0, q_max = 0.5, delta_q = 0.001
#    q    intensity    error
0.00000000 1664650.74656090 299.63713438
0.00100000 1664563.76157559 649.17988243
0.00200000 1664302.77535379 1198.29803620
0.00300000 1663868.00652320 1397.64917527
0.00400000 1663259.33121776 1496.93345498
0.00500000 1662477.40186876 1496.22972090
0.00600000 1661522.07651357 2442.43755191
0.00700000 1660394.08006098 2191.72027677
0.00800000 1659093.21943566 4031.59669344
0.00900000 1657620.91367148 2983.71777216
0.01000000 1655976.55127666 4098.54214138
0.01100000 1654161.71011881 2977.49120785
0.01200000 1652176.31067263 3543.91834177
0.01300000 1650021.65524047 4504.55931748
0.01400000 1647698.04484044 5190.24907134
0.01500000 1645206.85614910 4343.34629364
0.01600000 1642547.94509665 5026.19693668
0.01700000 1639723.38572323 5312.70400806
0.01800000 1636733.79806340 4664.69153438
0.01900000 1633580.05137286 5880.88845030
0.02000000 1630263.05562233 9243.59194352
0.02100000 1626785.40329671 7515.74890398
0.02200000 1623145.86562742 6719.82418899
0.02300000 1619347.57904890 6412.61670493
0.02400000 1615391.05846633 6663.48842001
0.02500000 1611278.76545154 9425.98120838
0.02600000 1607011.15352503 9762.59320419
0.02700000 1602589.99798846 9423.22961977
0.02800000 1598015.93784878 8341.64357812
0.02900000 1593292.40343250 8603.77937357
0.03000000 1588419.85575345 8124.76793564
0.03100000 1583400.00893932 9120.38447115
0.03200000 1578234.16600389 7812.25948154
0.03300000 1572926.42760472 8021.92515060
0.03400000 1567475.37794860 12343.86917090
0.03500000 1561885.03721209 8434.17959042
0.03600000 1556155.87979899 9500.33208522
0.03700000 1550291.45346614 9720.32786277
0.03800000 1544292.79974349 11744.34728557
0.03900000 1538162.73976218 10151.87455256
0.04000000 1531901.33844945 12247.55176844
0.04100000 1525512.79731962 10571.80417560
0.04200000 1518998.46684811 9797.54056571
0.04300000 1512360.29809592 11977.89411691
0.04400000 1505601.04627638 13211.64979465
0.04500000 1498723.32723525 14477.66801380
0.04600000 1491727.29630657 12620.01351342
0.04700000 1484617.66221258 14964.94673109
0.04800000 1477395.47777160 14116.51444692
0.04900000 1470063.71173590 15435.66969172
0.05000000 1462624.02535386 12307.98174649
0.05100000 1455080.73575004 14754.51934783
0.05200000 1447432.43140898 14959.21487573
0.05300000 1439685.16194715 13993.74042648
0.05400000 1431839.48605762 15356.47920410
0.05500000 1423899.33846332 15548.98150137
0.05600000 1415865.51592928 16947.91101653
0.05700000 1407742.94333247 15921.57343229
0.05800000 1399531.03030592 19817.36031445
0.05900000 1391233.77050439 17529.54632709
0.06000000 1382855.00911472 13918.43631699
0.06100000 1374395.74680911 19172.82156396
0.06200000 1365859.23286758 16779.58146011
0.06300000 1357248.82572481 19544.38400424
0.06400000 1348563.36105038 19722.74007773
0.06500000 1339810.04349096 14590.53205613
0.06600000 1330989.51550395 13376.44525668
0.06700000 1322103.41532136 14834.00101412
0.06800000 1313155.82309099 14950.27974570
0.06900000 1304150.35464974 19171.01111092
0.07000000 1295086.55077341 16551.20689395
0.07100000 1285969.04917714 16666.15965794
0.07200000 1276799.48980793 16777.14608203
0.07300000 1267581.62627668 15477.17238203
0.07400000 1258318.25227488 19818.51340211
0.07500000 1249009.89035844 19934.19878449
0.07600000 1239660.11353728 17181.68997911
0.07700000 1230272.61051221 14394.19021791
0.07800000 1220848.47523379 17360.46613196
0.07900000 1211389.79496503 14536.67822140
0.08000000 1201901.85859102 17523.72992031
0.08100000 1192385.26520985 17599.60734024
0.08200000 1182841.80529226 16199.01928362
0.08300000 1173274.32153149 17739.90857413
0.08400000 1163686.40439003 19288.10305812
0.08500000 1154079.82128775 17865.15647222
0.08600000 1144456.96860112 16428.68055562
0.08700000 1134820.28121986 16477.59125706
0.08800000 1125171.24239301 24033.65886623
0.08900000 1115513.67660968 19577.26594404
0.09000000 1105849.35627469 15094.84442224
0.09100000 1096180.37974724 18152.74794145
0.09200000 1086508.52735634 22735.19200318
0.09300000 1076838.11348449 18220.10173636
0.09400000 1067167.94820869 18248.57277201
0.09500000 1057502.22297504 16750.83599926
0.09600000 1047842.74343609 16770.72389705
0.09700000 1038194.08048161 16787.59907062
0.09800000 1028555.10820134 16801.44848243
0.09900000 1018929.92964351 19869.13456234
0.10000000 1009318.11651392 18349.40422114
0.10100000 999723.18927477 21414.07172141
0.10200000 990147.31872957 16827.55447332
0.10300000 980592.06369675 18356.68429592
0.10400000 971059.86790071 16823.61300285
0.10500000 961553.97624560 21404.19251828
0.10600001 952070.54494177 22921.09944799
0.10700001 942618.31040457 15270.41734714
0.10800001 933194.08107710 22886.58591550
0.10900001 923802.73632970 15242.74586685
0.11000001 914444.56364982 15225.50270143
0.11100001 905120.52660837 18247.23067538
0.11200001 895834.05902206 16702.82681679
0.11300001 886584.72212860 18192.71935461
0.11400001 877375.41205880 16648.19922769
0.11500001 868207.61822009 16617.49459522
0.11600001 859082.62836151 21107.66117283
0.11700001 850001.72755869 24072.05005813
0.11800001 840965.34221969 16512.35527219
0.11900001 831975.23924932 20965.77701661
0.12000001 823032.87309093 22407.07102538
0.12100001 814141.26456056 17878.54301197
0.12200001 805299.37293517 19315.10636981
0.12300001 796509.71198412 16296.58947500
0.12400001 787772.17931353 17724.87486971
0.12500001 779087.89857746 17669.71437234
0.12600001 770459.87806564 17612.71364255
0.12700001 761887.34234045 21942.35649347
0.12800001 753371.29153652 20408.82924958
0.12900001 744913.45112958 15978.39427982
0.13000001 736514.37033976 18814.26047714
0.13100001 728174.02140410 17301.41556411
0.13200001 719894.16913296 17234.26722147
0.13300001 711676.53297303 25748.45817682
0.13400001 703519.73825833 18520.15798279
0.13500001 695426.34779115 15605.36798020
0.13600001 687395.35653076 24014.15791269
0.13700001 679429.06538111 14064.18231656
0.13800001 671525.97536534 15401.44897127
0.13900001 663688.96680106 13937.46896009
0.14000001 655917.13819523 13872.64812707
0.14100001 648211.32862227 13806.90195083
0.14200001 640571.50624566 13740.25945703
0.14300001 632999.78128382 20509.19388097
0.14400001 625492.85235746 16325.36421660
0.14500001 618055.24439356 20303.11573607
0.14600001 610685.00416526 14812.16547478
0.14700001 603384.50856977 17413.67773884
0.14800001 596149.33574772 13323.93828257
0.14900001 588984.19408971 18553.00298917
0.15000001 581887.11210460 18451.64119544
0.15100001 574859.43014235 18349.51387597
0.15200001 567900.71716569 14336.65428135
0.15300001 561012.19727508 14255.32060545
0.15400001 554190.09676236 14173.41239356
0.15500001 547439.03511610 16653.09623414
0.15600001 540754.45503476 12734.76801708
0.15700001 534142.41059415 15191.01087427
0.15800001 527595.53307828 15099.78486939
0.15900001 521120.17257962 15008.26167869
0.16000001 514710.83002687 13673.29384508
0.16100001 508373.21425027 14824.16362730
0.16200001 502102.50777378 15959.32896297
0.16300001 495899.88371393 19518.62034441
0.16400001 489765.39693987 12121.69414652
0.16500001 483698.33789478 12044.08918220
0.16600001 477699.57656930 13163.01245383
0.16700001 471766.46159204 15455.07001146
0.16800001 465899.81504445 16534.78521664
0.16900001 460101.93478108 12905.85988000
0.17000001 454368.58786543 15150.92127779
0.17100001 448701.02438461 17364.73046367
0.17200001 443099.51089838 14947.96270604
0.17300001 437562.83678173 11420.39057933
0.17400001 432090.75045405 14745.09755560
0.17500001 426682.91506503 11264.42948971
0.17600001 421337.30739720 11186.50603972
0.17700001 416056.87929966 13330.46304237
0.17800001 410837.42920153 13237.18259409
0.17900001 405681.23383056 10953.39383079
0.18000001 400586.63113081 17401.48407828
0.18100001 395554.86631290 11878.51319648
0.18200001 390580.98052934 10721.44842199
0.18300001 385668.45414015 15966.67475566
0.18400001 380815.14137849 13737.90687422
0.18500001 376022.48502823 16785.64452465
0.18600001 371286.53359982 12497.50531140
0.18700001 366608.46905584 10338.35931581
0.18800001 361987.58576053 11288.58339528
0.18900001 357425.33396971 12223.94699931
0.19000001 352915.25874667 15166.53396124
0.19100001 348465.26687830 11039.38017632
0.19200001 344066.66264122 14941.09553118
0.19300001 339725.13406728 12851.80242905
0.19400001 335434.85484216 17660.64594197
0.19500001 331198.99154051 13632.15113600
0.19600001 327014.99958055 13528.61117196
0.19700001 322882.51616205 11507.53341983
0.19800001 318801.56853642 19032.45454107
0.19900001 314771.56446758 9443.14738031
0.20000001 310790.11301674 12181.41905540
0.20100001 306859.37791420 10227.62354926
0.20200001 302975.68414747 10148.17102016
0.20300001 299141.58318940 12815.22602954
0.20400001 295354.12463700 15439.63759517
0.20500001 291613.04471281 11714.09655980
0.20600001 287918.23855212 10727.83407554
0.20700001 284269.29848140 14190.72405097
0.20800001 280663.94812251 8798.81518956
0.20900001 277105.19590604 11347.45830876
0.21000001 273588.14318040 12988.59771149
0.21100001 270114.62496890 12884.46822011
0.21200001 266683.20668253 8520.52885631
0.21300001 263292.64707035 10142.03324462
0.21400001 259944.49583427 10898.17350308
0.21500001 256637.53983742 11641.07935739
0.21600001 253369.47823793 9071.89459722
0.21700001 250141.18207273 10633.50215266
0.21800001 246951.69895212 8923.60006355
0.21900001 243799.64001284 9654.46620099
0.22000001 240685.02931123 16755.28910773
0.22100001 237609.06742668 8703.62055138
0.22200001 234569.64034840 12554.16774506
0.22300001 231564.73313108 9336.69048133
0.22400001 228595.09468638 9258.10177258
0.22500001 225662.58007344 9944.95037411
0.22600001 222762.31295411 9102.06853773
0.22700001 219898.05163600 9024.61646591
0.22800001 217065.84272520 7456.21205022
0.22900001 214265.80487485 11088.25592665
0.23000001 211499.34084041 13191.21451205
0.23100001 208765.31879171 11624.05350006
0.23200001 206061.12657133 10082.57139998
0.23300001 203388.54686195 8566.72599898
0.23400001 200747.12957989 9906.87131332
0.23500001 198133.90778481 10520.91100097
0.23600001 195551.98896722 6951.87353659
0.23700001 192998.53649384 8268.05769446
0.23800001 190473.99045377 7511.34216882
0.23900001 187977.40470232 8797.34295618
0.24000001 185508.59324098 8047.36315544
0.24100001 183068.36047372 7974.45815944
0.24200001 180654.63026194 9877.29237679
0.24300001 178267.94200216 9134.44978028
0.24400001 175907.00549272 7111.04103342
0.24500001 173572.24963335 8966.74284022
0.24600001 171263.39696204 6979.84007337
0.24700001 168979.86532164 10057.68205973
0.24800001 166721.20444991 7472.44473694
0.24900001 164486.31672234 6168.23716889
0.25000001 162276.80832841 6720.69433487
0.25100001 160090.00954953 10287.38450034
0.25200001 157928.63138608 9589.42695144
0.25300001 155790.31517671 6529.17241795
0.25400001 153674.52716288 6465.85603629
0.25500001 151581.37747367 7566.94272149
0.25600001 149511.27206683 6916.39177304
0.25700001 147462.63223853 7418.84537893
0.25800001 145436.74564861 9040.34853725
0.25900001 143432.55537310 5593.86992422
0.26000001 141449.81362425 6091.53651195
0.26100001 139487.60268147 6030.04934924
0.26200001 137547.44875009 8139.37066492
0.26300001 135627.21354557 9667.50823897
0.26400001 133727.91254352 5315.68477513
0.26500001 131849.35110411 6312.94722959
0.26600001 129989.95052150 7809.14664710
0.26700001 128151.69454430 5151.69836446
0.26800001 126333.39759424 5607.30811756
0.26900001 124533.28034939 6052.31771139
0.27000001 122753.75375777 5488.93435903
0.27100001 120992.74040381 6911.10565892
0.27200001 119252.37726369 6348.40060406
0.27300001 117529.76963642 5796.56851279
0.27400001 115824.22527016 5255.52447035
0.27500001 114140.04945340 6615.55757940
0.27600001 112471.95157699 7009.81471378
0.27700001 110823.90966518 5545.62870210
0.27800001 109192.86366927 5026.69371691
0.27900001 107581.11400055 5873.92910243
0.28000001 105985.66442664 5807.48475712
0.28100001 104408.78494702 5299.79017474
0.28200001 102850.02656192 5239.18060103
0.28300001 101308.30460788 7768.32116501
0.28400001 99783.73605816  6398.63237758
0.28500001 98276.83831746  4637.68421971
0.28600001 96786.94634983  4166.67823758
0.28700001 95314.02651065  4941.07936819
0.28800001 93857.37841731  4882.46105637
0.28900001 92419.34747407  4824.29016650
0.29000001 90996.56845822  4369.20044133
0.29100001 89591.29033487  5886.14805362
0.29200001 88202.33809900  5039.44082583
0.29300001 86829.93515898  5360.88045048
0.29400001 85473.16224871  5673.28141281
0.29500001 84133.91833332  4109.10076591
0.29600001 82810.11716287  4427.02907309
0.29700001 81502.37540623  4007.47198843
0.29800001 80210.66257270  4676.68290269
0.29900001 78935.45701282  5683.35317397
0.30000001 77675.37962074  3857.74791149
0.30100001 76432.17497129  3462.37769011
0.30200001 75202.96116811  4785.16464566
0.30300001 73990.73204296  4723.56855724
0.30400001 72794.04036365  3663.36025473
0.30500001 71612.51809694  3615.71620989
0.30600001 70445.36577343  4866.01387117
0.30700001 69294.85156835  3521.56452343
0.30800001 68159.08608534  3475.09116858
0.30900001 67038.41359573  4052.47229372
0.31000001 65933.29987473  4921.26173565
0.31100001 64842.02998687  3034.60714706
0.31200001 63766.64008117  3293.22828291
0.31300001 62705.41747819  2953.42530306
0.31400001 61660.13673620  4370.16239809
0.31500001 60628.37931302  3735.92091015
0.31600002 59611.70122976  3117.99018045
0.31700002 58609.45348896  4193.50659569
0.31800002 57621.72458662  2757.19965202
0.31900002 56648.44492436  2719.12548512
0.32000002 55689.72905225  3754.04481316
0.32100002 54744.47825848  5288.31685017
0.32200002 53814.59664836  2868.04906418
0.32300002 52896.97592751  3084.95178217
0.32400002 51994.12871049  2788.18528412
0.32500002 51105.05104269  4498.26680578
0.32600002 50230.14699473  2463.78882676
0.32700002 49368.35769331  2671.81564488
0.32800002 48520.89256792  2873.40739394
0.32900002 47686.26232117  2596.51710634
0.33000002 46866.14246025  2792.28490001
0.33100002 46056.74421201  2752.35116445
0.33200002 45263.67596030  2939.19693767
0.33300002 44482.40947937  3788.56699477
0.33400002 43714.59985215  2416.32462125
0.33500002 42958.66890781  2814.65212013
0.33600002 42216.87568025  3201.09475005
0.33700002 41486.72077367  3365.40294854
0.33800002 40770.21868240  2902.43200545
0.33900002 40065.36124887  2452.00022455
0.34000002 39373.46478994  2819.53394714
0.34100002 38693.71610003  2381.98527593
0.34200002 38026.93110681  2152.13426791
0.34300002 37371.04031354  2506.84950296
0.34400002 36728.64574603  3041.13201180
0.34500002 36097.20976954  3184.85696880
0.34600002 35478.74385977  2585.33618750
0.34700002 34870.22318610  2184.27088383
0.34800002 34274.97890343  2332.58379975
0.34900002 33690.37339787  1945.61915587
0.35000002 33117.38698782  1917.99355824
0.35100002 32556.35322557  2062.77063807
0.35200002 32004.98907315  2372.52995236
0.35300002 31465.36185307  2339.13511095
0.35400002 30936.99509855  1647.39506702
0.35500002 30419.46625359  1786.83953237
0.35600002 29911.70286597  1761.94894077
0.35700002 29415.10419473  2211.42763810
0.35800002 28929.55398673  1557.85655597
0.35900002 28453.94784336  1536.51325632
0.36000002 27989.01475686  1667.16574296
0.36100002 27533.31135538  2093.08242838
0.36200002 27088.88925041  1769.98810746
0.36300002 26653.19038354  1891.84354303
0.36400002 26227.41301513  1579.54602366
0.36500002 25811.19645966  1842.14517858
0.36600002 25404.87507428  2237.66150254
0.36700002 25007.31503415  1932.56539738
0.36800002 24620.52278984  1499.02060107
0.36900002 24241.87365860  2152.67848285
0.37000002 23871.95359236  1727.01656445
0.37100002 23510.92717851  1705.48273832
0.37200002 23159.46143980  1943.65789341
0.37300002 22816.05751615  2175.96750839
0.37400002 22481.27301227  1391.02883353
0.37500002 22155.31794883  1624.42798896
0.37600002 21837.69329540  1358.41377579
0.37700002 21527.83541937  1586.81682393
0.37800002 21225.94475913  1568.70352174
0.37900002 20932.61950801  1670.42311587
0.38000002 20646.96730342  1533.96650848
0.38100002 20368.04899883  1633.92496809
0.38200002 20097.80625258  1731.92853586
0.38300002 19834.34030547  1142.45805572
0.38400002 19579.00696979  1469.89401789
0.38500002 19329.70046597  1454.94662300
0.38600002 19088.67542581  1551.33672535
0.38700002 18853.90296326  1097.29720445
0.38800002 18626.16990050  1847.62301081
0.38900002 18404.66133262  1076.67273897
0.39000002 18190.90528095  1173.58630980
0.39100002 17982.52953021  1057.37278647
0.39200002 17781.17417496  1257.84032073
0.39300002 17585.66469672  1247.17539938
0.39400002 17397.65784652  1030.81127624
0.39500002 17214.52524621  1227.05141768
0.39600002 17037.41862361  1116.03615981
0.39700002 16866.10505069  1208.28782308
0.39800002 16700.62369361  999.53237542
0.39900002 16540.62481402  992.43753586
0.40000002 16385.89493978  1084.17279006
0.40100002 16236.99434263  1174.90896630
0.40200002 16093.42512713  1167.41711403
0.40300002 15954.34473471  1063.51667040
0.40400002 15820.92226633  1057.23318054
0.40500002 15692.35768190  955.66462811
0.40600002 15568.74540705  1235.61353777
0.40700002 15449.62003121  1040.06846978
0.40800002 15335.42430019  1128.99399047
0.40900002 15225.45372221  1217.27508277
0.41000002 15120.36681859  932.17065853
0.41100002 15019.35505061  1392.29427916
0.41200002 14922.26571451  1294.20816674
0.41300002 14830.15857641  1197.23875860
0.41400002 14741.42297939  1192.94971113
0.41500002 14656.95498576  1280.43164823
0.41600002 14575.83466696  1002.89035178
0.41700002 14498.82853674  1363.61488849
0.41800002 14426.49638806  1088.04640914
0.41900002 14355.71223410  1085.29189632
0.42000002 14289.75084284  902.39780849
0.42100002 14227.35670878  990.65089457
0.42200002 14168.36651940  1078.77947791
0.42300002 14111.97814235  1525.78714905
0.42400002 14058.76779851  1344.36973444
0.42500002 14009.06519605  895.17930845
0.42600002 13961.42569951  1073.07523011
0.42700002 13918.02325285  1161.59827573
0.42800002 13876.38176947  982.23973010
0.42900002 13838.73684026  892.59856849
0.43000002 13803.20746500  1070.85288588
0.43100002 13769.31519498  981.47683361
0.43200002 13739.07275074  981.58809919
0.43300002 13711.10160906  1071.11130846
0.43400002 13685.44326236  1160.86777974
0.43500002 13661.94970876  1072.18986395
0.43600002 13641.07651221  983.58986852
0.43700002 13621.79362298  1073.94226013
0.43800002 13604.66906350  1075.04100034
0.43900002 13590.18381350  986.64739162
0.44000002 13577.18646967  1077.75711304
0.44100002 13566.45794613  989.40182490
0.44200002 13557.36693053  990.97578275
0.44300002 13550.18059112  1082.93048416
0.44400002 13545.08598875  1084.96143912
0.44500002 13540.36530859  1268.19067490
0.44600002 13537.73664920  998.47581388
0.44700002 13537.70754057  1182.65418679
0.44800002 13537.52812727  1185.27833136
0.44900002 13540.45648507  1462.36936969
0.45000002 13544.15192168  1466.01907348
0.45100002 13548.86224391  1377.91935551
0.45200002 13555.08789353  1013.17509262
0.45300002 13562.25684723  1015.94870857
0.45400002 13570.93666305  1018.83811826
0.45500002 13580.75151117  1114.70813687
0.45600002 13591.46642433  1211.20358781
0.45700002 13603.30854503  1401.82101200
0.45800002 13615.68473133  1406.15990727
0.45900002 13629.26519726  940.41934318
0.46000002 13644.36835025  1132.20973936
0.46100002 13659.19370203  1135.89860210
0.46200002 13675.73523116  1234.71381386
0.46300002 13692.97834606  1238.94073947
0.46400002 13710.18656828  1051.91411431
0.46500002 13728.67966245  1631.37908161
0.46600002 13747.60571260  1251.92577355
0.46700002 13766.85970082  1449.65039520
0.46800002 13787.60073062  969.95775737
0.46900002 13807.79334197  1265.48431977
0.47000002 13828.86866343  1172.41154085
0.47100002 13850.50102317  1176.73862270
0.47200002 13872.66455060  1082.69215617
0.47300002 13895.29051121  1185.54624261
0.47400002 13917.53146713  1388.27382965
0.47500002 13940.57504989  995.35710574
0.47600002 13964.44366904  1598.64958700
0.47700002 13987.57526805  1103.20011368
0.47800002 14011.23633208  1107.37811599
0.47900002 14035.62943056  1212.67844028
0.48000002 14059.60237180  1115.84039513
0.48100002 14084.84584902  1527.50160473
0.48200002 14108.24263566  1533.21334110
0.48300002 14132.33779522  1846.81399062
0.48400002 14156.83070795  1235.89137938
0.48500002 14181.76988158  1033.85107337
0.48600002 14206.48661544  1349.11906538
0.48700002 14231.25293615  1562.59164646
0.48800002 14255.15290200  1150.17706642
0.48900002 14279.79369888  1259.47786394
0.49000002 14303.88089564  1158.82896569
0.49100002 14328.81032970  1480.45275344
0.49200002 14352.73344966  1061.38468891
0.49300002 14376.56709212  1704.48587524
0.49400002 14400.51766228  1176.16233582
0.49500002 14423.85944822  1824.32982949
0.49600002 14447.82081372  1077.08509272
0.49700002 14470.87942675  1513.36464219
0.49800002 14493.91932179  1193.35690393
0.49900002 14516.44262269  1415.35322280
0.50000002 14539.05897056  1311.13240012
