# SAXS profile: number of points = 501, q_min = 0, q_max = 0.5, delta_q = 0.001
#    q    intensity    error
0.00000000 1700912.83420644 255.13692513
0.00100000 1700824.83242865 816.39593895
0.00200000 1700560.79232766 765.25238078
0.00300000 1700120.93595018 1122.07985770
0.00400000 1699505.15692385 1911.94337419
0.00500000 1698714.07006382 1681.72699593
0.00600000 1697747.57966053 1960.89853434
0.00700000 1696606.39096152 3257.48440603
0.00800000 1695290.27587610 2975.23455978
0.00900000 1693800.75389878 3811.05185919
0.01000000 1692137.09766658 3071.22896488
0.01100000 1690301.02329458 3651.05036928
0.01200000 1688292.32288365 3292.17017396
0.01300000 1686112.39947782 4957.17067310
0.01400000 1683761.42185225 4925.00237725
0.01500000 1681241.06261688 4438.47660295
0.01600000 1678550.86365736 4708.33538304
0.01700000 1675693.06369410 7691.43150738
0.01800000 1672668.25755616 5243.81522340
0.01900000 1669477.32726762 5509.27542858
0.02000000 1666121.21949317 5248.28207881
0.02100000 1662602.51516311 6583.90625855
0.02200000 1658919.98806235 6295.60164072
0.02300000 1655076.75043505 8937.41485917
0.02400000 1651073.33694612 9287.28794380
0.02500000 1646912.35635190 6422.95848311
0.02600000 1642594.01403930 7317.75666725
0.02700000 1638120.33796655 6880.10573458
0.02800000 1633491.87273293 7816.25896948
0.02900000 1628712.03661304 8795.04540153
0.03000000 1623781.29668355 10570.81672730
0.03100000 1618701.49222204 13208.60478430
0.03200000 1613473.76450758 10382.70415281
0.03300000 1608102.53845244 9841.58798903
0.03400000 1602586.09780580 11779.00836236
0.03500000 1596928.45400567 12072.77966978
0.03600000 1591130.37852601 10596.92881071
0.03700000 1585195.11131625 9939.17380762
0.03800000 1579124.04687050 11085.45132206
0.03900000 1572919.78594174 9437.51915270
0.04000000 1566582.48563203 9634.48273309
0.04100000 1560116.22282719 11794.47919144
0.04200000 1553522.63875061 10020.22148481
0.04300000 1546803.47478307 11229.79374819
0.04400000 1539961.57519836 11434.21522688
0.04500000 1532999.50501080 16924.31532171
0.04600000 1525917.72185092 16136.58065871
0.04700000 1518720.53704830 17495.66140048
0.04800000 1511409.43180051 16663.28976091
0.04900000 1503987.00848719 14663.87401532
0.05000000 1496455.19406141 13737.45932118
0.05100000 1488818.14812157 15096.61672521
0.05200000 1481074.68200980 15306.90755189
0.05300000 1473230.70127764 11933.16923665
0.05400000 1465287.07954228 19341.79035194
0.05500000 1457247.34072779 18361.31734971
0.05600000 1449112.60835616 12389.91337961
0.05700000 1440887.60324016 13789.29500667
0.05800000 1432571.87350517 17749.56634150
0.05900000 1424169.58994369 17944.53767140
0.06000000 1415684.19662827 14248.86210475
0.06100000 1407117.16495458 13086.19024561
0.06200000 1398471.55124355 18501.77948779
0.06300000 1389750.79101607 13341.60821755
0.06400000 1380953.82986373 14810.73051794
0.06500000 1372087.31386966 13583.66504272
0.06600000 1363152.74920568 13699.68577051
0.06700000 1354151.36385643 17956.04792506
0.06800000 1345087.36329122 16705.98583407
0.06900000 1335964.39906497 18235.91490102
0.07000000 1326781.65684687 18369.29289925
0.07100000 1317544.08941082 15652.42451533
0.07200000 1308253.75616748 21488.06895170
0.07300000 1298914.01212239 18743.33007316
0.07400000 1289527.64383690 15957.90534034
0.07500000 1280095.25026352 16052.39519072
0.07600000 1270620.37674708 20545.93245521
0.07700000 1261106.85530781 19181.43616862
0.07800000 1251555.70063075 16314.02932279
0.07900000 1241969.25651337 14903.63177720
0.08000000 1232352.46944545 17967.69984740
0.08100000 1222706.28930663 18047.14567691
0.08200000 1213032.25451046 16612.47750506
0.08300000 1203333.46574719 18194.40285600
0.08400000 1193613.33892294 15218.57078561
0.08500000 1183873.83096516 18326.36776367
0.08600000 1174117.44072747 21451.12664925
0.08700000 1164346.19265103 21517.11865059
0.08800000 1154562.08775521 20037.42597402
0.08900000 1144768.68123247 15454.37792253
0.09000000 1134967.78947869 21689.23547580
0.09100000 1125161.79217648 15527.23346152
0.09200000 1115352.08841989 21782.82731034
0.09300000 1105543.29038625 18705.79335236
0.09400000 1095733.97884540 20298.47291209
0.09500000 1085928.86352738 18764.85164375
0.09600000 1076129.30366461 17223.45031479
0.09700000 1066340.00667612 20377.75848560
0.09800000 1056560.17678117 15689.91936290
0.09900000 1046793.59914310 15701.90472549
0.10000000 1037039.53913763 20424.49468382
0.10100000 1027302.37744147 18861.27253690
0.10200000 1017583.96845715 25154.67688344
0.10300000 1007885.25546577 18867.61286987
0.10400000 998209.81426938 20438.34690869
0.10500000 988559.77945825 18861.72147950
0.10600001 978932.42246308 17283.05273181
0.10700001 969335.78103205 18843.88847001
0.10800001 959766.87331037 23538.28367569
0.10900001 950230.45861900 28221.84594926
0.11000001 940727.27191970 17229.42079619
0.11100001 931257.91369626 17209.64705522
0.11200001 921825.70042233 18749.93562928
0.11300001 912430.63635384 21843.59046272
0.11400001 903075.52144325 18693.66417406
0.11500001 893762.10452790 24882.33816172
0.11600001 884490.71687834 17075.09409343
0.11700001 875263.71959547 17041.38542309
0.11800001 866080.88744753 23189.31685359
0.11900001 856944.59027638 26222.50569758
0.12000001 847856.09074409 15388.58877188
0.12100001 838818.24915839 18420.44961927
0.12200001 829830.02534079 18372.43762659
0.12300001 820894.19053986 18322.35919610
0.12400001 812010.36294665 19792.75352941
0.12500001 803179.81229982 15180.09916776
0.12600001 794405.72055630 25726.83047255
0.12700001 785687.36052370 16593.71783626
0.12800001 777025.40046506 16538.98642837
0.12900001 768421.85312696 16482.64952644
0.13000001 759877.27589824 20904.22484528
0.13100001 751391.50793714 20828.57358183
0.13200001 742966.44704372 22233.27197587
0.13300001 734603.85595386 22148.30730115
0.13400001 726302.15016171 23532.19077468
0.13500001 718064.36631659 16113.36513986
0.13600001 709888.97004815 17505.86282680
0.13700001 701778.60457896 14526.81779977
0.13800001 693731.61303207 18803.59625793
0.13900001 685751.31650529 20161.08965602
0.14000001 677836.54915754 22937.98990526
0.14100001 669987.85441019 14270.74197199
0.14200001 662205.53164921 17045.17118859
0.14300001 654491.59482489 18378.12484953
0.14400001 646843.08107368 22510.14028316
0.14500001 639264.01987011 15399.87096512
0.14600001 631752.63644840 20895.21943625
0.14700001 624311.44054241 15245.68609728
0.14800001 616936.23426904 19303.93568101
0.14900001 609631.26586193 19203.38578068
0.15000001 602394.86224679 21830.79083786
0.15100001 595228.22973562 16285.44513399
0.15200001 588131.11810960 14847.37077728
0.15300001 581104.65698915 13423.51820989
0.15400001 574144.98143873 13348.87144840
0.15500001 567256.77341571 15928.57094923
0.15600001 560435.79684001 14518.09000232
0.15700001 553687.75792191 18371.36067492
0.15800001 547005.34986605 15655.29385208
0.15900001 540394.76058332 19454.21229925
0.16000001 533851.12753888 16760.25694021
0.16100001 527379.58413632 12815.32449945
0.16200001 520975.71218694 20380.57082284
0.16300001 514640.20775365 12660.14970840
0.16400001 508373.61654998 18873.37140542
0.16500001 502174.71397823 15004.98116207
0.16600001 496044.93571821 12425.92622641
0.16700001 489981.41082835 13582.28534945
0.16800001 483984.97722915 13495.92172726
0.16900001 478057.75896733 15847.61545806
0.17000001 472195.65614091 14534.18298232
0.17100001 466399.94758065 18049.67882370
0.17200001 460670.82069227 15540.73086993
0.17300001 455007.36461200 13063.26205492
0.17400001 449409.30873896 16515.79287613
0.17500001 443875.69906427 12890.15090960
0.17600001 438405.04554607 16295.51631257
0.17700001 433000.33946177 12717.22057063
0.17800001 427657.06058307 12630.85188090
0.17900001 422377.88336456 14825.46440636
0.18000001 417160.63624327 12458.50298988
0.18100001 412007.20703172 15746.91619658
0.18200001 406912.17933348 11169.73985034
0.18300001 401879.44240516 14419.43507466
0.18400001 396906.24134229 12115.56358932
0.18500001 391994.53090886 15311.30710064
0.18600001 387140.05102493 13031.13473313
0.18700001 382344.26306019 12938.53047324
0.18800001 377606.16774191 13916.67596964
0.18900001 372927.57570686 14879.81097374
0.19000001 368301.38346843 11607.01864842
0.19100001 363736.36962297 16760.97270418
0.19200001 359223.44118067 11439.47102493
0.19300001 354767.84951781 16517.99185407
0.19400001 350364.66539636 12297.80033653
0.19500001 346016.15237294 14242.02550468
0.19600001 341720.31323438 11107.61930659
0.19700001 337476.78601356 13029.97932375
0.19800001 333285.46003959 12933.14288804
0.19900001 329145.55911012 13824.11413595
0.20000001 325055.03520526 10780.45075208
0.20100001 321015.74348814 12644.81073362
0.20200001 317024.33278899 14480.08708452
0.20300001 313082.96139362 11496.40688575
0.20400001 309189.05879305 13310.58961018
0.20500001 305342.28282400 11322.09238227
0.20600001 301542.32639865 12171.75658042
0.20700001 297788.89538086 13936.52096259
0.20800001 294079.52906365 10141.33303914
0.20900001 290417.90566541 10977.79735309
0.21000001 286798.07832191 9077.15960799
0.21100001 283222.63197092 12609.07217142
0.21200001 279690.00226191 10723.31519366
0.21300001 276198.74537082 13298.97021832
0.21400001 272750.45789666 10555.44321963
0.21500001 269344.35665280 11344.78483857
0.21600001 265977.53299745 12986.35366258
0.21700001 262651.09877061 10306.42960304
0.21800001 259364.10343764 8520.11120076
0.21900001 256115.21448786 10987.34322103
0.22000001 252904.30655501 9222.15597458
0.22100001 249732.69041377 9147.70888239
0.22200001 246598.26536092 14022.81102281
0.22300001 243499.09382547 8999.72693335
0.22400001 240435.48495474 8114.69800094
0.22500001 237409.79267297 9657.83082263
0.22600001 234416.87552829 11174.65298486
0.22700001 231460.79034549 9499.15128499
0.22800001 228536.93186852 10205.31717520
0.22900001 225646.08046439 8563.26915859
0.23000001 222789.42960838 10035.55033131
0.23100001 219965.68765862 9185.76755104
0.23200001 217172.20487790 12144.27027112
0.23300001 214411.04281730 10536.15914234
0.23400001 211681.60884461 8207.95477115
0.23500001 208980.72071082 8877.50143567
0.23600001 206312.09995448 8067.83505030
0.23700001 203672.15732262 9452.42526842
0.23800001 201061.68334569 7928.86785776
0.23900001 198479.80273983 11432.43717856
0.24000001 195926.21208872 7791.00619223
0.24100001 193401.79135140 7722.53389395
0.24200001 190904.29021153 7654.30787810
0.24300001 188434.21124259 8276.03094925
0.24400001 185990.60462166 7518.67054749
0.24500001 183573.70930440 8128.64423252
0.24600001 181183.04266260 10069.24807230
0.24700001 178818.24553740 7982.44685841
0.24800001 176479.03330148 7250.64142620
0.24900001 174163.98718951 7184.26481144
0.25000001 171874.67160708 9706.62253821
0.25100001 169608.42878376 8975.67847587
0.25200001 167368.39179452 6986.79384601
0.25300001 165151.66821291 6292.27885660
0.25400001 162957.99811892 8103.08683983
0.25500001 160787.30812410 8026.50280130
0.25600001 158640.14097204 7338.69326858
0.25700001 156515.19460157 8479.99364473
0.25800001 154413.19322807 7798.63869297
0.25900001 152333.36468457 5941.00150380
0.26000001 150275.38686038 7648.26617614
0.26100001 148238.45250701 6408.34860510
0.26200001 146223.92065551 7499.09412565
0.26300001 144229.60682222 7996.08978058
0.26400001 142256.95144652 5654.71408757
0.26500001 140305.32806020 7277.63771085
0.26600001 138373.28590371 6650.22043522
0.26700001 136462.62563047 6034.37759093
0.26800001 134572.42661250 5972.99743784
0.26900001 132700.89410876 5911.82511230
0.27000001 130850.21373260 7978.59215991
0.27100001 129018.69691753 6843.15200834
0.27200001 127207.99967581 6251.00139989
0.27300001 125415.47127236 6700.94894720
0.27400001 123640.35381657 6120.19780356
0.27500001 121886.96902214 6559.95698322
0.27600001 120149.92847948 5491.45274104
0.27700001 118433.60279457 5432.54961729
0.27800001 116734.59539817 6350.94596321
0.27900001 115054.87990359 6281.99674005
0.28000001 113392.06094474 4779.47559503
0.28100001 111748.17918004 6145.03266395
0.28200001 110122.74828560 5142.18197457
0.28300001 108514.64738929 5084.99661734
0.28400001 106924.20327621 5028.11089705
0.28500001 105351.63239865 5423.50229258
0.28600001 103796.46905032 5362.12584494
0.28700001 102258.56158620 6184.59809747
0.28800001 100737.22203692 6113.74229480
0.28900001 99235.00919779  4748.39541487
0.29000001 97748.11547706  4266.70544253
0.29100001 96279.31585159  5903.84792748
0.29200001 94826.87656681  5417.93384910
0.29300001 93391.61268532  4530.42734582
0.29400001 91972.21897275  4476.74797041
0.29500001 90570.58102260  5227.73418409
0.29600001 89184.60929994  4767.80943887
0.29700001 87815.19590649  5495.47521997
0.29800001 86461.87548587  4265.59682902
0.29900001 85125.75997467  6129.05500832
0.30000001 83804.68699562  3783.78179698
0.30100001 82500.89578556  4111.01983161
0.30200001 81211.60237398  3691.06750263
0.30300001 79939.48183549  4374.28865312
0.30400001 78682.88934034  4319.69082929
0.30500001 77442.01668294  3910.04760743
0.30600001 76215.91127843  3509.74288053
0.30700001 75006.59349160  3811.83526171
0.30800001 73812.47731178  4105.45018245
0.30900001 72633.54642648  4390.69808935
0.31000001 71470.55729691  3667.51182133
0.31100001 70321.74494848  4278.37516523
0.31200001 69188.89141783  3898.10232704
0.31300001 68070.79158172  3206.13443530
0.31400001 66968.85463976  3164.27853155
0.31500001 65880.48628429  3122.73519773
0.31600002 64807.63085148  4006.08389076
0.31700002 63749.43449731  3344.93298645
0.31800002 62706.15296102  3900.63642963
0.31900002 61677.67936226  3552.63449948
0.32000002 60663.90370403  3505.16052199
0.32100002 59663.76441423  4322.63993649
0.32200002 58679.56368469  3980.23499320
0.32300002 57707.47625105  3645.95852218
0.32400002 56750.81156591  3043.26241432
0.32500002 55808.18207686  3274.82427934
0.32600002 54879.91365231  3230.23187053
0.32700002 53964.97058464  3186.09201419
0.32800002 53064.68425988  3142.49075068
0.32900002 52177.52700557  3099.34525090
0.33000002 51305.11652592  3056.75898736
0.33100002 50443.94970377  3265.74145847
0.33200002 49598.99696491  2972.96401886
0.33300002 48766.32053227  2931.83132924
0.33400002 47947.40999997  2409.35746660
0.33500002 47140.59403387  2375.88605182
0.33600002 46348.21464635  2811.48283359
0.33700002 45567.70336810  2772.33920420
0.33800002 44801.41920989  4100.67409448
0.33900002 44046.65630377  2695.65549345
0.34000002 43305.41774142  2436.57944461
0.34100002 42576.49397457  2839.42651764
0.34200002 41860.90491939  3445.98985616
0.34300002 41156.32225889  2548.39959496
0.34400002 40465.82781839  2303.51735766
0.34500002 39786.18081646  3510.33489969
0.34600002 39119.85234535  2443.42609321
0.34700002 38463.96903115  2007.81927852
0.34800002 37821.54487473  3167.93274874
0.34900002 37189.95111805  2147.71977879
0.35000002 36570.55428649  2117.98375181
0.35100002 35963.02118703  2088.73236947
0.35200002 35365.84082641  1872.62136045
0.35300002 34780.44316480  1846.84161952
0.35400002 34206.50094068  2367.94513977
0.35500002 33644.01865339  1976.24974930
0.35600002 33091.46331323  2126.45753323
0.35700002 32550.15840596  2447.12102487
0.35800002 32020.26019652  2241.57842123
0.35900002 31500.76979055  1871.14581419
0.36000002 30992.26701872  2181.70074012
0.36100002 30493.09579615  1821.35269817
0.36200002 30005.63060884  1633.80666404
0.36300002 29527.19738766  2095.84056985
0.36400002 29058.91447089  2386.46346396
0.36500002 28600.43006694  1727.18005356
0.36600002 28152.27082903  1859.73909906
0.36700002 27713.20326648  1988.69956060
0.36800002 27285.10883902  1963.30009951
0.36900002 26865.55247602  1789.24587966
0.37000002 26454.86370369  2355.54117576
0.37100002 26053.52348843  1744.54401542
0.37200002 25662.00884084  1722.94735519
0.37300002 25278.78941612  1985.39621479
0.37400002 24904.60821049  1400.88427820
0.37500002 24539.50066335  1660.83348357
0.37600002 24183.02745219  2051.32540081
0.37700002 23834.62830333  2027.13523323
0.37800002 23494.65646634  1602.80554006
0.37900002 23163.50852829  1320.32004866
0.38000002 22840.24000824  1827.44768963
0.38100002 22524.05608036  1677.81701691
0.38200002 22216.76095535  1786.89416829
0.38300002 21916.66373133  1514.87986887
0.38400002 21625.06784684  1873.27159098
0.38500002 21339.71543732  1853.35437353
0.38600002 21063.25149220  1834.08271057
0.38700002 20792.83616903  1573.18605908
0.38800002 20530.13779266  1677.10703574
0.38900002 20273.82400054  1186.01876022
0.39000002 20025.69907627  1526.85949841
0.39100002 19783.21919882  1744.88001600
0.39200002 19548.07980386  1267.59529494
0.39300002 19319.00066496  1255.92829273
0.39400002 19097.89954501  1244.70566182
0.39500002 18881.97662138  1458.06630378
0.39600002 18672.32333217  1667.90536067
0.39700002 18468.84989041  1433.36750790
0.39800002 18271.50191308  1312.25932957
0.39900002 18079.79188363  1193.26632086
0.40000002 17893.97434273  1506.85165079
0.40100002 17714.09181544  1068.15978708
0.40200002 17539.98848981  1378.38006078
0.40300002 17370.65101068  1263.19380135
0.40400002 17207.22754787  1149.87303537
0.40500002 17049.07853998  1453.60450519
0.40600002 16896.01364441  1547.25252280
0.40700002 16748.05373994  1127.47903119
0.40800002 16605.06777088  1018.72095601
0.40900002 16466.78107077  1721.60204252
0.41000002 16333.76484901  1309.06964585
0.41100002 16204.89696961  1402.04775224
0.41200002 16080.42263852  1095.80045262
0.41300002 15961.27543691  1189.43430192
0.41400002 15845.85239926  1578.24697375
0.41500002 15734.95422593  1178.23342827
0.41600002 15627.61504711  1466.26105127
0.41700002 15524.89144130  973.41073949
0.41800002 15426.87633614  1454.36883550
0.41900002 15330.95867286  1352.19061902
0.42000002 15240.27112694  1443.63475091
0.42100002 15153.21012017  1055.11807066
0.42200002 15069.95030751  1338.66374925
0.42300002 14989.59040482  953.33799492
0.42400002 14912.80381019  1521.10606072
0.42500002 14839.69818420  1327.55946247
0.42600002 14769.10071724  1797.32579695
0.42700002 14702.86264160  1321.49335685
0.42800002 14639.07348721  1130.42930825
0.42900002 14579.24670778  1504.57833154
0.43000002 14521.87722679  1032.72334792
0.43100002 14466.59817088  937.43560590
0.43200002 14415.14509002  1029.89008976
0.43300002 14366.22957182  1028.76574839
0.43400002 14320.11996810  1495.02059552
0.43500002 14276.24862269  933.66670417
0.43600002 14235.49786760  1026.45062239
0.43700002 14196.50717073  1212.52373491
0.43800002 14159.87471816  932.42779438
0.43900002 14126.36535107  1025.57417309
0.44000002 14094.53474947  1118.82422143
0.44100002 14065.32663573  1025.78432016
0.44200002 14037.96686896  1305.95211971
0.44300002 14012.79288217  1306.55287025
0.44400002 13990.06210214  1213.98769644
0.44500002 13967.89989846  1214.78831174
0.44600002 13948.11776003  1309.30987618
0.44700002 13931.30584613  1778.74921473
0.44800002 13914.62679965  1593.15527093
0.44900002 13901.22977352  938.33305418
0.45000002 13888.97928433  1221.46634105
0.45100002 13877.98159440  1223.20535570
0.45200002 13868.82997744  1319.34185828
0.45300002 13860.72400471  1132.69841935
0.45400002 13854.45780518  1323.79350602
0.45500002 13849.65810592  1042.04832528
0.45600002 13846.04213636  1044.06085677
0.45700002 13843.78454688  1521.70886951
0.45800002 13842.27281527  1048.34458135
0.45900002 13842.14664328  955.10816365
0.46000002 13843.88924799  1148.76598424
0.46100002 13845.54139227  1247.34488315
0.46200002 13849.28738764  1058.01636012
0.46300002 13853.88270002  1060.65330978
0.46400002 13858.78177186  1739.97013392
0.46500002 13865.18077366  969.17618201
0.46600002 13872.15071815  1457.61630579
0.46700002 13879.63169681  1461.52528694
0.46800002 13888.99094777  1465.63583923
0.46900002 13898.01108970  1175.77179392
0.47000002 13908.20472956  982.61471072
0.47100002 13918.92650809  1084.00604783
0.47200002 13930.72891708  2075.60905338
0.47300002 13943.13685629  1090.49278522
0.47400002 13955.29821203  1690.33557605
0.47500002 13968.48781693  1097.08508514
0.47600002 13982.79630237  1100.51603514
0.47700002 13996.54023548  2308.16955964
0.47800002 14011.00459039  1208.02887304
0.47900002 14026.32899353  1110.88530894
0.48000002 14041.47668821  1317.02036840
0.48100002 14058.29523382  1118.05627294
0.48200002 14073.30506162  1223.53320005
0.48300002 14089.15051623  1125.15961356
0.48400002 14105.67998627  1334.04474793
0.48500002 14122.91944812  1132.51696423
0.48600002 14140.01652531  1446.09955859
0.48700002 14157.23050101  1139.94025397
0.48800002 14174.07155571  1351.56865726
0.48900002 14191.66470601  1251.70488640
0.49000002 14208.85922130  1151.13078438
0.49100002 14227.07491614  1574.93726787
0.49200002 14244.53024524  1264.05967388
0.49300002 14262.03884968  1373.86226751
0.49400002 14279.84625358  1272.33436150
0.49500002 14297.21419226  1276.45534359
0.49600002 14315.28263102  1280.64524488
0.49700002 14332.71784089  1177.71948081
0.49800002 14350.34198969  1181.53546373
0.49900002 14367.46369065  1293.07179345
0.50000002 14384.94803549  1513.44045455
