# SAXS profile: number of points = 501, q_min = 0, q_max = 0.5, delta_q = 0.001
#    q    intensity    error
0.00000000 1664650.74656090 249.69761198
0.00100000 1664564.09452923 649.18001228
0.00200000 1664304.09277742 823.83055201
0.00300000 1663870.98198623 998.32262476
0.00400000 1663264.59829912 1746.42789457
0.00500000 1662485.64282768 1645.86085154
0.00600000 1661533.90915567 2093.53281077
0.00700000 1660410.19262833 2988.73847094
0.00800000 1659114.25848235 2463.78477787
0.00900000 1657647.47667725 3232.41271770
0.01000000 1656009.33026709 3005.65706422
0.01100000 1654201.41539905 4168.58774830
0.01200000 1652223.41934832 3544.01938989
0.01300000 1650076.92350917 3811.67786142
0.01400000 1647762.01289069 4448.95763203
0.01500000 1645280.22218496 4343.53997998
0.01600000 1642631.25136595 7120.80679300
0.01700000 1639817.32504460 5313.00837148
0.01800000 1636838.94995777 5131.49033902
0.01900000 1633696.99080189 5391.20031291
0.02000000 1630392.36193474 7703.60425862
0.02100000 1626927.71011769 7516.40636153
0.02200000 1623301.70910253 10080.70407152
0.02300000 1619517.56301361 6996.31619068
0.02400000 1615575.82251451 7875.93249388
0.02500000 1611478.64974383 8170.19712734
0.02600000 1607226.94073470 7160.19634847
0.02700000 1602822.01899793 8078.22334574
0.02800000 1598264.94567942 6952.45283254
0.02900000 1593558.72353286 11473.62333624
0.03000000 1588704.00986489 8126.22138398
0.03100000 1583702.60635152 9122.12743232
0.03200000 1578555.60314628 10939.39083365
0.03300000 1573267.14375351 12035.49420456
0.03400000 1567835.86847069 9054.25255818
0.03500000 1562265.80556016 10123.48288751
0.03600000 1556557.45345993 12094.45197231
0.03700000 1550714.02212977 10606.88440191
0.03800000 1544737.03136503 9940.38325687
0.03900000 1538628.91657993 11078.12871240
0.04000000 1532389.89869514 10366.61814505
0.04100000 1526024.00662963 12498.13719379
0.04200000 1519532.84708663 12741.28351393
0.04300000 1512918.18479843 14977.89072475
0.04400000 1506182.50692502 15250.09859086
0.04500000 1499328.87477450 13448.98063163
0.04600000 1492357.50450394 16833.79343335
0.04700000 1485272.60881759 10693.96328084
0.04800000 1478075.31220974 11950.23945524
0.04900000 1470768.92926264 14339.99772780
0.05000000 1463354.84425172 14553.06460376
0.05100000 1455837.31940938 14762.19110649
0.05200000 1448215.11491355 14967.30391013
0.05300000 1440494.10021807 12834.80303127
0.05400000 1432674.79148061 14183.48109709
0.05500000 1424761.42213468 11967.99650423
0.05600000 1416754.15949558 14535.89835473
0.05700000 1408658.68464235 13480.86424129
0.05800000 1400473.83933229 19830.71049089
0.05900000 1392203.82726436 13782.81853366
0.06000000 1383852.30201610 15194.69898601
0.06100000 1375420.50437003 15349.69354608
0.06200000 1366911.43598208 15500.77640860
0.06300000 1358328.40783863 14343.94865743
0.06400000 1349670.59365609 22370.79113606
0.06500000 1340944.97057893 18585.49816161
0.06600000 1332152.03835103 21421.00577894
0.06700000 1323293.67061651 14847.35567916
0.06800000 1314373.50073561 20405.64955409
0.06900000 1305395.78459338 17818.65329395
0.07000000 1296359.49375548 15186.85218052
0.07100000 1287269.55127332 18073.26534639
0.07200000 1278127.37196665 20993.24306802
0.07300000 1268936.70198935 21127.79707808
0.07400000 1259700.53783425 19840.28440069
0.07500000 1250419.19821416 15680.25748058
0.07600000 1241096.28186892 18635.06154588
0.07700000 1231735.45454852 23058.08879031
0.07800000 1222338.09309733 15933.17779073
0.07900000 1212905.65009659 16010.35533222
0.08000000 1203443.86526845 20470.58110851
0.08100000 1193953.19612116 16154.18750144
0.08200000 1184435.51346229 14746.22283457
0.08300000 1174893.40150084 17764.38906441
0.08400000 1165330.85143301 19315.35976914
0.08500000 1155749.32274848 31309.25062307
0.08600000 1146151.00405896 16452.99843576
0.08700000 1136538.65623346 21003.23535346
0.08800000 1126913.55502762 19557.58566600
0.08900000 1117279.67226895 18099.93154091
0.09000000 1107638.84278380 18143.12509708
0.09100000 1097992.62073921 19697.98854150
0.09200000 1088343.42518448 15182.39149469
0.09300000 1078695.16096078 15209.60248428
0.09400000 1069046.63551815 16757.30679930
0.09500000 1059402.41794921 19832.01419617
0.09600000 1049764.06856093 16801.47470712
0.09700000 1040135.78931214 16818.99650389
0.09800000 1030516.97320775 16833.49554882
0.09900000 1020911.39351514 18376.40594738
0.10000000 1011318.80336573 18385.77670982
0.10100000 1001742.36939495 18391.99076710
0.10200000 992184.75309395 19928.03170323
0.10300000 982647.19926469 16862.22673259
0.10400000 973131.96450268 21457.56082676
0.10500000 963642.63303572 15321.91858615
0.10600001 954175.62130700 15314.51944258
0.10700001 944738.98631799 19896.20398813
0.10800001 935329.53903100 18351.16641943
0.10900001 925952.54871624 18333.86132748
0.11000001 916608.22720620 18313.83324160
0.11100001 907297.36568244 21339.63504538
0.11200001 898023.70643326 21310.10355688
0.11300001 888786.36363073 25837.02080717
0.11400001 879588.72045888 18207.48737079
0.11500001 870431.64715983 16660.06251113
0.11600001 861316.99002660 19650.94805285
0.11700001 852245.77757030 18101.70116809
0.11800001 843218.37170993 19566.88323710
0.11900001 834236.70184174 16517.88747449
0.12000001 825301.96540755 22468.84706661
0.12100001 816417.33367919 17928.52549217
0.12200001 807582.01182461 17879.86658414
0.12300001 798798.06807692 19314.93819611
0.12400001 790065.50831708 22220.59346840
0.12500001 781385.75639284 22152.28723756
0.12600001 772761.76345679 20609.55720259
0.12700001 764192.12771094 19074.23640656
0.12800001 755678.67630307 14622.38307561
0.12900001 747222.61939998 16027.92594156
0.13000001 738824.59032504 18873.27504944
0.13100001 730484.73632358 18802.67799928
0.13200001 722204.61928604 18730.37768414
0.13300001 713986.02060792 14351.11969077
0.13400001 705827.39853782 17151.60659309
0.13500001 697731.88340824 21350.59663893
0.13600001 689697.85551642 18425.27907889
0.13700001 681728.01426036 15522.94761667
0.13800001 673820.45690714 19668.82006462
0.13900001 665978.63158408 18181.21749964
0.14000001 658200.97440820 16705.14151830
0.14100001 650488.89550266 19397.57977874
0.14200001 642841.84055341 15167.85394325
0.14300001 635262.74285874 19210.34625015
0.14400001 627746.97198486 13653.49728470
0.14500001 620300.61200150 16301.50085238
0.14600001 612920.68456137 25678.31329106
0.14700001 605610.00161544 17477.90547117
0.14800001 598363.69344979 13373.42917954
0.14900001 591186.90253354 18622.38830843
0.15000001 584077.73948655 18521.10599300
0.15100001 577036.94693744 22365.95311863
0.15200001 570064.95718120 26165.98276931
0.15300001 563162.21096849 22115.38106834
0.15400001 556325.47236955 14228.02462729
0.15500001 549558.82848433 12859.67719342
0.15600001 542858.26231632 15341.17521708
0.15700001 536229.73389286 16521.23888099
0.15800001 529665.71498246 17685.53905800
0.15900001 523172.33699429 15067.36401662
0.16000001 516744.83391347 13727.32716087
0.16100001 510388.48111716 17363.41694723
0.16200001 504098.27800547 13557.72382696
0.16300001 497875.55990728 14697.28722229
0.16400001 491720.58867963 12170.08514437
0.16500001 485632.55697530 14510.70148749
0.16600001 479612.28084724 14417.14584295
0.16700001 473656.91921592 15517.00140614
0.16800001 467767.71916155 13043.70346470
0.16900001 461946.68189018 17669.46141662
0.17000001 456189.67810119 12871.39237541
0.17100001 450498.12939159 12785.13751586
0.17200001 444872.06188929 12698.87360631
0.17300001 439310.63909494 12612.60904404
0.17400001 433813.13916856 12526.35498506
0.17500001 428379.45225114 12440.13988089
0.17600001 423007.65580425 15723.19530884
0.17700001 417700.66104462 16728.91226495
0.17800001 412454.10529974 13289.27190044
0.17900001 407270.49882996 12095.93438658
0.18000001 402148.23258229 14193.82253944
0.18100001 397088.37116069 11924.56434923
0.18200001 392086.00989676 11839.03762808
0.18300001 387144.86828219 10685.19886935
0.18400001 382262.41666216 15911.67384524
0.18500001 377440.28172674 12636.70122920
0.18600001 372674.60604405 12544.22783208
0.18700001 367966.65115518 11414.32605810
0.18800001 363315.79066780 18540.00567372
0.18900001 358722.81989400 12268.32102002
0.19000001 354182.13216171 11162.05042247
0.19100001 349701.22091802 12085.67476598
0.19200001 345271.44059465 10995.16954527
0.19300001 340898.72812210 12896.19949424
0.19400001 336576.79315794 10829.35883159
0.19500001 332309.20102669 15631.82555498
0.19600001 328093.32340729 10664.67398133
0.19700001 323929.02841002 12506.90037796
0.19800001 319816.06670551 15274.41606771
0.19900001 315753.75256704 13261.65823456
0.20000001 311739.85577420 11278.74851496
0.20100001 307776.73010950 10258.19889938
0.20200001 303860.59561948 9252.55557392
0.20300001 299993.94488287 14687.70423567
0.20400001 296173.69244675 10928.80976784
0.20500001 292400.11324267 10842.19671151
0.20600001 288672.78113233 9859.61930562
0.20700001 284991.16626968 11559.24225029
0.20800001 281353.30432138 11466.55445964
0.20900001 277761.57550721 9624.43904628
0.21000001 274211.98555650 13886.09560501
0.21100001 270706.05436939 8608.45293590
0.21200001 267242.01054060 10246.05916850
0.21300001 263819.00820779 8468.59056383
0.21400001 260438.57158164 10078.97319671
0.21500001 257099.36606562 9163.02183978
0.21600001 253799.28013583 11565.63374260
0.21700001 250538.89780689 9831.14681475
0.21800001 247317.64780057 8124.38511437
0.21900001 244133.65151427 9667.69305707
0.22000001 240987.45125361 11983.10158018
0.22100001 237880.06698116 8713.54726553
0.22200001 234809.52576153 8639.81690892
0.22300001 231773.50647043 9345.10822278
0.22400001 228772.89529932 8493.19413960
0.22500001 225809.83150243 8420.44901491
0.22600001 222879.34855212 9106.85061249
0.22700001 219984.84236798 7523.48196476
0.22800001 217122.67045555 8949.79689941
0.22900001 214292.90920669 7393.10571726
0.23000001 211497.07906364 9526.88637697
0.23100001 208733.90224678 10169.51619841
0.23200001 206000.81351134 11519.56603636
0.23300001 203299.73543279 7135.82105118
0.23400001 200630.20083622 7779.43640536
0.23500001 197988.94695939 7709.68995924
0.23600001 195379.46442365 7640.31431765
0.23700001 192798.78291929 8259.50025092
0.23800001 190247.24613831 8184.43691598
0.23900001 187723.98586880 7433.87019202
0.24000001 185229.01956493 7365.63231140
0.24100001 182763.05376618 7961.15899863
0.24200001 180323.59279402 9201.91337555
0.24300001 177912.05392535 8465.05592619
0.24400001 175526.46066733 7095.65750813
0.24500001 173167.14368214 10223.78864662
0.24600001 170834.68945738 7595.31065257
0.24700001 168527.67898357 10657.69092309
0.24800001 166245.74562324 8072.06256060
0.24900001 163988.09057409 8609.37516243
0.25000001 161756.25565213 10353.20963281
0.25100001 159547.61859699 6030.90026828
0.25200001 157364.93530675 6569.19953517
0.25300001 155205.45771059 8278.65950595
0.25400001 153069.29635733 7611.37112147
0.25500001 150956.11498326 5796.71508961
0.25600001 148866.32608641 7460.43628479
0.25700001 146798.33581423 6249.20545128
0.25800001 144753.98753693 8997.90829102
0.25900001 142731.50414262 6679.83470993
0.26000001 140730.75666101 6060.57032237
0.26100001 138751.39142515 5998.22293512
0.26200001 136794.26273116 5396.53392009
0.26300001 134857.70498419 5874.40190707
0.26400001 132942.52103318 6869.80509946
0.26500001 131048.49849250 6274.60240473
0.26600001 129174.04996434 7242.78932423
0.26700001 127321.31917689 5118.31727311
0.26800001 125488.90417294 5063.47752299
0.26900001 123675.37860999 5509.73837780
0.27000001 121882.63843652 5449.98243559
0.27100001 120109.06579971 7350.67517480
0.27200001 118356.55895360 5816.04158221
0.27300001 116622.16279792 6710.43956496
0.27400001 114905.42593717 7109.77356633
0.27500001 113210.54483800 5155.60845591
0.27600001 111532.29853492 7878.08427985
0.27700001 109874.34000245 5956.28825342
0.27800001 108234.03550034 4529.59460006
0.27900001 106613.51798847 4925.54476418
0.28000001 105009.66437098 4868.77331899
0.28100001 103424.77196735 4812.35486740
0.28200001 101858.63927167 5188.67933008
0.28300001 100309.90239667 5127.84245322
0.28400001 98778.87746306  5067.35665370
0.28500001 97265.78792120  5841.78349905
0.28600001 95770.20777282  4122.90763977
0.28700001 94292.18736508  5295.44949307
0.28800001 92830.90510519  4829.06391215
0.28900001 91388.39402320  5168.01392663
0.29000001 89961.65296193  5104.87423896
0.29100001 88552.96714863  3878.62014470
0.29200001 87160.91482479  6129.15582061
0.29300001 85785.91876097  5296.42287501
0.29400001 84427.01181777  4483.07453974
0.29500001 83085.85583656  4057.91339115
0.29600001 81760.62575593  4006.67965484
0.29700001 80451.97135075  5034.68460546
0.29800001 79159.57566571  4970.42999134
0.29900001 77884.13680756  3504.78632225
0.30000001 76624.31785742  4497.46454955
0.30100001 75381.50909053  4439.21728049
0.30200001 74153.26017077  4044.31900117
0.30300001 72942.22164051  4989.24819641
0.30400001 71747.19892532  4595.40830872
0.30500001 70567.62713908  3562.95966293
0.30600001 69402.82739186  3515.60038797
0.30700001 68254.87808183  3153.37551667
0.30800001 67122.05473604  3111.10738431
0.30900001 66004.76502570  4296.91040661
0.31000001 64903.05756469  3936.04611236
0.31100001 63815.79222616  3882.55298286
0.31200001 62744.56750649  2945.85758390
0.31300001 61687.78095316  3777.14300660
0.31400001 60647.39542344  2865.58956943
0.31500001 59620.74927149  3108.62601420
0.31600002 58609.44546722  4737.69474866
0.31700002 57612.80676246  4946.63582284
0.31800002 56630.91497394  4335.66305569
0.31900002 55663.57298573  2939.03679281
0.32000002 54711.35316377  3161.22213548
0.32100002 53772.70828758  2597.22193327
0.32200002 52849.59360553  2816.61922457
0.32300002 51939.06700790  3029.08653133
0.32400002 51043.42525988  2488.36709925
0.32500002 50161.73873911  2452.90914049
0.32600002 49294.54180655  2901.47686813
0.32700002 48440.64971319  2383.28007874
0.32800002 47601.11959026  3053.84997192
0.32900002 46774.66831111  2546.88081014
0.33000002 45963.00809461  2738.47615195
0.33100002 45162.04330232  2698.88383555
0.33200002 44377.73889022  2660.00179504
0.33300002 43605.26568956  3495.39826320
0.33400002 42846.47473380  2798.94609453
0.33500002 42099.51132840  2546.17856572
0.33600002 41367.02015003  2300.21326437
0.33700002 40646.12229870  3091.13774720
0.33800002 39938.99192466  2233.98761910
0.33900002 39243.65382092  2401.71172758
0.34000002 38561.30335928  2169.65183626
0.34100002 37891.38836463  2915.74247274
0.34200002 37234.37152398  2681.99190789
0.34300002 36588.26579583  1887.95460448
0.34400002 35955.76012798  1860.71067475
0.34500002 35334.34487935  2567.39362053
0.34600002 34725.92455876  2349.72979655
0.34700002 34127.37830345  1781.44923181
0.34800002 33542.25829409  2458.31222680
0.34900002 32967.91832389  2423.14211157
0.35000002 32404.92618072  2388.56722191
0.35100002 31854.02637980  1681.89267251
0.35200002 31312.84802631  1989.61845783
0.35300002 30783.37773080  1961.51692191
0.35400002 30265.30272560  1772.79019112
0.35500002 29757.95896217  1906.89010061
0.35600002 29260.30535637  1880.26731126
0.35700002 28773.80168128  2317.72983521
0.35800002 28298.53595426  1523.87623332
0.35900002 27832.95961468  1653.27787942
0.36000002 27377.94228212  1779.01877376
0.36100002 26932.27960318  2193.63427758
0.36200002 26497.88676677  1587.09100307
0.36300002 26072.04258124  1423.53359236
0.36400002 25656.15208106  1545.14183227
0.36500002 25249.63681353  1524.82563940
0.36600002 24853.10307149  1641.79606667
0.36700002 24465.13911991  1755.61846641
0.36800002 24088.03884807  1866.58221875
0.36900002 23718.75023357  1711.30791041
0.37000002 23358.32901586  1299.89107131
0.37100002 23006.56123968  1412.14279578
0.37200002 22664.41003449  1521.68856180
0.37300002 22330.15158018  1377.99371929
0.37400002 22004.34338370  1361.51881136
0.37500002 21687.37774756  1345.48497920
0.37600002 21378.56880425  1571.64556010
0.37700002 21077.37273630  1553.61321799
0.37800002 20784.15301368  1299.73707028
0.37900002 20499.33157441  1869.53912815
0.38000002 20222.00937975  1271.25667988
0.38100002 19951.38495387  1371.85729442
0.38200002 19689.35259384  1131.15336010
0.38300002 19433.74563820  1231.32218197
0.38400002 19186.42394939  1551.22244980
0.38500002 18944.70083575  1206.58805339
0.38600002 18711.38716221  1086.19607622
0.38700002 18484.11345258  1183.35299930
0.38800002 18263.60275311  1278.81752536
0.38900002 18049.40444468  1267.06825204
0.39000002 17842.71624705  1360.41796471
0.39100002 17641.14085949  1348.48887119
0.39200002 17446.54877134  1234.16891856
0.39300002 17257.77060442  1223.92114925
0.39400002 17076.24685239  1011.76767394
0.39500002 16899.35121965  1405.35011401
0.39600002 16728.36513941  996.17419125
0.39700002 16563.11606585  1384.34530637
0.39800002 16403.48635526  1178.09844585
0.39900002 16249.23968492  1072.44987002
0.40000002 16100.07185303  1162.10324141
0.40100002 15956.49990541  962.17698988
0.40200002 15818.28232124  1147.45825395
0.40300002 15684.32056726  1235.61083283
0.40400002 15555.84680834  945.01773838
0.40500002 15432.14118827  939.81744289
0.40600002 15313.13441922  934.86690059
0.40700002 15198.46903818  1023.16098413
0.40800002 15088.77458603  1018.26600118
0.40900002 14982.97922851  1197.88924608
0.41000002 14881.85171551  917.46620173
0.41100002 14784.80065697  1370.55108584
0.41200002 14691.46617592  910.13637272
0.41300002 14602.73468249  1722.97674683
0.41400002 14517.62655570  1445.95567346
0.41500002 14436.47210433  990.91949219
0.41600002 14358.50783451  1077.74964913
0.41700002 14284.49273641  985.20151071
0.41800002 14215.05308710  982.75774174
0.41900002 14146.92368189  891.25623419
0.42000002 14083.67558568  1067.26098645
0.42100002 14023.63197316  1065.23513516
0.42200002 13967.00806842  886.20670393
0.42300002 13912.82632270  973.34137566
0.42400002 13861.52780933  1060.40692766
0.42500002 13813.73082968  1059.23693021
0.42600002 13767.86120148  881.83155174
0.42700002 13726.11872919  1057.46023701
0.42800002 13685.87137238  1144.89162391
0.42900002 13649.65392584  1232.56380791
0.43000002 13615.33919048  1408.37075260
0.43100002 13582.59698176  1144.19802396
0.43200002 13553.39120994  968.32208088
0.43300002 13526.25005994  1496.95016507
0.43400002 13501.40279941  880.96657441
0.43500002 13478.51902938  1057.79422355
0.43600002 13458.11662027  1764.35917253
0.43700002 13439.30293273  1324.44336678
0.43800002 13422.44016572  972.25449948
0.43900002 13408.21401205  973.43638341
0.44000002 13395.27833413  1151.92701493
0.44100002 13384.55509795  1153.61485856
0.44200002 13375.41875350  977.67628012
0.44300002 13367.93703708  1246.42650841
0.44400002 13362.59100592  1159.53888949
0.44500002 13357.50229916  1161.70203001
0.44600002 13354.30820911  984.94704864
0.44700002 13353.76318880  987.11022170
0.44800002 13352.89324158  1169.11262317
0.44900002 13354.95889665  1262.04367554
0.45000002 13357.87366544  1174.75825518
0.45100002 13361.62826169  1268.28581471
0.45200002 13366.83019881  999.10377056
0.45300002 13372.92069502  1001.76553674
0.45400002 13380.41281095  1278.49850468
0.45500002 13389.03678300  1465.29625498
0.45600002 13398.39578101  1102.15208918
0.45700002 13408.81084416  1197.54095325
0.45800002 13419.79891639  1016.34851910
0.45900002 13431.87965309  1297.51963598
0.46000002 13445.44717983  1394.62907483
0.46100002 13458.61017706  1025.94990242
0.46200002 13473.60850630  1029.31637062
0.46300002 13488.98447404  1032.71670028
0.46400002 13504.44225357  1318.70884856
0.46500002 13521.06765473  1323.17174340
0.46600002 13538.17810696  1138.01930561
0.46700002 13555.47619840  1237.07281650
0.46800002 13574.26736668  1241.43468086
0.46900002 13592.41755702  1054.09203151
0.47000002 13611.37887873  1442.46594504
0.47100002 13630.97657311  1351.10246197
0.47200002 13650.95619854  1646.51015993
0.47300002 13671.40134133  1166.44401773
0.47400002 13691.44759583  1755.92823739
0.47500002 13712.24379155  1076.95967843
0.47600002 13733.84815722  1572.25101156
0.47700002 13754.64719254  986.20825045
0.47800002 13776.03776548  1088.78919640
0.47900002 13798.07517584  1192.15375170
0.48000002 13819.69097695  1395.92705175
0.48100002 13842.56162056  1200.98070313
0.48200002 13863.56652456  1104.85698654
0.48300002 13885.34617897  1108.88379841
0.48400002 13907.26034362  1719.98050452
0.48500002 13929.72362729  1421.66766079
0.48600002 13952.01409394  1223.03361345
0.48700002 13974.34471970  1432.09091476
0.48800002 13995.67938517  1231.89975788
0.48900002 14017.89451176  1648.50447272
0.49000002 14039.51046582  1344.21299327
0.49100002 14061.91438615  1245.32319707
0.49200002 14083.33598323  1458.04784346
0.49300002 14104.62241684  1149.66782769
0.49400002 14126.11443668  1363.52326063
0.49500002 14146.92534444  1052.53129552
0.49600002 14168.36783883  1584.37780868
0.49700002 14188.92688971  1589.86933336
0.49800002 14209.44681658  1595.36571696
0.49900002 14229.46619356  1600.81502266
0.50000002 14249.60027757  1285.02901394
