# SAXS profile: number of points = 501, q_min = 0, q_max = 0.5, delta_q = 0.001
#    q    intensity    error
0.00000000 1664650.74656090 249.69761198
0.00100000 1664564.16241317 699.11696482
0.00200000 1664304.37716442 748.93699344
0.00300000 1663871.61523069 1098.15530517
0.00400000 1663265.73290542 1496.93921650
0.00500000 1662487.39459887 1795.48645723
0.00600000 1661536.45407355 1744.61334780
0.00700000 1660413.66325942 2590.24542234
0.00800000 1659118.76846450 4031.65877759
0.00900000 1657653.25713137 2983.77599039
0.01000000 1656016.42630816 3005.66994353
0.01100000 1654209.95225445 3870.85145681
0.01200000 1652233.60982167 5477.15465670
0.01300000 1650088.85038022 4851.26143408
0.01400000 1647775.82781039 3707.49577693
0.01500000 1645296.09105849 5528.19511212
0.01600000 1642649.32697096 5445.38276234
0.01700000 1639837.69472420 5755.83056668
0.01800000 1636861.71812999 6997.58415988
0.01900000 1633722.38537287 5391.28411500
0.02000000 1630420.45903996 6162.98961396
0.02100000 1626958.72592628 6442.75684677
0.02200000 1623335.68080175 7280.66085917
0.02300000 1619554.67089359 6413.43678867
0.02400000 1615616.11029309 7876.12889681
0.02500000 1611522.46807095 8170.41928627
0.02600000 1607274.11731832 7160.40652016
0.02700000 1602873.00039088 7405.27360098
0.02800000 1598319.58822526 8343.22863315
0.02900000 1593617.27446198 9322.66148365
0.03000000 1588766.67935378 8126.54193843
0.03100000 1583769.40704745 9882.72155471
0.03200000 1578626.74025652 7814.20272418
0.03300000 1573342.80848041 8826.45356248
0.03400000 1567915.97388913 9054.71516700
0.03500000 1562350.60987955 9280.36305123
0.03600000 1556647.09659561 8639.39178536
0.03700000 1550808.64232385 8839.60967006
0.03800000 1544836.66088200 13555.94232660
0.03900000 1538733.67979767 11078.88300761
0.04000000 1532499.85118844 10367.36197370
0.04100000 1526139.42818985 12499.08249641
0.04200000 1519653.66767806 12742.29659463
0.04300000 1513044.55532277 14979.14179300
0.04400000 1506314.93974850 13217.91421016
0.04500000 1499466.98601888 11380.95495270
0.04600000 1492501.58341829 12626.56398269
0.04700000 1485422.53428260 12834.05129309
0.04800000 1478231.66425337 14124.50420913
0.04900000 1470931.54311096 14341.58321290
0.05000000 1463523.87104096 15674.34138874
0.05100000 1456012.64853338 14763.96894389
0.05200000 1448397.16628576 13817.70961029
0.05300000 1440682.58171851 23339.05891186
0.05400000 1432870.28715491 14185.41650435
0.05500000 1424963.78534180 14363.63562630
0.05600000 1416963.64844202 14538.04771142
0.05700000 1408875.12319325 12257.21414393
0.05800000 1400697.31234776 13635.78897239
0.05900000 1392434.66219862 12531.91254510
0.06000000 1384090.46888220 15197.31405833
0.06100000 1375666.07876794 14073.06464345
0.06200000 1367164.65532070 15503.64791603
0.06300000 1358589.27959740 14346.70346333
0.06400000 1349939.20498296 15794.28943695
0.06500000 1341221.08828510 17261.51621368
0.06600000 1332436.16963294 24103.77143644
0.06700000 1323585.57184630 18900.80285050
0.06800000 1314673.74185984 20410.31079776
0.06900000 1305704.01609070 21935.82849734
0.07000000 1296675.84560100 15190.55824257
0.07100000 1287593.87606177 18077.81886663
0.07200000 1278459.83290613 16798.96299136
0.07300000 1269277.72565130 14088.98341488
0.07400000 1260049.95884122 19845.78778181
0.07500000 1250777.08150414 18536.51721674
0.07600000 1241462.64045501 20074.45183726
0.07700000 1232110.57665205 15857.26386504
0.07800000 1222721.60460982 17387.10203294
0.07900000 1213298.03740908 17471.49255817
0.08000000 1203845.07665275 23402.74938798
0.08100000 1194363.24416561 20566.93602950
0.08200000 1184854.10630369 19176.86461040
0.08300000 1175321.12797691 20732.66567054
0.08400000 1165767.24938656 17836.23975282
0.08500000 1156194.51871966 17897.89199000
0.08600000 1146605.38124910 19452.16120620
0.08700000 1137001.92663193 21011.79659082
0.08800000 1127386.15730830 18060.72708828
0.08900000 1117761.26548692 22634.66668925
0.09000000 1108129.44526852 19663.75793000
0.09100000 1098492.55626377 15159.19798864
0.09200000 1088852.39435624 19746.33909947
0.09300000 1079213.32733496 16738.59949355
0.09400000 1069574.08412036 15241.43141502
0.09500000 1059939.15023056 18315.74937687
0.09600000 1050309.72016492 16810.20786145
0.09700000 1040690.92315513 16827.97301855
0.09800000 1031081.27938211 18373.86926249
0.09900000 1021485.07661878 18386.73224373
0.10000000 1011901.46464430 19929.40028339
0.10100000 1002334.57457074 19936.43562586
0.10200000 992786.29309875 19940.11363480
0.10300000 983257.67866003 19940.46666124
0.10400000 973752.06895408 32206.85119583
0.10500000 964271.91040150 16865.11650642
0.10600001 954814.23578739 16857.24612602
0.10700001 945386.41146871 16846.78664514
0.10800001 935986.62543950 19894.39665998
0.10900001 926618.67919644 15289.20892634
0.11000001 917283.54250210 15272.77170154
0.11100001 907982.12390537 18304.92047961
0.11200001 898717.33782516 15233.25959327
0.11300001 889489.25602095 15210.26699407
0.11400001 880300.55069906 19740.74077891
0.11500001 871152.83146288 24252.89596995
0.11600001 862046.94005886 18154.70941257
0.11700001 852984.55877231 15097.82740130
0.11800001 843966.17405854 16571.27660812
0.11900001 834993.40077377 19538.84649842
0.12000001 826067.70920250 22489.69444241
0.12100001 817191.93995099 23927.38112894
0.12200001 808365.24627190 25354.37714380
0.12300001 799590.02243909 17846.85014168
0.12400001 790866.37774385 25208.86697836
0.12500001 782194.98300571 14783.48587541
0.12600001 773579.49583925 14736.69009018
0.12700001 765018.34959077 16157.18830479
0.12800001 756513.39213099 16102.38831040
0.12900001 748065.48848334 16046.00548425
0.13000001 739675.99866652 20348.48768244
0.13100001 731344.33812302 17376.74229290
0.13200001 723072.39115843 18752.88334871
0.13300001 714861.86345134 15805.59654603
0.13400001 706711.48501914 18604.18072023
0.13500001 698623.81193811 15677.11907904
0.13600001 690597.68527857 17030.13972195
0.13700001 682635.39438269 14130.55333002
0.13800001 674735.62093399 15475.06219586
0.13900001 666901.41689549 19606.90258135
0.14000001 659131.40726281 15334.69291316
0.14100001 651426.75493228 13875.39053446
0.14200001 643787.18251446 13809.23571625
0.14300001 636215.13197177 17864.92174841
0.14400001 628706.92008311 21879.00185092
0.14500001 621267.41795087 23129.78706139
0.14600001 613894.30347907 16243.64403634
0.14700001 606590.25027144 16159.56502958
0.14800001 599350.94405205 16074.59307785
0.14900001 592180.90712505 14656.47814285
0.15000001 585078.13995061 15902.42459418
0.15100001 578043.99920679 14497.34418416
0.15200001 571078.00072305 17038.11295555
0.15300001 564181.45620684 14335.85147871
0.15400001 557350.71929340 15550.08580211
0.15500001 550590.13476577 12883.80976154
0.15600001 543895.59599695 15370.49026828
0.15700001 537272.70223250 12733.36364388
0.15800001 530714.30831648 20252.05896123
0.15900001 524226.48563441 16355.86712380
0.16000001 517804.20023708 18757.45803899
0.16100001 511452.88585879 18642.45856956
0.16200001 505168.00970824 13586.49426247
0.16300001 498950.35359742 18411.26891690
0.16400001 492800.27358034 12196.80734692
0.16500001 486716.80300612 13331.17386372
0.16600001 480701.03671726 13245.71769211
0.16700001 474750.43979978 14356.45397738
0.16800001 468865.46738496 14262.88819129
0.16900001 463048.55536644 15350.06033520
0.17000001 457295.80758731 15248.52942403
0.17100001 451607.98797096 11651.48663985
0.17200001 445985.74651266 12730.66373538
0.17300001 440427.78161927 14943.71533605
0.17400001 434933.82591619 11417.01346948
0.17500001 429503.44424338 13606.66975624
0.17600001 424134.72450465 11260.77746743
0.17700001 418830.65097795 13419.33469114
0.17800001 413587.27629380 12215.30078229
0.17900001 408406.36952841 11026.97249811
0.18000001 403286.55591577 14233.99966339
0.18100001 398228.97753664 11958.81676032
0.18200001 393229.05939718 12952.96582841
0.18300001 388289.92192141 16075.20352693
0.18400001 383409.60269181 13831.50207052
0.18500001 378589.40233146 13731.43827126
0.18600001 373825.42131011 11534.38391945
0.18700001 369118.79048997 13531.89549867
0.18800001 364469.15180374 11365.97103600
0.18900001 359877.68730098 11282.16602994
0.19000001 355337.84398807 12216.51565353
0.19100001 350857.84963193 13136.11851090
0.19200001 346429.13880798 13037.86125509
0.19300001 342056.59022244 12940.00141956
0.19400001 337735.36305850 9878.75983627
0.19500001 333467.75331364 14705.92861606
0.19600001 329252.23652089 13621.16566856
0.19700001 325087.74734013 10620.61720751
0.19800001 320974.55909334 10539.20014590
0.19900001 316912.05125139 10458.09818555
0.20000001 312897.50579592 11320.63229472
0.20100001 308933.75918679 14041.04001865
0.20200001 305016.76953068 13002.86549965
0.20300001 301149.17182834 11979.71462155
0.20400001 297327.89907038 10057.11666141
0.20500001 293552.98697404 11792.02404412
0.20600001 289824.00024792 11698.74632298
0.20700001 286140.82833008 11605.87254567
0.20800001 282500.99930604 10627.68809627
0.20900001 278907.79241227 11421.27463918
0.21000001 275355.97332787 9586.51866459
0.21100001 271847.61546295 12102.65641254
0.21200001 268381.24412384 8574.78115512
0.21300001 264955.79663846 8505.08147418
0.21400001 261572.61425003 8435.71720837
0.21500001 258230.55596975 12550.00561346
0.21600001 254927.32663408 9957.46184910
0.21700001 251663.88094618 9875.29115523
0.21800001 248439.24986948 10609.59866730
0.21900001 245251.92031183 9711.97650355
0.22000001 242102.26002558 8025.69029932
0.22100001 238991.06739127 8754.24321247
0.22200001 235916.41569801 7891.40447824
0.22300001 232876.58592063 9389.58438831
0.22400001 229871.80370741 11637.26061297
0.22500001 226904.40127698 9230.47148043
0.22600001 223969.24389392 9151.38373826
0.22700001 221070.30032138 11340.90694279
0.22800001 218203.43385829 14990.57661497
0.22900001 215368.89082312 8916.27250174
0.23000001 212567.94126168 10311.67131826
0.23100001 209799.79833388 8761.23999277
0.23200001 207061.51924001 11578.88070351
0.23300001 204354.81640000 7890.13983436
0.23400001 201679.70588634 7820.13096560
0.23500001 199032.87725585 9159.49344452
0.23600001 196417.58698086 9775.70376640
0.23700001 193830.89871214 6919.76341131
0.23800001 191273.30138783 7542.86299700
0.23900001 188743.95075753 8833.21731326
0.24000001 186242.63615745 10099.00742332
0.24100001 183770.17496253 10006.28650002
0.24200001 181324.58571595 9913.92219297
0.24300001 178905.88278143 6547.95561954
0.24400001 176513.58878696 9081.62457268
0.24500001 174147.62150053 7068.65229108
0.24600001 171807.71020629 7002.02356069
0.24700001 169493.50822007 6935.67468446
0.24800001 167204.60745913 8118.62009924
0.24900001 164939.79340711 8659.33956352
0.25000001 162700.54049428 9801.08102305
0.25100001 160484.38756887 6066.31013709
0.25200001 158293.97234264 7208.70784153
0.25300001 156127.00174530 11302.03419105
0.25400001 153982.83999361 8834.76586262
0.25500001 151861.61491292 6997.78354627
0.25600001 149763.86826648 6350.73713431
0.25700001 147687.97488967 8573.28734798
0.25800001 145635.25577986 6789.51594570
0.25900001 143604.43855775 5600.57336874
0.26000001 141595.65265700 6652.16407658
0.26100001 139607.54441837 6583.89210630
0.26200001 137642.06584645 6515.97570549
0.26300001 135696.77832724 8060.38901404
0.26400001 133772.87863222 6380.96661269
0.26500001 131870.19616114 5261.62107580
0.26600001 129986.98939769 6247.17500607
0.26700001 128125.26153116 5150.63575728
0.26800001 126284.03820440 6624.22953748
0.26900001 124461.31450001 5544.75182336
0.27000001 122659.61866251 4986.11373458
0.27100001 120876.92850247 5424.95680792
0.27200001 119115.11835919 4877.76432764
0.27300001 117371.68610783 6753.56713825
0.27400001 115645.62348472 6201.49685285
0.27500001 113941.59243893 5188.90036524
0.27600001 112253.77802178 5596.97363705
0.27700001 110586.53463359 7839.47981119
0.27800001 108936.66709959 5926.69965405
0.27900001 107306.59116978 4957.56474667
0.28000001 105693.25697503 4454.97099234
0.28100001 104098.88637676 4843.72141236
0.28200001 102523.11947629 4787.31729053
0.28300001 100964.69283612 5591.42495391
0.28400001 99423.91725905  5525.48446320
0.28500001 97901.35405023  5039.96194505
0.28600001 96395.94724818  4564.83029800
0.28700001 94908.11899250  4920.03712145
0.28800001 93436.95586852  4860.59067435
0.28900001 91984.88648898  4801.61130200
0.29000001 90548.37210044  5533.41128098
0.29100001 89129.84553923  5075.05364523
0.29200001 87728.03452509  5783.47094983
0.29300001 86343.23749023  5330.83173499
0.29400001 84974.47349954  3760.12063035
0.29500001 83623.57655631  6311.90785726
0.29600001 82288.52160337  4032.54919206
0.29700001 80970.03863607  3981.29698820
0.29800001 79667.87555842  3930.41482674
0.29900001 78382.69172098  3879.94342386
0.30000001 77112.88648733  4526.14108664
0.30100001 75860.37903099  4467.41793262
0.30200001 74622.29915900  3391.58365734
0.30300001 73401.76481564  4016.54476086
0.30400001 72196.89849574  5284.81322008
0.30500001 71007.53788030  3585.17075731
0.30600001 69833.05824619  3858.97498138
0.30700001 68675.51541541  3490.08985864
0.30800001 67533.01399579  4382.21748566
0.30900001 66406.17108361  3705.46452190
0.31000001 65295.17449772  3655.22404144
0.31100001 64198.32362169  4506.72253161
0.31200001 63117.54135417  6223.07428445
0.31300001 62051.39051263  3214.88269467
0.31400001 61001.37078710  3747.00937801
0.31500001 59965.38901361  3979.30340335
0.31600002 58944.83349543  4484.52314466
0.31700002 57938.97749053  3316.42722858
0.31800002 56947.84706325  3269.94553320
0.31900002 55971.60614320  3492.62838871
0.32000002 55010.03131408  3443.35307315
0.32100002 54062.31348439  3394.57282442
0.32200002 53130.23168096  3603.82378556
0.32300002 52210.82906796  3298.68033671
0.32400002 51306.30514914  3001.41899335
0.32500002 50415.92670826  2711.87282605
0.32600002 49539.99018229  2672.93029685
0.32700002 48677.21028047  2634.41074513
0.32800002 47829.29214134  3776.60108631
0.32900002 46994.27457286  2791.46004181
0.33000002 46173.92485836  3209.54966889
0.33100002 45364.72455698  2485.07972891
0.33200002 44572.13000119  2671.65359879
0.33300002 43791.42274953  2632.74046038
0.33400002 43024.28945131  2161.97064731
0.33500002 42269.56465983  3408.61785559
0.33600002 41528.85139007  2309.21189090
0.33700002 40800.06918210  2689.13268714
0.33800002 40085.30834469  2853.67323620
0.33900002 39382.16154170  2209.33936712
0.34000002 38692.31534858  2177.02322619
0.34100002 38014.72328258  1950.15539675
0.34200002 37350.10977191  2882.49485816
0.34300002 36696.82794603  2650.97897637
0.34400002 36057.08741514  1865.95436210
0.34500002 35428.51315820  2022.61391199
0.34600002 34812.83755926  2536.81159309
0.34700002 34207.47973166  2321.31968453
0.34800002 33615.30866232  1935.73764100
0.34900002 33034.13712970  2081.15073774
0.35000002 32464.62013790  1880.18856434
0.35100002 31907.06273033  1684.69299195
0.35200002 31359.51251638  2158.63214630
0.35300002 30823.68586797  2127.75913624
0.35400002 30299.13962813  1774.77218778
0.35500002 29785.71115686  1908.66846133
0.35600002 29282.00877936  2508.88263105
0.35700002 28789.66456716  2009.80657863
0.35800002 28308.24192965  2439.03824018
0.35900002 27837.20058185  1653.52979288
0.36000002 27376.65283290  1482.44582112
0.36100002 26925.52564642  1900.67294541
0.36200002 26485.54023999  2307.42037500
0.36300002 26054.62958223  2418.39083237
0.36400002 25633.52474733  1824.46621031
0.36500002 25221.99835260  1384.68777515
0.36600002 24820.49870900  2049.55277798
0.36700002 24427.88703689  1618.10331397
0.36800002 24045.95510015  1863.32114897
0.36900002 23672.25738293  1445.19138169
0.37000002 23307.29590823  1556.46129448
0.37100002 22951.21930698  1536.81371759
0.37200002 22604.72245990  1264.73428154
0.37300002 22266.40666291  1623.88911485
0.37400002 21936.65801315  1357.33077886
0.37500002 21615.76617804  1584.86805125
0.37600002 21303.34792264  1566.11569672
0.37700002 20998.44157212  1428.73403225
0.37800002 20701.66580094  1176.88975654
0.37900002 20413.53102240  1396.28558808
0.38000002 20132.99021070  1840.96071208
0.38100002 19859.25033407  1479.31562746
0.38200002 19594.06535266  1688.51866176
0.38300002 19335.68075922  1447.85584384
0.38400002 19085.43999055  1432.83947517
0.38500002 18841.29272362  1200.00199042
0.38600002 18605.36980891  1296.05012229
0.38700002 18375.55897844  1176.40334153
0.38800002 18152.96990419  1694.76135055
0.38900002 17936.41392278  1573.92039629
0.39000002 17727.71994228  1559.59623581
0.39100002 17524.42277306  1545.65416181
0.39200002 17327.93378067  1225.77809372
0.39300002 17137.50560675  1417.95728108
0.39400002 16954.34682212  1808.18117425
0.39500002 16776.02398807  1096.14545931
0.39600002 16603.76763338  988.75440941
0.39700002 16437.23808841  1275.69410848
0.39800002 16276.67733115  974.15918442
0.39900002 16121.37938665  1064.01108993
0.40000002 15971.39739200  1152.81551837
0.40100002 15827.20882277  1240.69495840
0.40200002 15688.24747866  1232.86098652
0.40300002 15553.81763692  1319.58595084
0.40400002 15424.84580928  1593.00102643
0.40500002 15301.00586541  931.83130135
0.40600002 15181.76136858  926.84657547
0.40700002 15067.26634338  1198.75176708
0.40800002 14957.36663988  1376.45173025
0.40900002 14851.83570698  1004.72673318
0.41000002 14751.17689441  1000.35110849
0.41100002 14654.42090882  1086.77190609
0.41200002 14561.64434301  1082.51269175
0.41300002 14473.74159055  988.70133490
0.41400002 14389.21970997  1164.44766020
0.41500002 14308.90635869  892.87579909
0.41600002 14231.90076090  890.20543478
0.41700002 14159.00597418  887.76971665
0.41800002 14090.64198151  974.15657955
0.41900002 14023.90313582  1148.55772125
0.42000002 13961.84667401  969.85972517
0.42100002 13903.48912896  1056.10908428
0.42200002 13848.34252529  878.67737487
0.42300002 13795.79421241  965.15380883
0.42400002 13746.36793464  1139.23029657
0.42500002 13700.42986481  1050.54901182
0.42600002 13656.52760334  962.17069789
0.42700002 13616.84016657  1223.88165217
0.42800002 13578.99528779  961.18922699
0.42900002 13544.98136970  873.65133975
0.43000002 13512.99224079  1397.78398362
0.43100002 13482.71274854  1223.15175851
0.43200002 13456.02233002  961.36556093
0.43300002 13431.59275812  1049.27607599
0.43400002 13409.40169258  1312.44525286
0.43500002 13389.40167745  875.66691120
0.43600002 13371.95025930  1139.49079535
0.43700002 13356.10001722  965.24539399
0.43800002 13342.25271246  878.58738275
0.43900002 13331.16052841  879.85663657
0.44000002 13321.46959962  969.33678135
0.44100002 13314.04880923  970.99362567
0.44200002 13308.20021843  1238.06192499
0.44300002 13304.32202866  1329.10183365
0.44400002 13302.37104789  1065.51997143
0.44500002 13300.81048608  1245.75396916
0.44600002 13301.45378931  1159.42127449
0.44700002 13304.51531378  983.46981860
0.44800002 13307.59740905  985.89340077
0.44900002 13313.69981408  898.67478004
0.45000002 13320.43971861  991.24056864
0.45100002 13328.28059399  903.65746710
0.45200002 13337.57713096  1178.17493170
0.45300002 13347.76718445  1454.37278135
0.45400002 13359.62032939  1732.40884832
0.45500002 13372.44772807  1006.14301474
0.45600002 13386.24862102  1192.91560240
0.45700002 13401.05585568  1288.91361329
0.45800002 13416.53591167  1200.84710369
0.45900002 13433.03615338  1112.25544621
0.46000002 13451.12692061  1116.17456477
0.46100002 13469.02853129  1400.10558219
0.46200002 13488.51269545  1124.13270132
0.46300002 13508.74458215  1316.29213447
0.46400002 13528.94476075  1038.00833597
0.46500002 13550.43347467  1041.89287925
0.46600002 13572.26202974  1140.88440029
0.46700002 13594.43038686  1049.76196423
0.46800002 13618.15806972  1149.64495873
0.46900002 13641.29272080  1154.05341888
0.47000002 13665.30549626  1061.99926698
0.47100002 13689.82240501  969.23947221
0.47200002 13714.96928253  1265.00025173
0.47300002 13740.55356645  1172.34408586
0.47400002 13765.74966576  1176.97165221
0.47500002 13791.77325464  1083.20592276
0.47600002 13818.40963953  1483.06088486
0.47700002 13844.61290106  1588.25406729
0.47800002 13871.14014685  1295.63390683
0.47900002 13898.45946265  1701.17151886
0.48000002 13925.41045984  1406.60577722
0.48100002 13953.59398617  1311.49836092
0.48200002 13979.87588414  1114.12626139
0.48300002 14006.93812089  1423.66525809
0.48400002 14034.38126256  1225.20154230
0.48500002 14062.23843928  1537.70584622
0.48600002 14089.84172603  1338.04188294
0.48700002 14117.58743175  1343.42968368
0.48800002 14144.40278200  1244.99039188
0.48900002 14171.98497402  1145.80503946
0.49000002 14198.91694040  1359.47536690
0.49100002 14226.84966655  1259.92986619
0.49200002 14253.68619380  1370.27818719
0.49300002 14280.47166682  1269.81960080
0.49400002 14307.36314331  1168.55394012
0.49500002 14333.60175938  1386.34602788
0.49600002 14360.56368004  1177.63808040
0.49700002 14386.42003753  1289.59875329
0.49800002 14412.42537980  1186.64709990
0.49900002 14437.88817009  1624.26249613
0.50000002 14463.39845157  1086.92444516
