# SAXS profile: number of points = 501, q_min = 0, q_max = 0.5, delta_q = 0.001
#    q    intensity    error
0.00000000 1646666.22097350 271.69992646
0.00100000 1646580.92611993 691.56400539
0.00200000 1646325.01334127 889.01553535
0.00300000 1645898.69283724 1283.80102615
0.00400000 1645301.83811564 2097.75992331
0.00500000 1644535.10785319 2368.13064904
0.00600000 1643598.33299070 2588.66747985
0.00700000 1642492.24492012 1970.99077582
0.00800000 1641216.65571822 2437.20683664
0.00900000 1639772.95068066 2705.62548428
0.01000000 1638160.49689134 2702.96493658
0.01100000 1636380.83301228 4712.77700427
0.01200000 1634433.89113961 4143.29009570
0.01300000 1632321.02868443 3427.87431142
0.01400000 1630042.40732130 6234.91248440
0.01500000 1627599.44489113 4296.86272585
0.01600000 1624991.95931029 7044.34045852
0.01700000 1622222.00104425 7007.99935888
0.01800000 1619290.09714798 6460.96777835
0.01900000 1616197.33024825 4848.59220953
0.02000000 1612944.18539369 7113.08417935
0.02100000 1609533.68181979 5311.46139082
0.02200000 1605964.16638398 6094.63428832
0.02300000 1602238.98681712 6344.86667660
0.02400000 1598358.49039781 5993.84461230
0.02500000 1594325.20375799 6839.65543649
0.02600000 1590139.31210232 8372.08386114
0.02700000 1585803.05501774 6660.37313613
0.02800000 1581316.46461119 8254.47232382
0.02900000 1576683.20562709 9223.59717641
0.03000000 1571903.77486253 9502.15875581
0.03100000 1566979.64735107 7521.50265337
0.03200000 1561912.20011559 9277.75889600
0.03300000 1556705.49855550 11114.87777209
0.03400000 1551357.85458649 10588.01784609
0.03500000 1545873.49043371 11686.80412735
0.03600000 1540253.02030835 9403.24512354
0.03700000 1534499.42240637 8746.64711223
0.03800000 1528613.99068602 10730.87071124
0.03900000 1522599.54536145 10962.71723429
0.04000000 1516455.88120238 11191.44492187
0.04100000 1510187.23908223 10465.59805209
0.04200000 1503795.07699097 11639.37443589
0.04300000 1497280.90542029 11858.46532137
0.04400000 1490648.14100176 12074.25050287
0.04500000 1483898.46066173 13310.56981061
0.04600000 1477032.63324643 12495.69665815
0.04700000 1470054.86976948 10584.39555460
0.04800000 1462966.61914110 11828.08566609
0.04900000 1455770.32742035 12010.10576026
0.05000000 1448467.93192869 12188.85821477
0.05100000 1441063.17340909 14612.38125907
0.05200000 1433555.43490323 14815.79611016
0.05300000 1425949.80749184 16170.27157078
0.05400000 1418247.56224186 16380.76010779
0.05500000 1410452.12316549 21326.03709711
0.05600000 1402564.31142707 16788.69559121
0.05700000 1394588.88607421 16986.09342527
0.05800000 1386525.32968654 12270.74974068
0.05900000 1378377.52477017 18608.09745350
0.06000000 1370149.20494241 12536.86581093
0.06100000 1361841.62007861 12665.12765859
0.06200000 1353457.59685139 16627.22735453
0.06300000 1345000.31800965 14203.20402226
0.06400000 1336468.93353373 14333.62998249
0.06500000 1327870.50827888 15775.10237628
0.06600000 1319205.44051323 13258.01529748
0.06700000 1310475.45871421 17376.90539577
0.06800000 1301684.56637072 13472.43589257
0.06900000 1292836.24113583 14932.25928423
0.07000000 1283929.96523201 17776.01120106
0.07100000 1274970.27512580 15146.64757793
0.07200000 1265958.79590029 20793.37419677
0.07300000 1256899.22680035 18137.05669255
0.07400000 1247794.45439457 18248.99475074
0.07500000 1238644.68247098 16944.66005044
0.07600000 1229453.43496046 18460.24419136
0.07700000 1220224.57945423 15704.29107393
0.07800000 1210958.94585853 18654.82343579
0.07900000 1201658.73430155 20187.86768315
0.08000000 1192329.11413415 21730.19912448
0.08100000 1182970.32326281 18915.69635646
0.08200000 1173584.25182184 20455.57446914
0.08300000 1164174.14222707 19069.17334463
0.08400000 1154742.80141326 14722.97140910
0.08500000 1145292.31158752 16251.69866437
0.08600000 1135825.29360691 25198.28532177
0.08700000 1126343.51155607 23788.37608111
0.08800000 1116848.96012199 17891.92118143
0.08900000 1107345.08670683 20928.82312178
0.09000000 1097833.61259064 16483.97246739
0.09100000 1088316.65584847 22528.15583446
0.09200000 1078795.89641120 28593.48657789
0.09300000 1069275.63980417 22615.18084459
0.09400000 1059754.93948114 19631.96117654
0.09500000 1050237.36013101 18148.10243607
0.09600000 1040724.75745800 18171.05511940
0.09700000 1031222.21634380 15158.96729292
0.09800000 1021728.12499461 16689.92970651
0.09900000 1012246.51486166 19738.80796797
0.10000000 1002776.93275284 22788.10686847
0.10100000 993323.29744361 16717.63188224
0.10200000 983887.28430783 22801.58888634
0.10300000 974470.14172961 16721.90841869
0.10400000 965074.81764564 15199.92909300
0.10500000 955704.25112844 18234.83796947
0.10600001 946355.12635728 19745.70064055
0.10700001 937034.92220570 16697.96309947
0.10800001 927741.63947194 24269.72243076
0.10900001 918479.55343750 16670.40467949
0.11000001 909248.87499576 19680.69282564
0.11100001 900050.92201128 16632.94182174
0.11200001 890888.47304828 16610.61636197
0.11300001 881761.80797149 19601.56591406
0.11400001 872673.08054146 19569.69475257
0.11500001 863624.48744417 15027.06678912
0.11600001 854616.52268536 22497.78101915
0.11700001 845650.77552758 16464.82137493
0.11800001 836727.99581858 17922.71451456
0.11900001 827849.36772260 17881.54718506
0.12000001 819016.90676715 19324.70482546
0.12100001 810233.04328567 14827.26539061
0.12200001 801496.95245518 17745.14336335
0.12300001 792811.13471974 16220.91658060
0.12400001 784175.71006386 20584.61335907
0.12500001 775591.19303420 17590.40908688
0.12600001 767061.34253032 27763.78660121
0.12700001 758584.66038942 16021.30878245
0.12800001 750162.64052786 14515.64777833
0.12900001 741796.55514318 18804.54355918
0.13000001 733487.54073967 18736.94011136
0.13100001 725235.12057525 15795.62167070
0.13200001 717041.09490139 15735.46756939
0.13300001 708907.19626129 15673.93884825
0.13400001 700832.20995142 24126.14996502
0.13500001 692818.30258763 18373.54225090
0.13600001 684865.08262722 14073.97811159
0.13700001 676974.20223249 16816.03997639
0.13800001 669144.69547473 22322.66809368
0.13900001 661379.37522747 13888.96753476
0.14000001 653676.95358063 15207.79504226
0.14100001 646038.52748903 15136.68341296
0.14200001 638464.04485338 15064.55984884
0.14300001 630955.87332405 16354.37700796
0.14400001 623510.22187713 20342.02194827
0.14500001 616131.90535957 14842.61830027
0.14600001 608818.85256656 18794.23886534
0.14700001 601573.56110438 18696.90716118
0.14800001 594391.79635279 22583.91736790
0.14900001 587278.21285124 13213.76041259
0.15000001 580230.46842699 19713.33109494
0.15100001 573250.36847085 14377.11991963
0.15200001 566337.18500803 14297.18291017
0.15300001 559492.11848666 12924.26854693
0.15400001 552711.93340793 16705.71897561
0.15500001 546000.83855957 16609.34629283
0.15600001 539354.28756194 20322.87051447
0.15700001 532778.51136824 12626.85131537
0.15800001 526266.14993360 13806.59309516
0.15900001 519823.21362481 18713.63657379
0.16000001 513444.65692402 17359.56467001
0.16100001 507136.21932264 16020.43392463
0.16200001 500893.02004190 13471.51840996
0.16300001 494716.16385522 12170.01820536
0.16400001 488605.81248511 15720.89275889
0.16500001 482560.99962015 13217.34640360
0.16600001 476583.09036816 14326.08837284
0.16700001 470669.16408779 11860.86349502
0.16800001 464820.16635645 14139.83012820
0.16900001 459038.21311070 24581.49747277
0.17000001 453319.54722405 15115.94101596
0.17100001 447665.02947440 17324.63745875
0.17200001 442075.15829534 12619.03598945
0.17300001 436548.57264122 11393.91828401
0.17400001 431085.34529096 13579.18901796
0.17500001 425684.75729126 13485.69374788
0.17600001 420345.32013577 14508.21940970
0.17700001 415069.55783079 12190.59348926
0.17800001 409853.77281714 13205.48918389
0.17900001 404699.73645119 13112.27208036
0.18000001 399606.26806032 11934.24175934
0.18100001 394574.06898493 10771.87259211
0.18200001 389599.04907997 12833.39328292
0.18300001 384684.04161003 15925.92007498
0.18400001 379827.24730984 10540.20661077
0.18500001 375030.10975803 14648.67677918
0.18600001 370288.54908355 10386.59429249
0.18700001 365603.68607043 12372.02932114
0.18800001 360975.26319156 15350.47379247
0.18900001 356404.64448524 13204.79270207
0.19000001 351885.29787662 15122.27139076
0.19100001 347424.91401323 14008.17319490
0.19200001 343015.50991589 11916.35937754
0.19300001 338661.75249535 9855.05746329
0.19400001 334359.05235485 10758.00301787
0.19500001 330109.59330025 15528.35600264
0.19600001 325911.64072198 11556.82732613
0.19700001 321764.29899876 9556.40013188
0.19800001 317668.11845720 12327.11191930
0.19900001 313622.08348928 13172.12812906
0.20000001 309623.96784057 13069.22830022
0.20100001 305676.02468221 11114.38078274
0.20200001 301774.72479209 10107.94488465
0.20300001 297922.35547694 13674.63676272
0.20400001 294116.38181350 10852.89500189
0.20500001 290356.28854176 9869.21071402
0.20600001 286641.91539351 12460.32465113
0.20700001 282973.26448868 11477.39615019
0.20800001 279347.64539512 13136.32364566
0.20900001 275768.59176407 10424.05326144
0.21000001 272230.67531079 10339.32153707
0.21100001 268736.10949070 9400.38955437
0.21200001 265283.42409514 11866.12812074
0.21300001 261871.45271842 10927.89623856
0.21400001 258501.58514599 8336.67651509
0.21500001 255172.89710648 9094.36248283
0.21600001 251882.86313216 10658.42385735
0.21700001 248632.56596002 12195.42793693
0.21800001 245420.93980280 11286.90955518
0.21900001 242246.70095433 8793.55566042
0.22000001 239109.97879463 8719.14578901
0.22100001 236011.79868899 10216.95124834
0.22200001 232950.05025197 8571.39750432
0.22300001 229923.15149153 11588.12738312
0.22400001 226931.42117526 10722.51015756
0.22500001 223976.90102938 7592.81730394
0.22600001 221054.62028272 9032.29221187
0.22700001 218168.56977447 8953.63852695
0.22800001 215314.83488290 7396.06492799
0.22900001 212493.27982030 10996.52775074
0.23000001 209705.48003998 13079.33140864
0.23100001 206950.47870543 10082.62779936
0.23200001 204225.34148055 8565.21122677
0.23300001 201531.90334717 7781.14715624
0.23400001 198870.00312680 8412.20153012
0.23500001 196236.74538662 9030.81544982
0.23600001 193634.72343365 8260.45769237
0.23700001 191061.67500469 6820.90212028
0.23800001 188517.82955083 8110.03741087
0.23900001 186002.21384904 9374.51202140
0.24000001 183514.70886091 7297.46274303
0.24100001 181056.18315048 9858.50963886
0.24200001 178624.63486886 9115.21554853
0.24300001 176220.02574431 6449.65324733
0.24400001 173841.91279888 7027.55965732
0.24500001 171490.35751672 6960.79394088
0.24600001 169164.71133921 7521.06342193
0.24700001 166865.12200125 6828.12111530
0.24800001 164590.92860219 8606.46006375
0.24900001 162340.81804966 7305.33715783
0.25000001 160116.48776365 7836.90186434
0.25100001 157915.19161237 7163.03343041
0.25200001 155739.86831433 5910.32828214
0.25300001 153588.04625535 9947.89822660
0.25400001 151459.09043828 6372.64153169
0.25500001 149353.27092887 8602.74881252
0.25600001 147270.99769208 6812.75667557
0.25700001 145210.74317378 6181.62162938
0.25800001 143173.57332130 6118.52294538
0.25900001 141158.53206212 6606.21961308
0.26000001 139165.56234446 5448.33202358
0.26100001 137193.30219600 6470.03643770
0.26200001 135243.96214238 8003.06183846
0.26300001 133314.83187922 7390.97462911
0.26400001 131406.99754269 6268.11407938
0.26500001 129520.53538242 5167.86960630
0.26600001 127653.74455771 7157.54579604
0.26700001 125808.39001996 7080.49652537
0.26800001 123983.55596676 7003.83140799
0.26900001 122177.40616018 5937.82222037
0.27000001 120392.26824311 9787.89187135
0.27100001 118626.12485461 6775.92457235
0.27200001 116881.00187162 4786.27725315
0.27300001 115154.33945371 6152.69664818
0.27400001 113444.97722556 5615.52663842
0.27500001 111757.69376364 4626.76874078
0.27600001 110086.68574614 5946.33261199
0.27700001 108436.22540486 4973.96989472
0.27800001 106803.13523649 6257.59598966
0.27900001 105189.89710415 6185.16624245
0.28000001 103593.36521728 5676.39871574
0.28100001 102015.95610531 6472.91272124
0.28200001 100456.97429084 5117.27851257
0.28300001 98915.42629011  5056.55683128
0.28400001 97391.41631620  4579.83156904
0.28500001 95885.63984223  5758.89180150
0.28600001 94397.11203090  5689.31421139
0.28700001 92925.92416463  5218.72014810
0.28800001 91471.44996367  4758.34505234
0.28900001 90036.04122888  4308.22477673
0.29000001 88616.22059760  5028.52767583
0.29100001 87214.22223734  4965.97804926
0.29200001 85829.00524524  4149.40345499
0.29300001 84460.57548754  3724.71155531
0.29400001 83108.12750529  4413.04177943
0.29500001 81773.58189548  3630.74720803
0.29600001 80454.79750058  3942.68753815
0.29700001 79152.39624567  3538.11227967
0.29800001 77866.42143801  4540.00191686
0.29900001 76597.17978796  3791.56057899
0.30000001 75343.30199512  3741.92527073
0.30100001 74106.59932292  6714.05821650
0.30200001 72884.11638278  3643.84157106
0.30300001 71679.15220134  3922.28339414
0.30400001 70489.76959706  4514.86995643
0.30500001 69315.79794368  4454.23338673
0.30600001 68156.55439819  3766.33137435
0.30700001 67014.22253254  4024.87439586
0.30800001 65886.55522570  3359.22617722
0.30900001 64774.64726673  3614.42548861
0.31000001 63678.28306717  3267.65125030
0.31100001 62596.12416773  3515.39849970
0.31200001 61529.90554843  3177.71212250
0.31300001 60478.01633415  2848.51470420
0.31400001 59442.09900679  2808.63931105
0.31500001 58420.22429765  3322.94251538
0.31600002 57413.52275816  4914.02364554
0.31700002 56421.34888512  3498.68801002
0.31800002 55443.85798629  3183.58647631
0.31900002 54481.08295557  3138.11052683
0.32000002 53532.69876298  2835.35952423
0.32100002 52598.00218963  3810.72543908
0.32200002 51678.92406313  3505.38158518
0.32300002 50772.33837829  2961.04291443
0.32400002 49880.45274896  2674.83940532
0.32500002 49002.46744892  3594.33115758
0.32600002 48138.76431298  3541.80975204
0.32700002 47288.09442098  3024.54666239
0.32800002 46452.20071790  2750.89945678
0.32900002 45629.03382384  2484.50100936
0.33000002 44820.22446191  2447.85667490
0.33100002 44022.45295962  2630.78191345
0.33200002 43241.14217992  4103.80079292
0.33300002 42471.53850199  2766.17143363
0.33400002 41715.36087347  2515.43637979
0.33500002 40971.46528875  2477.95433801
0.33600002 40241.25892321  2237.61530839
0.33700002 39523.03225331  3005.72674521
0.33800002 38818.52654250  2171.31438498
0.33900002 38125.49203200  2138.84020429
0.34000002 37445.62138197  3064.54979903
0.34100002 36777.71194434  2264.03605452
0.34200002 36122.71718726  2044.36527603
0.34300002 35479.03257371  2379.93361776
0.34400002 34848.45101232  2524.77039541
0.34500002 34229.05222107  1954.13668385
0.34600002 33622.37633791  1750.04477127
0.34700002 33025.81419733  2585.92137412
0.34800002 32442.35178925  2377.70007525
0.34900002 31869.73974557  1673.16141589
0.35000002 31308.63103562  2142.91935273
0.35100002 30759.33924281  1948.91182673
0.35200002 30219.91210264  1760.15886378
0.35300002 29692.01132140  2049.63963859
0.35400002 29175.35117639  1864.30502847
0.35500002 28669.49696061  2296.42681531
0.35600002 28173.40300743  1659.55438276
0.35700002 27688.54075800  2081.62459278
0.35800002 27214.33209334  1758.59022317
0.35900002 26750.47237520  1877.88324969
0.36000002 26296.98986763  1708.77848254
0.36100002 25852.80567356  1544.18815602
0.36200002 25419.62663549  1660.91848304
0.36300002 24995.38514429  1364.74809352
0.36400002 24580.92158492  1480.38607257
0.36500002 24175.94433145  1459.98534733
0.36600002 23780.76986768  1570.95773187
0.36700002 23394.43952910  1678.78506013
0.36800002 23018.70595093  1783.71960863
0.36900002 22651.13560495  1508.56570275
0.37000002 22292.13262450  2108.94730684
0.37100002 21941.99247694  1591.67220967
0.37200002 21601.35941037  1329.45572789
0.37300002 21268.73197420  1670.44628838
0.37400002 20944.71993792  1531.58271801
0.37500002 20629.43027697  1163.49992274
0.37600002 20322.59423265  1264.16703413
0.37700002 20023.15823443  1248.84443824
0.37800002 19731.76217176  1570.45102565
0.37900002 19448.91727643  1108.58833727
0.38000002 19173.73786471  1095.77917088
0.38100002 18905.22462366  1083.26942225
0.38200002 18645.19543312  1285.39983405
0.38300002 18391.95227637  1377.18945170
0.38400002 18146.71469449  1571.95923488
0.38500002 17907.70559214  1036.85620291
0.38600002 17676.73418535  1128.74791488
0.38700002 17451.92776768  1320.41291746
0.38800002 17234.30593756  1005.62179910
0.38900002 17022.56841183  1194.98435912
0.39000002 16818.80656889  1282.34996760
0.39100002 16620.35349417  1270.45988128
0.39200002 16428.75209330  1259.01747632
0.39300002 16243.14240027  1343.95766587
0.39400002 16064.77079877  1237.38902940
0.39500002 15891.19638209  1510.29937571
0.39600002 15723.79832677  1123.62268167
0.39700002 15561.99270700  1114.86121035
0.39800002 15406.23279335  1014.26938400
0.39900002 15255.68722895  1373.01191566
0.40000002 15110.49006051  999.78562222
0.40100002 14971.07988358  902.75615975
0.40200002 14836.85003175  1255.64267768
0.40300002 14707.21488614  980.38299076
0.40400002 14583.01356033  1063.10173892
0.40500002 14463.91502656  1145.10820691
0.40600002 14349.52904421  1489.26594242
0.40700002 14239.81791772  1132.91996721
0.40800002 14134.69267920  953.87978065
0.40900002 14034.04080325  1035.71226035
0.41000002 13938.27030220  945.22384533
0.41100002 13846.38379645  1112.41852692
0.41200002 13758.51643973  1193.27618736
0.41300002 13675.56045027  849.25234420
0.41400002 13595.96373343  1184.88829551
0.41500002 13520.62400186  928.05567546
0.41600002 13448.57465214  841.20838435
0.41700002 13380.68666785  1090.65982198
0.41800002 13317.39858692  1004.39824902
0.41900002 13255.75545132  1002.13515961
0.42000002 13198.72786501  1000.19964500
0.42100002 13145.54768208  1248.16981156
0.42200002 13095.54412693  997.09477707
0.42300002 13048.16323780  912.84954337
0.42400002 13003.99066355  994.80533290
0.42500002 12963.29751503  1242.53212569
0.42600002 12924.65970978  827.82449364
0.42700002 12890.30829532  1075.82518131
0.42800002 12857.80160700  992.87948714
0.42900002 12829.12734511  1075.72237886
0.43000002 12802.52954270  910.45193157
0.43100002 12777.70170666  1159.19315376
0.43200002 12756.47879005  1159.94667135
0.43300002 12737.52130843  1160.89774706
0.43400002 12720.80624708  996.03917635
0.43500002 12706.36171397  830.99609547
0.43600002 12694.51826952  915.33828320
0.43700002 12684.23931041  1000.02547462
0.43800002 12676.07021147  834.71926298
0.43900002 12670.61059922  1170.76447485
0.44000002 12666.66174020  1173.05959935
0.44100002 12664.92284737  839.68442457
0.44200002 12664.77005208  1262.36101476
0.44300002 12666.70670478  1349.76433043
0.44400002 12670.50972214  1014.90787684
0.44500002 12674.70808417  1017.52561322
0.44600002 12681.21666635  935.30317955
0.44700002 12690.05790411  1023.32631788
0.44800002 12699.03706157  855.28018663
0.44900002 12711.01981358  1115.39204150
0.45000002 12723.68274302  860.75717836
0.45100002 12737.39933913  1295.39357418
0.45200002 12752.62913065  1299.81178574
0.45300002 12768.78929981  1565.19826655
0.45400002 12786.61381129  1221.76100757
0.45500002 12805.39512609  1138.65578858
0.45600002 12825.14047203  1142.91244733
0.45700002 12845.92036317  1059.01772493
0.45800002 12867.35345671  885.91732748
0.45900002 12889.87415524  978.34149475
0.46000002 12913.90435599  982.29618139
0.46100002 12937.77650614  1165.56434068
0.46200002 12963.24135441  1170.38630115
0.46300002 12989.50751194  1175.29069538
0.46400002 13015.65903844  1361.76339144
0.46500002 13043.15216560  1094.05965550
0.46600002 13070.90719070  1190.30221974
0.46700002 13099.07908693  919.55539549
0.46800002 13128.72660008  1200.68774812
0.46900002 13157.82237928  1205.91447822
0.47000002 13187.77216813  1118.05937741
0.47100002 13218.23352978  1029.43607609
0.47200002 13249.26016052  1128.04206353
0.47300002 13280.72980985  1227.53791451
0.47400002 13311.86101058  1043.31715615
0.47500002 13343.67537412  1333.83385362
0.47600002 13376.18159036  1339.89217341
0.47700002 13408.17638046  1538.18606727
0.47800002 13440.47283996  1158.83762319
0.47900002 13473.58695522  1164.11796811
0.48000002 13506.29353288  1169.37494950
0.48100002 13540.14307371  1272.63810782
0.48200002 13572.14543897  983.30198366
0.48300002 13604.80412345  1185.25059141
0.48400002 13637.94838378  1289.80902953
0.48500002 13671.34615016  1096.30529975
0.48600002 13704.53555197  1301.45128038
0.48700002 13737.76584903  1206.72540938
0.48800002 13770.10731265  1212.04490311
0.48900002 13803.14055591  1318.89014263
0.49000002 13835.54116335  1018.98765498
0.49100002 13868.78677954  1125.86816413
0.49200002 13900.95980943  1027.97602663
0.49300002 13933.05785527  1135.68359962
0.49400002 13965.18255751  1140.60633945
0.49500002 13996.66908605  1145.48745230
0.49600002 14028.78473136  1045.84595130
0.49700002 14059.76472173  1050.26447450
0.49800002 14090.87116028  1582.05263451
0.49900002 14121.36218186  1588.65332076
0.50000002 14151.90645890  1063.51582080
