# SAXS profile: number of points = 501, q_min = 0, q_max = 0.5, delta_q = 0.001
#    q    intensity    error
0.00000000 1682732.95097188 328.13292544
0.00100000 1682646.13787803 555.27323869
0.00200000 1682385.66928641 908.48829018
0.00300000 1681951.75939435 1513.75663738
0.00400000 1681344.28106847 1387.10908459
0.00500000 1680563.90630038 1966.25984820
0.00600000 1679610.43638044 2469.02744200
0.00700000 1678484.66503037 2618.43618627
0.00800000 1677186.35572680 2717.04201099
0.00900000 1675716.88692085 3770.36315675
0.01000000 1674075.66289411 3038.44745935
0.01100000 1672264.30339965 4214.10622805
0.01200000 1670282.68002512 4234.16677951
0.01300000 1668132.12492878 4554.00090191
0.01400000 1665812.85738522 4122.88700480
0.01500000 1663326.23883297 4391.18146605
0.01600000 1660672.18335716 7622.48566236
0.01700000 1657852.80225525 5819.06359695
0.01800000 1654868.55628378 5188.01315740
0.01900000 1651720.43299838 4955.16152258
0.02000000 1648409.14807614 7788.73357699
0.02100000 1644937.50370266 6513.95281000
0.02200000 1641304.15892059 6228.74956609
0.02300000 1637512.14538220 6484.54839088
0.02400000 1633562.13949470 7963.61579316
0.02500000 1629456.39638635 6354.88023614
0.02600000 1625195.53189374 7898.45064627
0.02700000 1620781.18717271 7488.00942770
0.02800000 1616214.06861308 11248.85043341
0.02900000 1611497.50347560 7976.91300846
0.03000000 1606631.93887375 8965.00663099
0.03100000 1601619.15480636 11531.65844521
0.03200000 1596460.25020959 10273.22218326
0.03300000 1591159.38697736 9737.89589722
0.03400000 1585715.43055584 10822.50831290
0.03500000 1580131.82337641 13652.33958441
0.03600000 1574409.61187929 9611.77112472
0.03700000 1568551.84448512 9834.82051976
0.03800000 1562559.77994154 10055.07264927
0.03900000 1556436.08534824 10272.47863902
0.04000000 1550180.96025948 10486.97468211
0.04100000 1543798.17741306 13616.30055612
0.04200000 1537289.81227246 11898.62369900
0.04300000 1530657.18770208 12122.80548932
0.04400000 1523903.04075752 15429.51900425
0.04500000 1517030.24467941 13607.76192706
0.04600000 1510039.13655242 13839.50932986
0.04700000 1502933.56512343 11903.23438937
0.04800000 1495715.25994841 14291.55997377
0.04900000 1488387.01657216 15628.06440146
0.05000000 1480950.41720881 15860.97970689
0.05100000 1473409.53225533 14940.37335305
0.05200000 1465763.46845215 11652.82011723
0.05300000 1458017.82733372 11809.94495196
0.05400000 1450173.13981375 14356.71475367
0.05500000 1442233.70769450 13326.24008076
0.05600000 1434199.47016617 13488.64664635
0.05700000 1426076.31396454 13647.55096169
0.05800000 1417863.12931509 16312.51606444
0.05900000 1409563.73122518 16491.89642560
0.06000000 1401182.14515395 15384.98067256
0.06100000 1392719.64033152 14247.52258640
0.06200000 1384178.93705374 15696.58987990
0.06300000 1375563.28716955 15846.48980910
0.06400000 1366872.40958413 19990.50992506
0.06500000 1358112.35862023 18823.43817100
0.06600000 1349284.71120402 14916.34318027
0.06700000 1340390.15684262 15039.17826359
0.06800000 1331433.35291834 17914.43660207
0.06900000 1322417.86859877 19439.54357854
0.07000000 1313343.20165272 25176.79035467
0.07100000 1304213.43114070 22536.80914568
0.07200000 1295031.13000518 14180.59153787
0.07300000 1285799.12321748 21408.55640468
0.07400000 1276520.84492171 14360.86017838
0.07500000 1267196.31690524 23113.66190375
0.07600000 1257829.42069497 18886.30963714
0.07700000 1248423.58962998 14606.55668355
0.07800000 1238980.41078198 19086.49412318
0.07900000 1229501.15881286 16229.41605755
0.08000000 1219991.46384964 17787.47637736
0.08100000 1210452.26125967 16377.41986324
0.08200000 1200884.43016661 14951.01185715
0.08300000 1191292.03019867 15010.28028497
0.08400000 1181677.75447981 15066.39207681
0.08500000 1172043.41327005 15119.36074096
0.08600000 1162391.65674390 21236.89656582
0.08700000 1152724.92014612 15215.96966044
0.08800000 1143044.25823955 18311.56987698
0.08900000 1133353.72135226 18360.33114829
0.09000000 1123655.47390187 18405.47752712
0.09100000 1113950.93542631 16909.77599421
0.09200000 1104242.39132182 16944.60029100
0.09300000 1094533.92512828 21606.10069735
0.09400000 1084824.17370629 17004.61972202
0.09500000 1075117.64985653 23222.54232842
0.09600000 1065415.84239069 20152.34160614
0.09700000 1055723.64682310 15519.13833790
0.09800000 1046039.45006258 26407.26715844
0.09900000 1036367.91476313 20209.17528817
0.10000000 1026708.21328238 17110.09317899
0.10100000 1017064.05422078 15561.08076144
0.10200000 1007437.91299021 15564.91648781
0.10300000 997830.59437190 17122.77380489
0.10400000 988244.41849361 18677.82038823
0.10500000 978683.50777456 15561.06850575
0.10600001 969144.03503724 17110.23874368
0.10700001 959634.06938075 17100.67992108
0.10800001 950150.39327390 17088.45562724
0.10900001 940698.18193321 21730.12902540
0.11000001 931278.14789512 15505.78189230
0.11100001 921890.49058463 18585.31316506
0.11200001 912539.08629150 17014.29206489
0.11300001 903223.32536846 18534.14350916
0.11400001 893946.46504392 21588.80814731
0.11500001 884709.16948027 16933.33430121
0.11600001 875513.71098110 16901.79298642
0.11700001 866360.97397347 16868.04895766
0.11800001 857251.02405045 22952.89724999
0.11900001 848186.41623179 19847.56307468
0.12000001 839167.86733574 22846.34626439
0.12100001 830198.61678872 21269.68956410
0.12200001 821277.87484946 21213.60850676
0.12300001 812408.04191422 22666.18543731
0.12400001 803588.85025025 16574.02081734
0.12500001 794821.71621820 24035.40983100
0.12600001 786109.89564797 17970.47306134
0.12700001 777451.71279560 17912.48830696
0.12800001 768849.02979413 19340.39825597
0.12900001 760303.43635520 19273.69302001
0.13000001 751815.21343900 16250.48660445
0.13100001 743384.42867042 16190.91361964
0.13200001 735012.90611227 17596.20980182
0.13300001 726702.40212225 17528.06276551
0.13400001 718451.48686238 18913.23628333
0.13500001 710263.18597178 21734.05451546
0.13600001 702135.79157868 23086.22591564
0.13700001 694072.44336881 14367.30025520
0.13800001 686070.69078424 18595.94695061
0.13900001 678134.39049086 15664.90515907
0.14000001 670262.10852381 15593.64869021
0.14100001 662454.52067957 14110.28195596
0.14200001 654712.27955006 15447.93696459
0.14300001 647037.28089324 19566.40829711
0.14400001 639425.45812406 19470.50611830
0.14500001 631882.76044668 22141.17297050
0.14600001 624405.98591624 13768.15263896
0.14700001 616998.58962757 21915.79093748
0.14800001 609655.31345564 17713.53596815
0.14900001 602381.35058367 17619.65533588
0.15000001 595174.82087665 16176.85239470
0.15100001 588036.62022236 20110.85336053
0.15200001 580967.08836634 17333.15389931
0.15300001 573966.72598313 17236.22159463
0.15400001 567032.21507326 14501.84958486
0.15500001 560167.95860942 13107.93085006
0.15600001 553369.40752255 14335.03517841
0.15700001 546643.31221488 12955.44711095
0.15800001 539981.48327176 15454.27078066
0.15900001 533390.39843532 14081.50718335
0.16000001 526865.17044135 16540.93280678
0.16100001 520411.02031159 18968.98258577
0.16200001 514023.53316347 17595.02637078
0.16300001 507703.36349588 13738.45366476
0.16400001 501451.40630183 13652.01518107
0.16500001 495266.08710528 14798.55138136
0.16600001 489149.15430826 15929.14296211
0.16700001 483097.20677894 14608.86022275
0.16800001 477111.63717730 14513.73668822
0.16900001 471194.51796727 12015.46077551
0.17000001 465341.80265333 15516.82314217
0.17100001 459554.57717721 15413.46124637
0.17200001 453833.26401731 12954.67113313
0.17300001 448176.79218386 12867.15631124
0.17400001 442584.89738981 13941.42492618
0.17500001 437056.85250431 18461.28232166
0.17600001 431591.19448626 11458.74675480
0.17700001 426190.76127537 12517.22324985
0.17800001 420851.45811821 15819.80705787
0.17900001 415575.11256361 16830.79285380
0.18000001 410360.82362254 14483.68595390
0.18100001 405209.21459424 13274.65449716
0.18200001 400115.82932313 13179.81604049
0.18300001 395083.94185678 13085.18077243
0.18400001 390111.28256130 12990.70632298
0.18500001 385199.40149991 11821.77019052
0.18600001 380344.93555015 16003.01391931
0.18700001 375548.41465010 20121.88500761
0.18800001 370809.59519241 10512.45252038
0.18900001 366129.27864374 11478.15342779
0.19000001 361501.95214138 16571.25026913
0.19100001 356934.85803734 11307.69683691
0.19200001 352419.79910764 16324.08586600
0.19300001 347962.01017804 11138.26447211
0.19400001 343555.92487129 13063.71466054
0.19500001 339204.77379787 12964.40706719
0.19600001 334906.10361407 10886.12341241
0.19700001 330659.55968007 10802.64832525
0.19800001 326465.17972633 14617.47911305
0.19900001 322322.00951389 10636.62681664
0.20000001 318228.00182744 11513.48965026
0.20100001 314185.66711219 11423.79139611
0.20200001 310190.68859490 13223.42967979
0.20300001 306246.23043391 11245.36211304
0.20400001 302348.82809224 12086.39497426
0.20500001 298498.75703216 11068.33443392
0.20600001 294695.74895841 10065.33378144
0.20700001 290939.28856663 9985.03685559
0.20800001 287227.10068332 9905.02703528
0.20900001 283562.13727759 11611.87007043
0.21000001 279939.87204043 13290.14605338
0.21100001 276362.14619570 8788.31666448
0.21200001 272826.91124262 11331.86629417
0.21300001 269333.89274600 8645.61836587
0.21400001 265883.88987959 10289.70702480
0.21500001 262475.99920366 12756.33416439
0.21600001 259107.84634257 9277.35687692
0.21700001 255780.28668841 9200.41734717
0.21800001 252492.93798800 8294.39340507
0.21900001 249243.38831207 12337.54830479
0.22000001 246032.13417766 10602.75532371
0.22100001 242860.98814777 10513.45267403
0.22200001 239727.15941878 8018.87386173
0.22300001 236628.82754165 11131.02057389
0.22400001 233566.32041110 11036.00916128
0.22500001 230542.79585172 10160.02149362
0.22600001 227552.10014099 8522.96431382
0.22700001 224598.44772668 8449.39400304
0.22800001 221677.70360213 12183.40716613
0.22900001 218790.23064378 8303.08964559
0.23000001 215937.39319437 9726.90033644
0.23100001 213118.04708944 9641.46090630
0.23200001 210329.53796663 11761.62831934
0.23300001 207573.80298148 9471.59307800
0.23400001 204850.19776192 7943.06679389
0.23500001 202155.86083652 7871.94959329
0.23600001 199493.84798524 9219.60862070
0.23700001 196861.26173457 7730.74211396
0.23800001 194258.91766247 8357.01903312
0.23900001 191685.32203434 8970.87349553
0.24000001 189140.64359249 7521.17804821
0.24100001 186625.91757075 7451.97324109
0.24200001 184138.21002376 9396.57330199
0.24300001 181679.03754536 8644.28901531
0.24400001 179246.67639440 7246.04723601
0.24500001 176841.22333667 7177.98559479
0.24600001 174463.15659531 6463.86025763
0.24700001 172111.19955237 7683.04431147
0.24800001 169785.12246658 6975.62208653
0.24900001 167483.94283831 10049.03704569
0.25000001 165209.29149745 8086.16915488
0.25100001 162958.24645580 6775.80420819
0.25200001 160733.66924387 7319.81164366
0.25300001 158533.12274753 8456.15716742
0.25400001 156356.43609887 6578.69736011
0.25500001 154203.12034723 7697.82013193
0.25600001 152074.04609495 6448.70022976
0.25700001 149967.24916581 6964.47938077
0.25800001 147884.47491107 6894.37454655
0.25900001 145824.28836818 7393.29177008
0.26000001 143786.32626529 6755.08192756
0.26100001 141770.22762315 7243.04127198
0.26200001 139776.87441279 10476.97611735
0.26300001 137804.57139752 6548.47354267
0.26400001 135854.05223886 7560.27836483
0.26500001 133925.34325330 5877.98359353
0.26600001 132016.62532518 5287.26609446
0.26700001 130129.98487576 5754.34820350
0.26800001 128264.32056153 5175.46557957
0.26900001 126417.76968967 6655.89588913
0.27000001 124592.39511555 5571.14921123
0.27100001 122786.70213666 6512.60698952
0.27200001 121002.40821311 4955.04885082
0.27300001 119236.80493826 7350.94937232
0.27400001 117489.01178099 5331.06416185
0.27500001 115763.55772082 4792.61151645
0.27600001 114055.18299880 4738.99307788
0.27700001 112367.28556356 5622.85923571
0.27800001 110697.33137303 7412.29365954
0.27900001 109047.62993454 4580.00067401
0.28000001 107414.95597777 4980.29466962
0.28100001 105801.53607859 5370.48622553
0.28200001 104207.12427273 4865.95189822
0.28300001 102630.47854042 5246.47031130
0.28400001 101071.67332084 5184.97708677
0.28500001 99531.27659276  4696.88116472
0.28600001 98008.52530724  4641.19393560
0.28700001 96503.63225714  5419.64424409
0.28800001 95015.55205872  4942.70925205
0.28900001 93546.89335910  6103.93508060
0.29000001 92093.84447328  4019.89650154
0.29100001 90659.23912060  4367.96234759
0.29200001 89241.56769380  4706.60050296
0.29300001 87840.93149009  5035.92084071
0.29400001 86456.68528979  6121.13360827
0.29500001 85090.49656541  5289.22551688
0.29600001 83740.41325005  5222.88982164
0.29700001 82406.85807973  5525.38009581
0.29800001 81089.89510943  4727.94655817
0.29900001 79790.11870469  3949.61106285
0.30000001 78506.02552098  3544.54722007
0.30100001 77239.22321799  5248.40546612
0.30200001 75986.99103652  4144.33068733
0.30300001 74752.27376018  4431.31499829
0.30400001 73533.52497295  5046.23839017
0.30500001 72330.32730126  4979.94327045
0.30600001 71142.26534024  4586.54206362
0.30700001 69971.05875080  3879.19568080
0.30800001 68814.99818206  5103.32050679
0.30900001 67674.86987773  3776.25791796
0.31000001 66550.23798240  3725.48249864
0.31100001 65440.20739952  3062.60185130
0.31200001 64346.24302590  3323.16187841
0.31300001 63266.81631941  2979.86718973
0.31400001 62203.83683492  3233.04457257
0.31500001 61154.78114145  4348.10514503
0.31600002 60121.26310460  3144.64281558
0.31700002 59102.40039192  3946.85848505
0.31800002 58098.32945357  2780.00519598
0.31900002 57108.98263876  2741.23129646
0.32000002 56134.77711918  4324.62343403
0.32100002 55174.20117869  3464.38825605
0.32200002 54229.30441834  3152.89190817
0.32300002 53297.12994572  4144.38502082
0.32400002 52379.62424149  2808.85748295
0.32500002 51476.36567873  2517.19440088
0.32600002 50587.71679274  2977.59315142
0.32700002 49712.28407024  2935.01339049
0.32800002 48851.49196392  2892.98549110
0.32900002 48003.79445848  2376.18793822
0.33000002 47170.81333156  2576.23409210
0.33100002 46348.83482945  2769.80650057
0.33200002 45543.38856433  2274.89236652
0.33300002 44749.85726381  3138.75513712
0.33400002 43970.21362382  2209.50333923
0.33500002 43202.49109994  2177.40565455
0.33600002 42449.16314187  2145.80529844
0.33700002 41707.53376272  2960.40088667
0.33800002 40979.92393511  2292.21215386
0.33900002 40264.00464677  2464.15720108
0.34000002 39561.30011551  2428.27271609
0.34100002 38870.97133513  2392.89710872
0.34200002 38193.60638541  2554.57948407
0.34300002 37527.30508170  1936.40903392
0.34400002 36874.70586049  2099.09273052
0.34500002 36233.33352380  2068.56110884
0.34600002 35604.95116493  3150.50425304
0.34700002 34986.62814110  2008.93228301
0.34800002 34381.64959404  2879.80710639
0.34900002 33787.71600250  1773.85517414
0.35000002 33205.24167149  1748.25605680
0.35100002 32634.97242887  1723.12662586
0.35200002 32074.50691725  1698.34522171
0.35300002 31525.82884144  2176.22806800
0.35400002 30988.62548041  2145.18770049
0.35500002 30462.32077093  1789.35680684
0.35600002 29945.81599067  2405.39778338
0.35700002 29440.52616065  1897.14759565
0.35800002 28946.65579878  1714.65523746
0.35900002 28462.68377000  1998.08049529
0.36000002 27989.32456792  2121.87079600
0.36100002 27525.50289090  2540.87929221
0.36200002 27072.97259598  1621.53577044
0.36300002 26629.19620611  1890.14043624
0.36400002 26195.55811899  1577.62756244
0.36500002 25771.41777632  1414.85090294
0.36600002 25357.36151954  1535.51509955
0.36700002 24951.99845180  1928.29053170
0.36800002 24557.79357445  1495.20133261
0.36900002 24171.49724078  1743.97360853
0.37000002 23794.17001406  1456.56018641
0.37100002 23425.57878155  1699.29156531
0.37200002 23067.01070473  1677.77910308
0.37300002 22716.38904796  1529.26738315
0.37400002 22374.36616180  1761.98141871
0.37500002 22041.31912066  1491.75654875
0.37600002 21716.78991062  2087.74369696
0.37700002 21399.97420989  1577.39217374
0.37800002 21091.18630706  1558.74419786
0.37900002 20791.08364265  1185.09182377
0.38000002 20498.76447143  1288.65488954
0.38100002 20213.28569039  1274.04345742
0.38200002 19936.54641102  1488.96103924
0.38300002 19666.34299177  1132.78140999
0.38400002 19404.75887535  1120.62487814
0.38500002 19148.86478656  1552.20705313
0.38600002 18901.66325245  1206.96576416
0.38700002 18660.66831215  1086.05094722
0.38800002 18426.72985345  1075.19973789
0.38900002 18199.20161567  1703.44535193
0.39000002 17979.50608795  1476.29731482
0.39100002 17765.05750970  1253.50251727
0.39200002 17557.82761456  1138.53738561
0.39300002 17356.65565401  1230.93407730
0.39400002 17162.86171576  1016.89960484
0.39500002 16974.02270445  1310.73409534
0.39600002 16791.23373501  1099.90981792
0.39700002 16614.35954009  1289.44050500
0.39800002 16443.55746970  1082.56165731
0.39900002 16278.10559746  1269.69229676
0.40000002 16118.05288597  1260.35120513
0.40100002 15963.78192767  1058.87770543
0.40200002 15815.25831140  1147.23889226
0.40300002 15671.05309484  1044.63244880
0.40400002 15532.53725641  1509.76269286
0.40500002 15399.14726696  1219.15054689
0.40600002 15270.44477503  1118.71283722
0.40700002 15146.56931668  1668.54615498
0.40800002 15027.76895354  1290.73513658
0.40900002 14913.15307037  1100.59074874
0.41000002 14803.47930260  1460.21526760
0.41100002 14697.90937022  1180.83009475
0.41200002 14596.49955689  1085.10382847
0.41300002 14499.81775331  1170.57034269
0.41400002 14406.88154165  986.51126031
0.41500002 14318.37391759  982.81323227
0.41600002 14232.97203773  1246.38142040
0.41700002 14151.91347923  976.05751891
0.41800002 14075.56160348  884.64908870
0.41900002 14000.84507138  882.05328129
0.42000002 13931.08275614  1319.62187661
0.42100002 13864.98988230  1404.24624182
0.42200002 13802.30192314  1313.63414778
0.42300002 13742.33270312  961.41364147
0.42400002 13685.60682973  1221.44046743
0.42500002 13632.32049391  871.10532084
0.42600002 13581.34837832  1478.80518825
0.42700002 13534.63939267  1042.70866822
0.42800002 13489.71433487  868.06315858
0.42900002 13448.99030620  1040.95189903
0.43000002 13410.23921194  953.66920675
0.43100002 13373.27660617  1039.90603817
0.43200002 13340.11019177  1472.94833662
0.43300002 13309.23649287  1213.00387144
0.43400002 13280.83624085  1039.88952694
0.43500002 13254.59447829  1040.22062395
0.43600002 13230.94804058  1127.47529071
0.43700002 13209.18696401  1214.98107453
0.43800002 13189.36612240  955.37178035
0.43900002 13172.49346631  1043.26153197
0.44000002 13157.06711408  1479.57805243
0.44100002 13143.98144303  1220.02441536
0.44200002 13132.68498272  872.66695846
0.44300002 13123.21997138  1136.20843897
0.44400002 13115.94360658  1138.13606040
0.44500002 13109.20177298  877.00564017
0.44600002 13104.45368000  1142.24975915
0.44700002 13102.49209106  1320.73126537
0.44800002 13100.27779663  1235.22525198
0.44900002 13101.44499332  1061.21709475
0.45000002 13103.31746326  975.08341524
0.45100002 13106.20856404  1066.32117931
0.45200002 13110.78981732  1247.22949443
0.45300002 13116.23989626  1161.18077305
0.45400002 13123.43444756  985.24188784
0.45500002 13131.67419520  1257.48918053
0.45600002 13140.89907158  1080.97040886
0.45700002 13151.23562435  993.83892323
0.45800002 13162.31897562  996.84827486
0.45900002 13174.48571367  1363.55933599
0.46000002 13188.39320921  1094.37292037
0.46100002 13201.90499961  1006.38126582
0.46200002 13217.32375220  1285.12044933
0.46300002 13233.37435557  1105.25147856
0.46400002 13249.49891291  1016.56785227
0.46500002 13266.86499188  927.35390688
0.46600002 13284.84522913  1023.66379765
0.46700002 13302.95521333  1680.96150043
0.46800002 13322.79753577  1124.71062128
0.46900002 13342.08745261  1128.74065199
0.47000002 13362.21422742  944.04047991
0.47100002 13382.98033498  1042.26655789
0.47200002 13404.32210286  1046.14036810
0.47300002 13426.09765991  1431.89338330
0.47400002 13447.56415045  958.13899113
0.47500002 13469.87105746  1346.44837472
0.47600002 13493.02225973  1255.05352498
0.47700002 13515.49064731  1065.96679788
0.47800002 13538.47141125  1264.56098211
0.47900002 13562.13890554  1074.12145223
0.48000002 13585.60051477  1372.28157304
0.48100002 13610.33402939  1082.42991666
0.48200002 13633.10269508  987.71833708
0.48300002 13656.69848160  1586.36217081
0.48400002 13680.50433113  1194.30808472
0.48500002 13704.94202522  1198.90838519
0.48600002 13729.29008113  1404.09456315
0.48700002 13753.56482915  1510.14148982
0.48800002 13776.92844833  1212.64529950
0.48900002 13801.18919969  1014.38745426
0.49000002 13824.84791831  1425.48013643
0.49100002 13849.29530709  1430.90925895
0.49200002 13872.81781846  1025.89492630
0.49300002 13896.20028284  1029.70848977
0.49400002 13919.88268447  1446.97187364
0.49500002 13942.67167157  1452.26875015
0.49600002 13966.34346352  1249.42914547
0.49700002 13989.04008413  1358.47574696
0.49800002 14011.66392695  1363.40502304
0.49900002 14033.97308483  1684.07685001
0.50000002 14056.24578754  1267.59230521
