# SAXS profile: number of points = 501, q_min = 0, q_max = 0.5, delta_q = 0.001
#    q    intensity    error
0.00000000 1682732.95097188 302.89193117
0.00100000 1682646.05447165 706.71135966
0.00200000 1682385.33490342 908.48810962
0.00300000 1681951.00952151 1110.08770583
0.00400000 1681342.95910161 1261.00726724
0.00500000 1680561.81633750 1815.00683348
0.00600000 1679607.44749304 2116.30547000
0.00700000 1678480.60771401 2618.42985686
0.00800000 1677181.02865917 2717.03338114
0.00900000 1675710.18050117 3267.63499166
0.01000000 1674067.38739332 3314.65357016
0.01100000 1672254.32978665 3612.06950961
0.01200000 1670270.82082678 4559.83954078
0.01300000 1668118.21142688 3853.35323835
0.01400000 1665796.70964775 3748.04276286
0.01500000 1663307.82201461 5189.52063577
0.01600000 1660651.25934749 4234.66090064
0.01700000 1657829.21682183 5818.98081208
0.01800000 1654842.19088217 5659.56054748
0.01900000 1651691.06142696 4955.07340787
0.02000000 1648376.77375440 6230.86448665
0.02100000 1644901.94742755 7599.44734166
0.02200000 1641265.22067099 7361.07484914
0.02300000 1637469.73812817 5894.89132559
0.02400000 1633516.05066047 6738.25401622
0.02500000 1629406.64892683 8261.09208735
0.02600000 1625141.83545337 9214.55462848
0.02700000 1620723.55657109 8849.15102418
0.02800000 1616152.31534234 12654.47320946
0.02900000 1611431.49141072 10152.01886201
0.03000000 1606561.63661780 11205.76793049
0.03100000 1601544.40675450 10762.37890860
0.03200000 1596380.99989596 8692.29494478
0.03300000 1591075.60088771 12171.72890791
0.03400000 1585626.79756649 14151.71982125
0.03500000 1580038.42811513 10238.64948699
0.03600000 1574311.28927547 11358.65647705
0.03700000 1568448.50741969 8940.15690575
0.03800000 1562451.43168077 10054.37542818
0.03900000 1556322.61805961 12139.31698304
0.04000000 1550062.19372069 15252.61269300
0.04100000 1543674.21874453 10697.66283191
0.04200000 1537160.50755934 13880.56002722
0.04300000 1530522.47640393 10101.44881315
0.04400000 1523762.93001707 17485.18043399
0.04500000 1516884.70394490 12559.80593225
0.04600000 1509887.99484659 17031.53737361
0.04700000 1502776.84896114 14065.99196046
0.04800000 1495553.15519027 17587.70592336
0.04900000 1488219.23841001 11161.64480762
0.05000000 1480777.08193634 12460.73972474
0.05100000 1473230.48054128 17236.79742529
0.05200000 1465578.80135439 17477.02802060
0.05300000 1457827.43367687 12989.24303959
0.05400000 1449977.23844533 14354.77533003
0.05500000 1442032.13834152 16958.29873799
0.05600000 1433992.40889823 15938.82636868
0.05700000 1425863.64311101 14886.01712894
0.05800000 1417644.81085461 18819.23574281
0.05900000 1409339.89473625 16489.27753856
0.06000000 1400952.96590326 16664.33630796
0.06100000 1392484.86203784 19425.16473319
0.06200000 1383938.77169361 13078.22200383
0.06300000 1375317.96027889 15843.66364319
0.06400000 1366621.76282090 13324.56281065
0.06500000 1357856.41245855 17475.61284581
0.06600000 1349023.53373508 14913.45586322
0.06700000 1340123.92930374 13669.26471861
0.06800000 1331162.32036547 16533.03679284
0.06900000 1322141.91064491 15270.73978291
0.07000000 1313062.19153155 20976.16949200
0.07100000 1303927.89648497 16898.90632995
0.07200000 1294740.79113222 18430.63602518
0.07300000 1285504.43331117 21403.64981751
0.07400000 1276221.68060740 18664.74295359
0.07500000 1266893.09245190 15886.84012400
0.07600000 1257521.88797511 20334.12988183
0.07700000 1248112.06408189 18983.78538481
0.07800000 1238664.95594190 20549.45258277
0.07900000 1229182.00700921 19175.24020873
0.08000000 1219668.83189023 17782.77240317
0.08100000 1210125.96255494 14884.55003778
0.08200000 1200555.02831428 20925.67512546
0.08300000 1190959.26685602 15006.08746665
0.08400000 1181342.00526988 24099.37803870
0.08500000 1171704.87133634 21160.99096974
0.08600000 1162050.65874243 16681.23798946
0.08700000 1152381.12101979 16732.57466293
0.08800000 1142698.48732312 16780.52807442
0.08900000 1133005.94708793 21413.81340576
0.09000000 1123305.74109029 18399.74890340
0.09100000 1113599.53372572 15367.67428741
0.09200000 1103889.45279218 20019.03616702
0.09300000 1094179.69012455 24684.69496920
0.09400000 1084468.74007087 15453.68027229
0.09500000 1074761.43571286 17024.22194188
0.09600000 1065058.97917413 20145.59153808
0.09700000 1055366.34504402 23270.82900225
0.09800000 1045681.99888339 24845.40546164
0.09900000 1036010.57871663 21756.22317608
0.10000000 1026350.86487200 24878.74613447
0.10100000 1016707.39672315 20222.31107191
0.10200000 1007081.84028112 17115.35668062
0.10300000 997475.27673429 21784.86106865
0.10400000 987890.72580288 17115.20762972
0.10500000 978331.22302556 21777.65404917
0.10600001 968793.29794986 20213.87311286
0.10700001 959285.31501147 17094.46511793
0.10800001 949803.89602804 17082.22387398
0.10900001 940354.16157431 18619.01327549
0.11000001 930936.71336951 21700.13581006
0.11100001 921551.95320246 17030.28089685
0.11200001 912203.86123934 17008.04179350
0.11300001 902891.56939052 23159.16984522
0.11400001 893618.22268884 20039.38958734
0.11500001 884385.39204605 16927.13720083
0.11600001 875194.05931331 16895.62211068
0.11700001 866045.53167879 21460.60928569
0.11800001 856940.62223136 15296.39082726
0.11900001 847880.93513164 22892.78632684
0.12000001 838867.72874363 18270.53999267
0.12100001 829904.26073894 19743.42329305
0.12200001 820989.38598582 15147.25488505
0.12300001 812125.68793848 24168.86161175
0.12400001 803313.01015571 21086.96751015
0.12500001 794552.50167495 18020.45158712
0.12600001 785847.47506189 22455.59265808
0.12700001 777196.69333735 16414.39493684
0.12800001 768601.46335634 16359.68291856
0.12900001 760063.47709734 23713.98160313
0.13000001 751583.35575099 22152.92045494
0.13100001 743160.85155591 16186.04410986
0.13200001 734797.98503943 17591.06459109
0.13300001 726496.28952825 17523.09132951
0.13400001 718254.60528696 21816.98466417
0.13500001 710075.48998928 14485.54067875
0.13600001 701957.78508740 21637.84974556
0.13700001 693904.13460883 17236.57951644
0.13800001 685912.64298822 15731.40720876
0.13900001 677986.62279478 21356.57962517
0.14000001 670125.09263227 19842.40492862
0.14100001 662328.42068668 14107.59602598
0.14200001 654597.20880609 16849.33294937
0.14300001 646933.42823311 20960.64406342
0.14400001 639333.45339131 16686.60392062
0.14500001 631802.36086230 17987.41406225
0.14600001 624337.75802108 13766.64821380
0.14700001 616942.62318135 16435.35225691
0.14800001 609611.90275045 14987.30933620
0.14900001 602350.73368869 14908.18136217
0.15000001 595157.09544278 21568.49415651
0.15100001 588032.04766267 14747.84445126
0.15200001 580975.74658194 16000.07281586
0.15300001 573989.01621354 15910.97628026
0.15400001 567068.37748175 13184.34039863
0.15500001 560218.02298314 14420.01259211
0.15600001 553433.84460508 16943.37795223
0.15700001 546721.99629671 14253.04311615
0.15800001 540074.80285300 20609.25544960
0.15900001 533498.41933451 14084.35893522
0.16000001 526988.19748192 17817.47179789
0.16100001 520549.22972382 15179.21625527
0.16200001 514176.87279139 16343.11267317
0.16300001 507872.32616595 12493.65981348
0.16400001 501635.81932241 16140.13324867
0.16500001 495466.32308494 14804.53443272
0.16600001 489365.15018454 14710.31710907
0.16700001 483329.29541633 14615.87858347
0.16800001 477359.94539731 15731.39774335
0.16900001 471459.08410117 13224.42793347
0.17000001 465622.71593020 11943.22322756
0.17100001 459852.02785572 14237.01945470
0.17200001 454147.42367145 16499.17668112
0.17300001 448507.66419613 11706.05058833
0.17400001 442932.72853378 15115.08007504
0.17500001 437421.49623162 17321.89206884
0.17600001 431972.88926739 11468.88075171
0.17700001 426589.54546019 14806.92382226
0.17800001 421267.37682511 13573.23552240
0.17900001 416008.39008794 12355.44976920
0.18000001 410811.17509111 15614.93350278
0.18100001 405676.98935224 16612.47349869
0.18200001 400600.99757269 12096.14769310
0.18300001 395586.60270930 15285.46705076
0.18400001 390631.49485660 15176.03429211
0.18500001 385737.33354697 11838.27932582
0.18600001 380900.21429193 13889.52697034
0.18700001 376121.26799722 13788.60633622
0.18800001 371399.93058068 16846.70164708
0.18900001 366737.49833718 12542.42303573
0.19000001 362127.52209578 14524.93559755
0.19100001 357578.02235747 12357.89703659
0.19200001 353080.51517032 10221.68139717
0.19300001 348640.15738746 13189.05777719
0.19400001 344251.65015439 13090.16961568
0.19500001 339917.80795624 10992.94242878
0.19600001 335636.59775285 10909.86812552
0.19700001 331407.41931737 10827.08090076
0.19800001 327230.28444136 10744.60689741
0.19900001 323104.41318166 16478.32585103
0.20000001 319027.67322742 12504.29024312
0.20100001 315002.32147252 16225.77034592
0.20200001 311024.44938887 11364.83391781
0.20300001 307096.82224867 15035.46112794
0.20400001 303216.39791101 9323.90467646
0.20500001 299383.00354282 12026.21582076
0.20600001 295596.60352245 11931.75746517
0.20700001 291856.59685101 16390.66725392
0.20800001 288160.68832132 11743.98940768
0.20900001 284512.22583658 12546.98975251
0.21000001 280905.96890965 10668.80920353
0.21100001 277344.15945310 10583.45362505
0.21200001 273824.84012163 8748.70405548
0.21300001 270347.41547424 13017.22867048
0.21400001 266912.88726838 9468.73512349
0.21500001 263520.43120199 11953.28732444
0.21600001 260167.48685602 15243.21377557
0.21700001 256855.02022699 10078.99147024
0.21800001 253582.29914422 11662.25048904
0.21900001 250347.46925768 10739.90693895
0.22000001 247150.89070759 10650.96813865
0.22100001 243993.76560879 9749.99133474
0.22200001 240874.03340635 10474.40783795
0.22300001 237789.50046728 10386.64587155
0.22400001 234740.88966878 8714.75594104
0.22500001 231730.58415743 8641.23389185
0.22600001 228752.98740939 8567.94354858
0.22700001 225812.40350278 13128.73376050
0.22800001 222904.40539802 9953.79669376
0.22900001 220029.44599828 9109.21949511
0.23000001 217188.85374345 8278.15355192
0.23100001 214381.57596529 7460.47919642
0.23200001 211604.69226148 9614.25964759
0.23300001 208860.50281918 8064.10439524
0.23400001 206148.17779089 8720.06833297
0.23500001 203464.70289238 10803.97623457
0.23600001 200813.58091283 8566.70776692
0.23700001 198191.40453957 9198.06351973
0.23800001 195599.04826800 7713.44883328
0.23900001 193035.43972075 6949.27615864
0.24000001 190500.50766355 7575.25304555
0.24100001 187994.99789234 8189.06249554
0.24200001 185516.54892777 8790.70208676
0.24300001 183065.96251696 8040.25745407
0.24400001 180642.08095149 9294.03550460
0.24500001 178244.76594465 9208.12504429
0.24600001 175874.44617782 6516.14853914
0.24700001 173530.18444673 9037.45243351
0.24800001 171211.46560556 7673.69825146
0.24900001 168917.22407979 6334.39620266
0.25000001 166649.20479151 6901.77714295
0.25100001 164404.54480354 7457.39050509
0.25200001 162186.12913976 6770.46028125
0.25300001 159991.36618498 7314.80560804
0.25400001 157819.97881570 7243.93737036
0.25500001 155671.78128122 5977.79668402
0.25600001 153547.39261183 6511.17749177
0.25700001 151445.22236058 8205.30253572
0.25800001 149366.58369915 5802.89205127
0.25900001 147310.14736244 5745.09601896
0.26000001 145275.88349495 6256.30621873
0.26100001 143262.90323031 6756.27883602
0.26200001 141272.52024194 7245.16154343
0.26300001 139302.62710313 8826.21487089
0.26400001 137354.43921711 8735.74274757
0.26500001 135427.71920929 6484.27950257
0.26600001 133520.64347657 5882.25222671
0.26700001 131635.24054407 7937.60538042
0.26800001 129770.53439271 8377.98609685
0.26900001 127924.56380066 5180.94507910
0.27000001 126099.64118303 8714.11611632
0.27100001 124293.98770901 5578.31443236
0.27200001 122509.44827864 6521.79078775
0.27300001 120743.25581143 6451.31246331
0.27400001 118994.62726027 6381.08718882
0.27500001 117267.85878720 5825.86750026
0.27600001 115557.86355530 6241.85829534
0.27700001 113868.29147856 5223.13877732
0.27800001 112196.29722109 4695.41526092
0.27900001 110544.00243392 5107.13315416
0.28000001 108908.51988329 5508.59319641
0.28100001 107292.14182085 5899.99515797
0.28200001 105694.33300114 8076.10436686
0.28300001 104113.96558852 5765.83168719
0.28400001 102551.26756917 6137.69365452
0.28500001 101006.63175264 4333.18470728
0.28600001 99479.47314189  4282.59152146
0.28700001 97969.72494133  5078.75078135
0.28800001 96476.55605415  4182.25890291
0.28900001 95002.60265242  4959.13609319
0.29000001 93543.97833726  6533.11175631
0.29100001 92103.46127019  4840.95815351
0.29200001 90679.54193677  5180.97587380
0.29300001 89272.59588664  5905.38249744
0.29400001 87881.70401846  4666.51870428
0.29500001 86508.52112033  5377.36992739
0.29600001 85151.14111173  3793.48351610
0.29700001 83810.27336046  3746.31939656
0.29800001 82485.61884770  4809.32423458
0.29900001 81177.99277872  3653.00984797
0.30000001 79885.60962804  5049.56962363
0.30100001 78610.44541656  4273.26401514
0.30200001 77349.56890440  4218.64568776
0.30300001 76106.06894010  4164.52428956
0.30400001 74878.16187419  3768.24367471
0.30500001 73665.72691992  4395.63413341
0.30600001 72468.11861870  4004.58842446
0.30700001 71287.23429543  3293.47038037
0.30800001 70121.37721278  3900.15118522
0.30900001 68971.03750359  3848.58407491
0.31000001 67836.13116266  4430.37793599
0.31100001 66715.62612434  3746.74974053
0.31200001 65610.98438954  3080.43586293
0.31300001 64520.83753102  3950.61106907
0.31400001 63446.80907521  3897.22043196
0.31500001 62386.61088746  3844.26314490
0.31600002 61341.67474945  4958.55451315
0.31700002 60311.31844170  4602.96004141
0.31800002 59295.63866176  3121.02608874
0.31900002 58294.67218884  3917.40215658
0.32000002 57308.46368546  4139.10398567
0.32100002 56335.74406339  3537.32153723
0.32200002 55378.73610209  3219.71986943
0.32300002 54434.10790908  2910.04754661
0.32400002 53504.40228677  2608.33973499
0.32500002 52588.61948671  2571.58361467
0.32600002 51687.26985154  3549.36498878
0.32700002 50799.04006070  2999.17546720
0.32800002 49925.43440314  3202.96639580
0.32900002 49064.77039442  2671.57687448
0.33000002 48218.78564893  2633.46910292
0.33100002 47383.68887049  2831.64938099
0.33200002 46565.06734019  2558.51774616
0.33300002 45758.27084054  2521.73842544
0.33400002 44965.27649020  4744.96102633
0.33500002 44184.25118045  2449.57500145
0.33600002 43417.40142032  2414.22472031
0.33700002 42662.34102673  3028.17310948
0.33800002 41921.31031455  2131.69873045
0.33900002 41191.71192057  2731.01062967
0.34000002 40475.47967868  2277.35297197
0.34100002 39771.49217958  2652.36093907
0.34200002 39080.52687861  2010.69320313
0.34300002 38400.63575592  2774.06205839
0.34400002 37734.45509642  2148.03395809
0.34500002 37079.30398736  2116.85756489
0.34600002 36437.21489239  3224.14711245
0.34700002 35805.23166122  1869.03318123
0.34800002 35186.67840414  2578.83178238
0.34900002 34579.02111242  1996.93856382
0.35000002 33983.05170155  1968.12853251
0.35100002 33399.10476407  2116.16737808
0.35200002 32825.14800576  1738.09166923
0.35300002 32262.93993761  1713.16219183
0.35400002 31712.23483454  1857.54424341
0.35500002 31172.49901976  1831.07267915
0.35600002 30642.64193952  1640.91355358
0.35700002 30123.98917884  2588.25327284
0.35800002 29616.70601386  2073.31760270
0.35900002 29119.58998197  1729.70372686
0.36000002 28633.15508819  1705.53396361
0.36100002 28156.23276429  1834.66021382
0.36200002 27690.65833111  1809.30770106
0.36300002 27233.97132631  2230.46235728
0.36400002 26787.47435848  2053.26000684
0.36500002 26350.57889042  2169.97027441
0.36600002 25923.82784564  1712.52814860
0.36700002 25506.02776454  1971.10591901
0.36800002 25099.23027580  1806.01520004
0.36900002 24700.65474503  1507.97504362
0.37000002 24311.04008740  1623.49133394
0.37100002 23930.38317268  2002.97316643
0.37200002 23559.70464961  1318.16553759
0.37300002 23197.11261920  1301.35807958
0.37400002 22843.35688713  1541.92666292
0.37500002 22498.64162083  1776.49282654
0.37600002 22162.54753686  1879.93818387
0.37700002 21834.31718164  2104.60993284
0.37800002 21514.32286418  1345.39824405
0.37900002 21203.07783107  1329.43304299
0.38000002 20899.72900754  1552.74544017
0.38100002 20603.37158488  1416.68789729
0.38200002 20315.84165969  1400.57419037
0.38300002 20035.12991179  1269.42589135
0.38400002 19763.05237822  1369.57959469
0.38500002 19496.99998011  1241.76398756
0.38600002 19239.67295066  1563.60829478
0.38700002 18988.65922848  1215.65402140
0.38800002 18744.96211555  1203.14545039
0.38900002 18507.75236040  1299.24427725
0.39000002 18278.52212303  1608.05305996
0.39100002 18054.85745245  1698.60106960
0.39200002 17838.45972958  1472.20815123
0.39300002 17628.22189752  1146.01075985
0.39400002 17425.65993918  1548.70560047
0.39500002 17228.16221319  1228.02346074
0.39600002 17036.94555695  1014.55015598
0.39700002 16851.76346400  1106.65535911
0.39800002 16672.79440360  997.86679233
0.39900002 16499.35683409  1286.94989403
0.40000002 16331.60524213  982.34610186
0.40100002 16169.72953958  1072.53821118
0.40200002 16013.68656874  1355.23835852
0.40300002 15862.28322002  1441.88161302
0.40400002 15716.73901121  1050.27113419
0.40500002 15576.38567575  1422.90289890
0.40600002 15441.02426228  1319.74440623
0.40700002 15310.61865758  1030.71089686
0.40800002 15185.36258907  1024.78424288
0.40900002 15064.55629641  1389.70538419
0.41000002 14948.94024386  1105.92265164
0.41100002 14837.52337076  1100.35078531
0.41200002 14730.44800803  1277.57181627
0.41300002 14628.41235211  999.26689512
0.41400002 14530.17605616  994.95385259
0.41500002 14436.49984375  990.92139623
0.41600002 14346.21138165  897.35556444
0.41700002 14260.38488210  1072.95140937
0.41800002 14179.40332768  980.29309551
0.41900002 14100.31989949  1687.80837194
0.42000002 14026.33398235  974.33933625
0.42100002 13956.18837404  971.76944253
0.42200002 13889.61062471  1498.20292103
0.42300002 13825.89581737  1231.05782191
0.42400002 13765.64341081  965.31578992
0.42500002 13709.00531887  1839.61151091
0.42600002 13654.82924062  1136.96941060
0.42700002 13604.99921929  960.78509039
0.42800002 13557.29525115  1395.85918520
0.42900002 13513.84671361  1220.30041607
0.43000002 13472.55212058  1045.20064304
0.43100002 13433.20999411  1392.75527819
0.43200002 13397.84809652  957.20930262
0.43300002 13364.86093297  957.05773676
0.43400002 13334.56067776  957.08813800
0.43500002 13306.53868830  1479.42104147
0.43600002 13281.31169113  870.59002261
0.43700002 13258.02916296  1045.26306874
0.43800002 13236.93359343  1045.98254212
0.43900002 13218.91151901  1046.93784192
0.44000002 13202.42943694  1222.67704810
0.44100002 13188.44470549  1136.71210304
0.44200002 13176.37529920  1050.68421615
0.44300002 13166.29866063  1052.25063882
0.44400002 13158.57339573  1054.00177895
0.44500002 13151.45468507  967.81559614
0.44600002 13146.49985722  1145.91471436
0.44700002 13144.41030313  1059.96529708
0.44800002 13142.30238638  973.64751844
0.44900002 13143.57226415  1330.78675481
0.45000002 13145.73254910  889.30884909
0.45100002 13149.07254704  1158.95930922
0.45200002 13154.13167325  1161.97027642
0.45300002 13160.17690035  985.82889833
0.45400002 13168.07144427  1348.08137800
0.45500002 13177.15507541  991.44919486
0.45600002 13187.36023344  994.39294553
0.45700002 13198.76400429  997.43064308
0.45800002 13210.93821571  1091.48776711
0.45900002 13224.31513546  1186.22112387
0.46000002 13239.48142649  1373.26527605
0.46100002 13254.40085329  918.53002267
0.46200002 13271.31411196  921.69280876
0.46300002 13288.93481080  924.90990667
0.46400002 13306.74006514  1020.95967989
0.46500002 13325.88543343  931.47943594
0.46600002 13345.58517534  1589.25908593
0.46700002 13365.57069078  938.26310696
0.46800002 13387.36856483  1130.16170781
0.46900002 13408.69989925  1323.43874278
0.47000002 13430.92186175  1138.67360941
0.47100002 13453.76667596  1238.28474355
0.47200002 13477.31886373  1243.08056431
0.47300002 13501.34914661  1151.93516379
0.47400002 13525.14667992  1349.13344527
0.47500002 13549.78010570  1064.19977994
0.47600002 13575.35485641  1359.84336042
0.47700002 13600.24948987  1170.16552157
0.47800002 13625.68040164  1076.90570159
0.47900002 13651.88642246  1179.52304281
0.48000002 13677.85109976  1184.22840435
0.48100002 13705.17812149  1783.59196527
0.48200002 13730.58239014  1193.73688958
0.48300002 13756.75822671  1298.36290298
0.48400002 13783.28918500  1203.28120289
0.48500002 13810.41542823  1107.45726568
0.48600002 13837.39043500  1314.06784495
0.48700002 13864.34229623  1116.35689461
0.48800002 13890.50069652  1222.64192926
0.48900002 13917.46951834  1227.52086970
0.49000002 13943.83382470  1129.65975085
0.49100002 13971.06558789  1340.38409604
0.49200002 13997.30099377  1345.63059482
0.49300002 14023.46315051  1039.13866871
0.49400002 14049.86729592  1460.48377464
0.49500002 14075.45367252  1151.93518316
0.49600002 14101.83321439  1892.32508874
0.49700002 14127.21914700  1371.89431640
0.49800002 14152.66669448  1271.19258276
0.49900002 14177.55520110  1169.64835954
0.50000002 14202.53390637  1387.51661576
