# SAXS profile: number of points = 501, q_min = 0, q_max = 0.5, delta_q = 0.001
#    q    intensity    error
0.00000000 1664650.74656090 249.69761198
0.00100000 1664564.55824212 499.36937933
0.00200000 1664305.97501434 748.93771247
0.00300000 1663875.19452131 1597.32024364
0.00400000 1663272.11535390 1247.45413392
0.00500000 1662497.35600788 1496.24767963
0.00600000 1661550.79853929 2442.47977329
0.00700000 1660433.15478548 2590.27582912
0.00800000 1659144.22547528 2687.81375875
0.00900000 1657685.43886496 2735.18109105
0.01000000 1656056.07466255 3825.48969765
0.01100000 1654257.80900635 3275.43060444
0.01200000 1652290.56633101 5799.54014210
0.01300000 1650155.58958586 4504.92495826
0.01400000 1647853.13831716 4078.43669814
0.01500000 1645384.60641215 4738.70787748
0.01600000 1642749.82780272 5864.61714742
0.01700000 1639950.93463263 4870.65449435
0.01800000 1636988.38443727 5131.95881614
0.01900000 1633863.16070133 6372.06661426
0.02000000 1630576.04049057 5649.94623588
0.02100000 1627129.77962227 5369.52851620
0.02200000 1623522.96998411 7841.61630129
0.02300000 1619758.69191955 6997.35786760
0.02400000 1615837.56378502 6665.33025454
0.02500000 1611762.00914967 8800.22097187
0.02600000 1607532.25510114 9765.75889641
0.02700000 1603150.51953010 8079.87898850
0.02800000 1598616.94487565 10430.97604367
0.02900000 1593935.07513672 10759.06225117
0.03000000 1589105.50343768 8867.20911677
0.03100000 1584129.69600731 9124.58746885
0.03200000 1579009.02534355 8597.70453899
0.03300000 1573747.60280109 9631.33577315
0.03400000 1568343.92468580 9057.18658296
0.03500000 1562801.93419301 13502.60933495
0.03600000 1557122.37425078 9506.23253412
0.03700000 1551308.38432020 8842.45819957
0.03800000 1545361.11696044 10848.43554312
0.03900000 1539283.33097060 10159.27045488
0.04000000 1533075.08503706 9428.41220988
0.04100000 1526740.40456678 10580.31149422
0.04200000 1520281.00164338 10786.39420707
0.04300000 1513698.30738326 12987.53208020
0.04400000 1506995.58019214 13223.88683033
0.04500000 1500174.81192085 13456.56868819
0.04600000 1493236.83025817 15790.98021405
0.04700000 1486185.20601436 16050.80097144
0.04800000 1479022.27589555 15219.13992708
0.04900000 1471750.11849472 12141.93904276
0.05000000 1464370.65649043 12322.67964819
0.05100000 1456887.57472268 14772.84069587
0.05200000 1449300.55938917 14978.52197931
0.05300000 1441614.57924911 15180.20222716
0.05400000 1433830.90014013 17743.65821669
0.05500000 1425953.14173644 11978.00694935
0.05600000 1417981.79677264 19397.99188504
0.05700000 1409921.93308523 13492.95352946
0.05800000 1401773.03022977 16127.39946582
0.05900000 1393538.87933454 17558.59069970
0.06000000 1385223.41070716 24082.11012023
0.06100000 1376827.62104099 15365.39696886
0.06200000 1368354.85886727 18103.33562903
0.06300000 1359807.74022130 15664.98589977
0.06400000 1351186.28478112 21078.50702836
0.06500000 1342496.12502484 15948.85471135
0.06600000 1333739.27259570 13404.08031674
0.06700000 1324916.35670839 21622.63595340
0.06800000 1316032.22425377 16345.12099033
0.06900000 1307089.67848708 16469.33072001
0.07000000 1298088.64238124 16589.57362650
0.07100000 1289033.49240521 22274.49979205
0.07200000 1279926.17407609 19621.26916778
0.07300000 1270770.14914543 16926.65917973
0.07400000 1261568.28802166 15611.90829591
0.07500000 1252321.00502845 27125.27424035
0.07600000 1243031.80526110 15792.71982621
0.07700000 1233704.54673661 20208.08142307
0.07800000 1224340.06297314 20311.80259727
0.07900000 1214940.54220603 16037.21590932
0.08000000 1205511.18600204 16111.65775673
0.08100000 1196052.49271730 23538.31416105
0.08200000 1186565.90350983 19204.57004948
0.08300000 1177055.30105256 16313.98723824
0.08400000 1167523.13145551 22328.88093717
0.08500000 1157971.49560551 17925.39959348
0.08600000 1148403.25205239 26975.99365727
0.08700000 1138819.84352387 18038.90716848
0.08800000 1129223.74592846 18090.16525936
0.08900000 1119617.90880779 19649.29522250
0.09000000 1110004.55852110 18181.87552268
0.09100000 1100385.48108953 16703.85238771
0.09200000 1090762.65148195 27389.05146563
0.09300000 1081140.38790136 19817.30424149
0.09400000 1071517.36666446 19849.86015035
0.09500000 1061897.80489145 16820.46202009
0.09600000 1052283.01614009 24497.14976730
0.09700000 1042678.47401190 16860.11171741
0.09800000 1033082.39529121 15341.27429139
0.09900000 1023499.02616599 16887.73472584
0.10000000 1013927.54835937 16897.10338803
0.10100000 1004372.40968489 16903.58845000
0.10200000 994835.02195721 21518.28253708
0.10300000 985316.67868555 23056.41136583
0.10400000 975820.37777346 18443.00600757
0.10500000 966349.00670962 15364.94992959
0.10600001 956899.39916239 21501.53051090
0.10700001 947479.04475503 19953.90962153
0.10800001 938085.83585680 15337.70413808
0.10900001 928723.92069516 18388.73449524
0.11000001 919394.12774016 18369.49553689
0.11100001 910097.20583946 19876.52391119
0.11200001 900836.17969141 18323.00875752
0.11300001 891611.34140065 16771.21012135
0.11400001 882425.03087554 19788.38224911
0.11500001 873278.95998690 19753.57100506
0.11600001 864174.21000984 15166.25809987
0.11700001 855112.00729166 18162.57989024
0.11800001 846093.30376447 16613.04280186
0.11900001 837119.47982526 21095.41188522
0.12000001 828191.99729365 16534.85400484
0.12100001 819313.75736152 20990.81945244
0.12200001 810483.88178533 19439.45682044
0.12300001 801704.82374230 19385.22355141
0.12400001 792976.62269203 19328.80608884
0.12500001 784299.79618951 16305.59353111
0.12600001 775678.70474512 22165.02003258
0.12700001 767110.99908084 19147.09143939
0.12800001 758598.72282326 16146.77457628
0.12900001 750143.07129579 17553.34869565
0.13000001 741745.22708060 17490.35327897
0.13100001 733404.37067378 15973.54794623
0.13200001 725122.78277059 14466.20019821
0.13300001 716901.86281390 21614.59218282
0.13400001 708740.67558366 17222.39922864
0.13500001 700641.27150609 20010.31565766
0.13600001 692603.05628696 17079.59217335
0.13700001 684628.31316006 17006.16810079
0.13800001 676715.38113201 15520.46799814
0.13900001 668867.35119262 18260.07954867
0.14000001 661083.16629936 23769.24636527
0.14100001 653363.52381574 15308.30808499
0.14200001 645708.69188824 24930.81376967
0.14300001 638120.82901854 15161.75161262
0.14400001 630596.31951383 15087.01765602
0.14500001 623140.13289076 23199.50824189
0.14600001 615749.76164294 13577.28288473
0.14700001 608428.06391748 24312.78658114
0.14800001 601170.72552735 14779.78298438
0.14900001 593982.21947610 16037.52068252
0.15000001 586860.49769129 19938.58634982
0.15100001 579806.97820753 13219.59972690
0.15200001 572821.31151106 15775.49966341
0.15300001 565904.69790258 14379.63905227
0.15400001 559053.71748612 15597.59945393
0.15500001 552272.45061953 18092.44633613
0.15600001 545556.84784037 12847.86437299
0.15700001 538912.77593403 12772.23339245
0.15800001 532332.87915812 17774.59567403
0.15900001 525823.06520278 17667.65582474
0.16000001 519378.63962952 16305.89316085
0.16100001 513004.98007836 13712.62376479
0.16200001 506697.44604395 17344.25439684
0.16300001 500457.09218145 13542.36955374
0.16400001 494284.12931932 13456.88605601
0.16500001 488177.43822840 14586.74254292
0.16600001 482138.50749118 12077.57018287
0.16700001 476164.35248387 17999.01337371
0.16800001 470255.88900324 15497.28355383
0.16900001 464415.38770721 11842.59294572
0.17000001 458638.88313108 14116.90548937
0.17100001 452927.05813050 16359.72611220
0.17200001 447280.98560375 13928.33054944
0.17300001 441698.95036864 16139.68040866
0.17400001 436181.10735539 17174.63191321
0.17500001 430726.51118555 13645.41651880
0.17600001 425333.79391653 14680.39659037
0.17700001 420005.61827834 14578.39569899
0.17800001 414738.34483934 16703.58762735
0.17900001 409533.34329191 12163.14087028
0.18000001 404389.69132525 10979.18063808
0.18100001 399308.15691156 10901.11319862
0.18200001 394284.45872201 11905.41979350
0.18300001 389321.57984361 16117.91416692
0.18400001 384417.50171727 12801.10341192
0.18500001 379573.71765024 12708.12866729
0.18600001 374786.38599119 15769.13793557
0.18700001 370056.47740461 11479.15247142
0.18800001 365383.62621620 13466.21418042
0.18900001 360769.20943105 15422.88443187
0.19000001 356206.72953731 11225.85561178
0.19100001 351703.96322100 16206.51939098
0.19200001 347253.04582832 10052.97615175
0.19300001 342858.00618765 12970.31898696
0.19400001 338514.78769775 13862.18121126
0.19500001 334225.33801710 11791.47048245
0.19600001 329988.21760579 13651.61320748
0.19700001 325802.36245214 10643.96368432
0.19800001 321668.11763274 9601.79376511
0.19900001 317584.69356681 13338.55776019
0.20000001 313549.78540291 10398.87912435
0.20100001 309565.54637377 12193.78744797
0.20200001 305628.56991639 12098.30751195
0.20300001 301741.15184167 13849.91952414
0.20400001 297900.61519470 11908.57765528
0.20500001 294106.38714337 9087.88779229
0.20600001 290358.49002373 14425.01046622
0.20700001 286656.86565138 8943.69463108
0.20800001 282998.73383713 9759.21179769
0.20900001 279387.67665479 8800.71223065
0.21000001 275818.19223460 8729.64619690
0.21100001 272292.54625677 12988.35507045
0.21200001 268809.32806023 8588.45843754
0.21300001 265367.25595403 12777.43397825
0.21400001 261967.73391468 14362.38169088
0.21500001 258609.84610195 10892.64723279
0.21600001 255290.96885686 11633.61000083
0.21700001 252012.30578992 9888.96334674
0.21800001 248772.81805245 8172.18745941
0.21900001 245570.98243282 15397.30132655
0.22000001 242406.97544717 8839.37077763
0.22100001 239282.05691763 11155.33002096
0.22200001 236193.88971262 9480.82318136
0.22300001 233140.87267898 9400.24043091
0.22400001 230123.38677298 8543.33113793
0.22500001 227143.63075075 7700.16944657
0.22600001 224196.31215113 7633.88478974
0.22700001 221285.55790167 9838.35636956
0.22800001 218407.40591693 10503.21264724
0.22900001 215561.81442227 9667.94783405
0.23000001 212750.20175673 8108.97432345
0.23100001 209971.67232294 10960.52181361
0.23200001 207223.34985479 8690.94770394
0.23300001 204506.97112131 8613.83403102
0.23400001 201822.37273809 7825.66287304
0.23500001 199166.58431182 8460.59690172
0.23600001 196542.59831430 9781.92558076
0.23700001 193947.43779036 8308.70862792
0.23800001 191381.89400088 6861.04122445
0.23900001 188844.76218518 7478.25293625
0.24000001 186335.95479753 8083.25410146
0.24100001 183856.48486226 8676.18793104
0.24200001 181404.01622554 8595.82971545
0.24300001 178978.68988843 7205.68239576
0.24400001 176580.13716456 8436.11645210
0.24500001 174208.18117775 8356.76684641
0.24600001 171862.43974579 8914.50517132
0.24700001 169542.93544282 8199.09674588
0.24800001 167248.90553012 6246.74691706
0.24900001 164979.04414209 6805.38589281
0.25000001 162735.27469054 8577.77673474
0.25100001 160514.62649907 6674.19848558
0.25200001 158319.96813919 7810.71599767
0.25300001 156149.04162835 5949.27876750
0.25400001 154001.10096676 5890.54239067
0.25500001 151876.41889899 5832.05476165
0.25600001 149775.35908693 6928.60843917
0.25700001 147696.44324754 6287.43788653
0.25800001 145640.70219460 7355.58401236
0.25900001 143607.24952669 5600.68299654
0.26000001 141595.96132070 6097.83036280
0.26100001 139605.40932016 7681.08998423
0.26200001 137637.83086495 7601.73775836
0.26300001 135690.44386051 8060.01274669
0.26400001 133764.60859868 9039.14385377
0.26500001 131860.26152918 6313.46962076
0.26600001 129975.56551657 6246.62597431
0.26700001 128112.34644472 6695.15154202
0.26800001 126269.83896411 7132.98354062
0.26900001 124445.80867053 7056.07768552
0.27000001 122642.95672047 7478.15463991
0.27100001 120859.25163527 4931.05770007
0.27200001 119096.58244389 5852.40633825
0.27300001 117352.34503153 5787.81793086
0.27400001 115625.53187086 6677.37478155
0.27500001 113920.71925711 6131.21340058
0.27600001 112232.42242834 5595.90884711
0.27700001 110564.57599391 5071.59734086
0.27800001 108914.12397080 5925.47319507
0.27900001 107283.60437413 4956.50275667
0.28000001 105669.79624194 6680.97318360
0.28100001 104075.10376590 4842.61480742
0.28200001 102499.02466995 4351.08380317
0.28300001 100940.23349387 6450.08122554
0.28400001 99399.13234449  5524.10704151
0.28500001 97876.16060691  5878.44248429
0.28600001 96370.54690210  4978.50268860
0.28700001 94882.32965077  5328.59188540
0.28800001 93410.76102365  4454.29235025
0.28900001 91958.47750779  5200.25214921
0.29000001 90521.46933753  5136.64102070
0.29100001 89102.53535439  4683.22947991
0.29200001 87700.34627090  5396.20256148
0.29300001 86315.09564011  4187.14548770
0.29400001 84945.77128722  4886.50572461
0.29500001 83594.26330509  4453.90255973
0.29600001 82258.65083076  4031.08537478
0.29700001 80939.45908855  4703.39219028
0.29800001 79636.61717365  5714.72391891
0.29900001 78350.63336939  5641.24586965
0.30000001 77079.98941863  4524.21019310
0.30100001 75826.62015675  4465.42987243
0.30200001 74587.45440373  5423.99994102
0.30300001 73365.91947376  3345.48608638
0.30400001 72159.88498534  3961.57787324
0.30500001 70969.24592188  3583.23739623
0.30600001 69793.53388340  4499.58934249
0.30700001 68634.60871563  3488.01098006
0.30800001 67490.49749563  3441.00317772
0.30900001 66362.20359207  3085.84261313
0.31000001 65249.38143784  3652.66054582
0.31100001 64150.91641817  3902.94193967
0.31200001 63068.30815164  3849.37437029
0.31300001 62000.23210427  2920.21107037
0.31400001 60948.04494189  3455.75431182
0.31500001 59909.98611999  3407.68017185
0.31600002 58887.15206535  3920.11789860
0.31700002 57878.94048747  3865.15582876
0.31800002 56885.37097283  4082.94769490
0.31900002 55906.63989444  3756.92637879
0.32000002 54942.39891806  2910.02429648
0.32100002 53991.85564823  4172.49080206
0.32200002 53057.02084100  4370.04172849
0.32300002 52134.71304006  2533.74717372
0.32400002 51227.14907238  3496.25308974
0.32500002 50333.60225826  2953.57592037
0.32600002 49454.37913552  2910.88489375
0.32700002 48588.31453694  2629.59970726
0.32800002 47737.02039571  3062.56868851
0.32900002 46898.55867278  2785.77451708
0.33000002 46074.52963988  3888.92085841
0.33100002 45261.67234242  2479.43452833
0.33200002 44465.29065282  2221.04137329
0.33300002 43680.74569363  2626.08655546
0.33400002 42909.69746970  2587.45487995
0.33500002 42150.98743491  3186.61480098
0.33600002 41406.12060306  2930.31129385
0.33700002 40673.24614192  2680.77378017
0.33800002 39954.23966423  2438.00781977
0.33900002 39246.84895928  2001.58939171
0.34000002 38552.66426460  2563.55953168
0.34100002 37870.58258772  2719.86537026
0.34200002 37201.47397155  2488.22070443
0.34300002 36543.72210006  2451.35299457
0.34400002 35899.33113801  2600.90666413
0.34500002 35266.12046787  2013.34291286
0.34600002 34645.74441453  2704.96662327
0.34700002 34035.66765284  1954.32812918
0.34800002 33438.70817798  1750.51645602
0.34900002 32852.82330064  2242.20529646
0.35000002 32278.47989537  1869.40825168
0.35100002 31716.09919512  1842.07112850
0.35200002 31163.68336495  1980.14053479
0.35300002 30622.96641730  2439.11939066
0.35400002 30093.55659013  1762.73016076
0.35500002 29575.09106776  2211.03391295
0.35600002 29066.54655245  2023.46773409
0.35700002 28569.23040694  1534.16774552
0.35800002 28082.88431528  2419.62142721
0.35900002 27606.93027299  1639.85173589
0.36000002 27141.48798401  2057.59630153
0.36100002 26685.51916432  1449.02375926
0.36200002 26240.62742467  1428.80223095
0.36300002 25804.80070193  1690.73062208
0.36400002 25378.92665442  1389.49630015
0.36500002 24962.67998623  1644.54143539
0.36600002 24556.31947861  1622.19054160
0.36700002 24158.95477922  1333.57436698
0.36800002 23772.44123076  1447.38515290
0.36900002 23394.05758118  2207.22943734
0.37000002 23024.46494391  1409.44268831
0.37100002 22663.81571911  1644.03327014
0.37200002 22312.89311093  1622.92835730
0.37300002 21970.13369491  1479.02947040
0.37400002 21636.04057832  1338.73007420
0.37500002 21310.81444178  1201.92999145
0.37600002 20994.24043608  1305.94678819
0.37700002 20685.22499003  1290.13754374
0.37800002 20384.41111551  1158.85382681
0.37900002 20092.22669937  1145.25697612
0.38000002 19807.85670088  1358.42287690
0.38100002 19530.32347247  1230.99634679
0.38200002 19261.42337146  1106.56882511
0.38300002 18999.36994112  1313.23651254
0.38400002 18745.61621865  1190.81532670
0.38500002 18498.05341504  1499.45228086
0.38600002 18258.75561529  1483.88913915
0.38700002 18025.81661432  1154.01283432
0.38800002 17800.07642693  1246.36141046
0.38900002 17580.56275238  1542.69445461
0.39000002 17368.99408581  1120.56070653
0.39100002 17162.92319267  1211.01591785
0.39200002 16963.82523623  1000.01754505
0.39300002 16770.88556342  1784.08689076
0.39400002 16585.29134318  1179.21427037
0.39500002 16404.66935631  1461.65610890
0.39600002 16230.29611645  966.51417953
0.39700002 16061.69903859  1342.43686925
0.39800002 15899.31896645  1141.88914227
0.39900002 15742.21508670  1133.43953994
0.40000002 15590.61546152  937.77556444
0.40100002 15444.89501130  1303.85809863
0.40200002 15304.58146053  1202.71059106
0.40300002 15168.98478752  1470.78483468
0.40400002 15038.89062686  1370.41897330
0.40500002 14914.10657464  1362.40370014
0.40600002 14793.95882526  903.17122908
0.40700002 14678.82072929  1167.84703256
0.40800002 14568.35028968  1251.27566567
0.40900002 14462.41016185  1067.32592052
0.41000002 14361.52776019  1151.00469688
0.41100002 14264.61668763  969.70868837
0.41200002 14171.90182615  1053.53923168
0.41300002 14084.13487093  1137.01226200
0.41400002 13999.90521655  958.64355513
0.41500002 13920.04380179  1042.33292927
0.41600002 13843.56316901  1385.46386760
0.41700002 13771.32460383  949.80830293
0.41800002 13703.82904840  1033.54283580
0.41900002 13638.05421162  1202.87643846
0.42000002 13577.03064817  1114.60638388
0.42100002 13520.03616043  855.81832951
0.42200002 13466.19073929  1281.64476434
0.42300002 13415.14156044  1023.84365241
0.42400002 13367.40957206  1107.82412078
0.42500002 13323.18361153  1106.75691505
0.42600002 13281.17538654  935.72525620
0.42700002 13243.49478771  1275.34860849
0.42800002 13207.79265861  934.91364764
0.42900002 13176.08433512  1019.82897586
0.43000002 13146.43507093  849.91706761
0.43100002 13118.62110746  1020.10402566
0.43200002 13094.56744574  1020.59063508
0.43300002 13072.84166941  1106.35464291
0.43400002 13053.48907547  851.74020254
0.43500002 13036.42798508  1193.61540288
0.43600002 13022.01304715  1365.74879311
0.43700002 13009.34180266  1196.59931571
0.43800002 12998.74805382  1112.75787988
0.43900002 12991.06033506  943.15102502
0.44000002 12984.84426966  944.84223806
0.44100002 12980.93194167  1032.76299422
0.44200002 12978.75366678  948.68204423
0.44300002 12978.62108598  1383.00192846
0.44400002 12980.45097727  953.08965817
0.44500002 12982.85172105  1129.11866769
0.44600002 12987.43216935  1044.96884187
0.44700002 12994.54348601  1222.52670910
0.44800002 13001.73034843  1050.79989656
0.44900002 13012.13587587  878.31921325
0.45000002 13023.13436944  881.01508185
0.45100002 13035.30553120  1237.31125966
0.45200002 13049.08619882  975.35399416
0.45300002 13063.71232100  1334.45827683
0.45400002 13080.16781439  1160.53794433
0.45500002 13097.56390545  985.46075495
0.45600002 13116.00942304  1258.74348399
0.45700002 13135.51707882  1353.61509912
0.45800002 13155.76084774  1086.92901275
0.45900002 13177.02081755  1000.13592745
0.46000002 13199.94736298  1186.60932443
0.46100002 13222.69055005  1007.96574840
0.46200002 13247.04234766  920.00713465
0.46300002 13272.30109609  1108.50264008
0.46400002 13297.40448010  927.49400645
0.46500002 13323.94150902  1117.61226675
0.46600002 13350.71595810  1402.82654578
0.46700002 13377.86585396  1220.86409570
0.46800002 13406.67017169  1226.10707866
0.46900002 13434.89175518  1420.73987045
0.47000002 13463.96470819  1617.08955792
0.47100002 13493.55361609  955.34364130
0.47200002 13523.74415807  1055.46066284
0.47300002 13554.38133412  1060.08821439
0.47400002 13584.69213648  1161.49123272
0.47500002 13615.76988899  1166.59921938
0.47600002 13647.49448278  1171.77393183
0.47700002 13678.77133179  1373.07513137
0.47800002 13710.29459688  1083.59318482
0.47900002 13742.63667853  1088.41687653
0.48000002 13774.68326879  1192.61213394
0.48100002 13807.88433242  1297.80310992
0.48200002 13839.11099731  1102.90800321
0.48300002 13871.09304967  1107.74554345
0.48400002 13903.48688713  1112.62659088
0.48500002 13936.22012613  1117.54554489
0.48600002 13968.74219364  1530.62499842
0.48700002 14001.30948622  1024.89590297
0.48800002 14032.94050807  1132.24785856
0.48900002 14065.30724839  1240.56015811
0.49000002 14096.96411931  1142.06560226
0.49100002 14129.52494054  1147.03488904
0.49200002 14161.04002218  1256.65075113
0.49300002 14192.39882748  1367.15384386
0.49400002 14223.87038873  1478.57139700
0.49500002 14254.60244241  1484.75946078
0.49600002 14285.98438442  1704.03229815
0.49700002 14316.23381018  1390.24953121
0.49800002 14346.65406163  1181.23181816
0.49900002 14376.40115970  1401.69917951
0.50000002 14406.19752674  1082.62579545
