# SAXS profile: number of points = 501, q_min = 0, q_max = 0.5, delta_q = 0.001
#    q    intensity    error
0.00000000 1646666.22097350 370.49989972
0.00100000 1646580.41785717 543.37155080
0.00200000 1646322.98653945 814.92990414
0.00300000 1645894.13450124 1580.05842541
0.00400000 1645293.73760033 1357.36738510
0.00500000 1644522.44624262 2072.09836428
0.00600000 1643580.10416105 1898.33509759
0.00700000 1642467.45992223 2168.05713720
0.00800000 1641184.29756417 3101.83845336
0.00900000 1639732.02457099 2705.55795620
0.01000000 1638109.96572609 2973.16971617
0.01100000 1636319.74168961 5596.21376023
0.01200000 1634361.31103331 3505.70516587
0.01300000 1632235.93462675 5141.54342084
0.01400000 1629943.81010638 5501.06060298
0.01500000 1627486.37951554 5077.75773020
0.01600000 1624863.45780895 5386.42260343
0.01700000 1622077.19499862 5693.49120985
0.01800000 1619128.01419445 5075.96655291
0.01900000 1616016.91838475 6302.46626608
0.02000000 1612744.68488052 5588.16058590
0.02100000 1609314.00200713 6903.95738163
0.02200000 1605723.55064100 6093.72115153
0.02300000 1601976.41765581 6343.82690268
0.02400000 1598073.19048364 6592.05221133
0.02500000 1594016.18172827 6216.66339266
0.02600000 1589805.80168646 6438.71379133
0.02700000 1585444.11038335 9988.29835289
0.02800000 1580931.36913044 8940.16730243
0.02900000 1576271.04226365 9930.50802221
0.03000000 1571463.69766057 9499.49848901
0.03100000 1566510.93166710 9023.10338158
0.03200000 1561413.97429201 13139.29919884
0.03300000 1556176.92497529 9523.80321990
0.03400000 1550798.39237410 8955.86112919
0.03500000 1545282.30075418 10013.42977129
0.03600000 1539629.29052868 11108.42584453
0.03700000 1533842.56557775 10491.48363376
0.03800000 1527923.29785358 12513.69238855
0.03900000 1521874.19103576 14609.99291053
0.04000000 1515695.26139720 13050.13680536
0.04100000 1509390.75326077 12361.91084238
0.04200000 1502962.05918440 12602.33745092
0.04300000 1496410.83914682 10863.94319649
0.04400000 1489740.16700786 11061.32125374
0.04500000 1482952.24865152 11255.60809026
0.04600000 1476047.71588686 11446.75056883
0.04700000 1469030.36682306 14807.82678626
0.04800000 1461902.14914225 13968.47568498
0.04900000 1454665.41910113 10909.99115109
0.05000000 1447322.08007553 11072.01442816
0.05100000 1439875.86982664 15723.44523097
0.05200000 1432326.21928539 12525.69337136
0.05300000 1424678.39075521 12693.88505339
0.05400000 1416933.36292583 15196.61102606
0.05500000 1409094.89269607 14203.67718097
0.05600000 1401163.38905789 15573.93179612
0.05700000 1393144.12968159 14544.42539279
0.05800000 1385036.49195594 15934.84558399
0.05900000 1376844.17510539 12391.59815471
0.06000000 1368571.15465972 15026.91198020
0.06100000 1360218.32157822 20240.04957093
0.06200000 1351789.14540750 12774.40802122
0.06300000 1343286.21250921 14185.10306733
0.06400000 1334709.51101740 15616.10200922
0.06500000 1326064.84026289 19692.06379906
0.06600000 1317353.98955009 18535.17150020
0.06700000 1308577.63355089 26694.98497374
0.06800000 1299740.34372732 18833.23846218
0.06900000 1290845.46706677 20330.81705817
0.07000000 1281892.75087842 13652.15843616
0.07100000 1272886.43179082 13747.17410723
0.07200000 1263828.37062348 17990.59769863
0.07300000 1254722.17030361 15320.15841724
0.07400000 1245570.59219003 15413.93680071
0.07500000 1236374.16635361 19732.53261992
0.07600000 1227136.33490273 18425.45293236
0.07700000 1217860.99926467 14248.97435951
0.07800000 1208548.94454311 18617.69736379
0.07900000 1199202.32019479 18707.55707249
0.08000000 1189826.35409996 21684.58632072
0.08100000 1180421.58694644 15971.10482072
0.08200000 1170989.33065613 18952.46320602
0.08300000 1161533.55699310 20489.45290697
0.08400000 1152056.78771288 20564.21462593
0.08500000 1142560.95127473 16212.94065971
0.08600000 1133048.90849974 14786.28895016
0.08700000 1123522.29172844 17796.59393667
0.08800000 1113983.25066545 16358.84480430
0.08900000 1104435.03758974 23855.79793244
0.09000000 1094879.60604501 26901.19318422
0.09100000 1085318.85289913 19470.62113576
0.09200000 1075754.96118205 15006.78241361
0.09300000 1066191.88112469 15033.30623031
0.09400000 1056628.50788314 16562.65263947
0.09500000 1047069.04126562 16585.57439321
0.09600000 1037514.67022094 19624.59090974
0.09700000 1027970.97755974 21155.64371277
0.09800000 1018436.15416492 21173.28864061
0.09900000 1008914.18675764 16647.08486429
0.10000000 999404.88004208 19683.28003808
0.10100000 989911.89398419 19689.34849737
0.10200000 980436.97296069 19692.07752816
0.10300000 970981.79275510 21206.24335133
0.10400000 961548.76614958 24231.03004692
0.10500000 952140.99997961 18166.85113435
0.10600001 942755.34694228 19670.59123952
0.10700001 933399.34306160 18145.28408299
0.10800001 924070.55063383 16619.40963529
0.10900001 914773.60484554 19621.89474745
0.11000001 905509.02161769 18092.07110351
0.11100001 896277.57538682 16563.21037283
0.11200001 887082.37201759 22554.07037033
0.11300001 877923.46130707 21017.48865321
0.11400001 868803.59208807 20981.60773683
0.11500001 859723.88417491 25430.63369137
0.11600001 850686.02566734 14929.54045352
0.11700001 841691.03542373 14897.93202862
0.11800001 832739.55764047 14864.40180397
0.11900001 823833.21996699 16311.89852366
0.12000001 814973.38707017 16270.94443930
0.12100001 806163.09544377 16228.06387576
0.12200001 797401.55910409 16183.26540443
0.12300001 788690.78343975 16136.61418944
0.12400001 780031.11318056 20475.81768576
0.12500001 771423.28300306 20411.86103008
0.12600001 762871.11714020 17439.23455962
0.12700001 754372.50986264 14483.95287194
0.12800001 745929.58263845 14433.73810431
0.12900001 737543.50156811 14382.09895844
0.13000001 729215.14087978 15761.98601306
0.13100001 720944.20177438 19984.57421521
0.13200001 712732.50411446 19906.61977832
0.13300001 704581.64199564 15578.30083893
0.13400001 696490.66306241 14103.93659195
0.13500001 688461.60142756 19662.46426382
0.13600001 680493.92283335 18179.39600567
0.13700001 672589.77592660 16707.13082181
0.13800001 664747.61432292 15245.98725343
0.13900001 656970.21607974 15176.01270712
0.14000001 649256.80554266 16478.13850179
0.14100001 641608.11162322 19132.75479096
0.14200001 634024.50871077 20399.73952993
0.14300001 626507.57108047 18945.58984309
0.14400001 619054.19855858 13464.42945376
0.14500001 611669.23332369 17414.22389419
0.14600001 604350.21064916 19988.88416018
0.14700001 597099.90229277 14581.18030188
0.14800001 589913.86269903 15821.49054402
0.14900001 582796.65799749 17046.80305071
0.15000001 575746.48058685 13040.65840059
0.15100001 568764.36331867 15561.39371466
0.15200001 561850.27071526 20631.14291419
0.15300001 555005.11028342 15384.74238305
0.15400001 548225.54575915 21668.61571869
0.15500001 541515.89103025 13938.61969292
0.15600001 534871.64134241 15115.47329771
0.15700001 528299.05907661 16276.89477837
0.15800001 521790.50280183 13689.17448712
0.15900001 515352.32027257 16078.99315144
0.16000001 508979.28446315 13521.03532999
0.16100001 502677.02984654 17101.07336262
0.16200001 496440.62187159 15779.36591107
0.16300001 490271.65931976 15678.88840521
0.16400001 484169.77480945 15578.16323993
0.16500001 478134.36641907 13096.10091450
0.16600001 472166.47191895 18924.43308799
0.16700001 466263.28313556 16449.76940569
0.16800001 460425.75309718 12838.97273132
0.16900001 454656.19676761 19709.34706051
0.17000001 448950.30798580 18424.92150976
0.17100001 443309.32840812 12581.11933432
0.17200001 437733.94228409 12495.11597255
0.17300001 432222.27660970 15793.40273315
0.17400001 426774.65276123 12323.11868045
0.17500001 421390.46293227 16687.06312021
0.17600001 416067.97906873 11046.60536600
0.17700001 410809.77936626 15356.07027799
0.17800001 405612.39293072 14157.90124395
0.17900001 400477.10138255 11894.17047287
0.18000001 395403.25210692 11808.71868196
0.18100001 390391.26309468 11723.45018451
0.18200001 385436.93463187 15870.36653315
0.18300001 380543.12836304 12603.58900677
0.18400001 375708.13117549 11468.49124591
0.18500001 370933.13838194 10349.03504977
0.18600001 366214.61808978 12326.78462726
0.18700001 361553.30863232 12234.96454216
0.18800001 356948.85864247 10119.50062062
0.18900001 352402.56325773 12052.16823285
0.19000001 347908.24669678 16944.87195599
0.19100001 343473.27632723 11870.43699075
0.19200001 339089.84293774 12761.64684197
0.19300001 334762.47022442 13638.22368138
0.19400001 330486.38020692 10633.39978563
0.19500001 326264.29162813 10551.38768986
0.19600001 322093.81995874 11421.44739547
0.19700001 317974.66276794 11332.61751660
0.19800001 313906.77706348 12181.15305961
0.19900001 309889.60449208 11156.02628895
0.20000001 305920.67478471 11990.56141487
0.20100001 302002.39077333 11895.87473479
0.20200001 298130.80039673 10893.69996137
0.20300001 294308.75945829 9906.43331159
0.20400001 290533.30486366 9827.28950151
0.20500001 286803.92184880 9748.46576442
0.20600001 283120.67962231 10549.07702136
0.20700001 279483.36768376 9591.86963231
0.20800001 275889.44016838 9514.04779394
0.20900001 272342.05664673 10294.53022788
0.21000001 268836.31469507 11061.27069102
0.21100001 265374.06655492 9282.78528692
0.21200001 261953.86161422 9206.36890166
0.21300001 258574.75849839 9960.30016824
0.21400001 255237.88181049 9877.70649305
0.21500001 251942.18090620 10611.80516147
0.21600001 248685.40631209 9713.65242980
0.21700001 245468.53501685 8829.50362201
0.21800001 242290.53118388 11142.94205599
0.21900001 239149.88413944 7891.94654974
0.22000001 236046.78100631 9389.94139241
0.22100001 232982.45444500 10861.64253980
0.22200001 229954.82642786 9230.38716927
0.22300001 226961.79863143 7625.91679461
0.22400001 224004.20301345 9828.18487195
0.22500001 221083.84876141 7494.74282742
0.22600001 218195.72859462 7429.56490998
0.22700001 215343.75894151 8101.23259448
0.22800001 212524.37716551 7300.21270086
0.22900001 209737.04084462 8683.11390160
0.23000001 206983.36181351 10757.96073902
0.23100001 204262.46811938 9240.83449474
0.23200001 201571.61674508 7044.92833842
0.23300001 198912.27306379 6981.82111474
0.23400001 196284.40814078 8302.83085704
0.23500001 193685.23305325 9599.04060412
0.23600001 191117.29027834 10191.32998611
0.23700001 188577.98199931 11444.79826885
0.23800001 186068.02040225 9338.75438570
0.23900001 183586.10997718 7270.01029896
0.24000001 181132.16295041 7202.72080041
0.24100001 178707.21057002 8433.19366570
0.24200001 176308.91795404 7711.75243609
0.24300001 173937.72432761 8275.95731498
0.24400001 171592.64889232 7567.23617411
0.24500001 169274.00367518 8120.07434041
0.24600001 166981.25192847 8042.65237959
0.24700001 164714.42254168 9191.06521262
0.24800001 162472.54216283 6675.18471054
0.24900001 160254.62406533 7211.45842410
0.25000001 158062.44852479 7141.26176219
0.25100001 155893.16948128 6482.03829369
0.25200001 153749.49658370 7001.75240567
0.25300001 151629.16586419 8665.60723911
0.25400001 149531.63452625 8007.41940772
0.25500001 147456.89170417 6228.57940027
0.25600001 145405.50277525 6165.92063691
0.25700001 143375.77312971 7768.09975570
0.25800001 141369.01952485 12082.81067048
0.25900001 139384.26221495 6523.18378030
0.26000001 137421.21581299 6994.05310973
0.26100001 135478.65463018 5856.74251678
0.26200001 133558.63988185 7903.33288897
0.26300001 131658.66133155 7299.15652960
0.26400001 129779.70107047 6706.36637015
0.26500001 127921.93542599 5104.08546502
0.26600001 126083.47911988 7574.46536655
0.26700001 124266.23462434 6993.70401560
0.26800001 122469.31481753 5435.80079540
0.26900001 120690.55131667 5376.76431559
0.27000001 118932.65817313 7251.91917528
0.27100001 117193.47928373 5259.64359916
0.27200001 115475.03912776 5674.44369127
0.27300001 113774.67142331 6546.59490351
0.27400001 112091.42127074 5548.52561548
0.27500001 110429.79707066 6857.69072263
0.27600001 108784.46037975 4971.99399696
0.27700001 107159.06465602 5362.23984916
0.27800001 105550.87504694 4859.03476275
0.27900001 103962.23919568 4803.05567816
0.28000001 102389.96230621 6042.03196165
0.28100001 100836.45164710 4691.92031720
0.28200001 99301.23331049  4636.87130889
0.28300001 97783.00394324  4582.11178165
0.28400001 96282.01162474  4939.26743013
0.28500001 94798.95588766  4473.56294008
0.28600001 93332.83442095  4419.77658320
0.28700001 91883.80803757  4366.31876461
0.28800001 90451.14660303  5489.48034717
0.28900001 89037.32285685  4647.74847312
0.29000001 87638.55090619  4207.96522094
0.29100001 86257.43913058  4911.49881658
0.29200001 84892.84804586  4104.14493305
0.29300001 83544.75454506  5158.05338977
0.29400001 82212.24994017  4729.25990167
0.29500001 80897.29201236  3591.83993538
0.29600001 79597.90439225  4609.91285110
0.29700001 78314.65732980  4200.79841803
0.29800001 77047.34192849  4146.68813889
0.29900001 75796.53359369  3751.92859050
0.30000001 74560.85597691  3703.06508739
0.30100001 73342.12562560  3986.87813775
0.30200001 72137.14000174  3606.49648512
0.30300001 70949.52027695  3882.35793335
0.30400001 69777.21967215  4469.23113158
0.30500001 68620.00185034  3149.65823404
0.30600001 67477.18125595  3728.78921273
0.30700001 66350.93881476  3985.03757388
0.30800001 65239.22697860  3628.60597634
0.30900001 64142.92164194  5368.76279561
0.31000001 63061.83178111  3236.01805106
0.31100001 61994.71717636  3771.75877158
0.31200001 60943.33416918  3147.41864218
0.31300001 59905.92317104  3103.72602644
0.31400001 58884.29115384  3338.73946650
0.31500001 57876.45233431  3566.34716170
0.31600002 56883.56763069  3516.25789958
0.31700002 55904.89451788  3999.99539215
0.31800002 54940.54733714  3943.35797184
0.31900002 53990.71470699  3109.86531437
0.32000002 53055.19394509  3065.52925130
0.32100002 52133.09787124  3777.04311961
0.32200002 51226.23924070  2481.91140873
0.32300002 50331.78221321  2935.34967767
0.32400002 49451.69324123  2892.92419160
0.32500002 48585.26731847  3088.56558968
0.32600002 47732.93124581  2809.56046617
0.32700002 46893.52127399  2999.30976271
0.32800002 46068.56955935  2273.48401541
0.32900002 45256.12894839  2464.19633793
0.33000002 44457.89817650  3090.26864859
0.33100002 43670.33852753  3479.65273865
0.33200002 42899.25245707  2357.09953787
0.33300002 42139.55021925  2322.31072256
0.33400002 41393.14196468  2080.00548223
0.33500002 40658.73972394  3073.80086869
0.33600002 39937.97087032  3028.29678465
0.33700002 39228.89081934  2187.79534460
0.33800002 38533.22604636  2743.18049215
0.33900002 37849.17279521  2509.40027516
0.34000002 37177.90837391  2091.81511372
0.34100002 36518.53440119  3559.46171666
0.34200002 35871.85663816  2214.72853373
0.34300002 35236.25978996  2363.64841865
0.34400002 34613.66555658  1791.25727739
0.34500002 34002.14487928  2647.06710422
0.34600002 33403.27165475  1738.64037197
0.34700002 32814.20872792  2398.06248741
0.34800002 32238.19093199  2700.27100035
0.34900002 31672.86202860  1829.10786878
0.35000002 31118.78551051  1802.24454820
0.35100002 30576.61985074  2260.22384642
0.35200002 30043.90608788  1590.82490270
0.35300002 29522.81032174  1724.42743257
0.35400002 29012.83660981  1853.92034718
0.35500002 28513.34410976  1827.13517709
0.35600002 28023.67667805  1500.66795719
0.35700002 27544.98969173  2366.66562641
0.35800002 27077.12510383  1603.91358149
0.35900002 26619.20439623  1868.66823713
0.36000002 26171.60330158  2267.50781745
0.36100002 25733.30907031  1397.31874870
0.36200002 25305.87560732  1515.69549129
0.36300002 24887.23063996  1902.38000023
0.36400002 24478.26138389  1474.20336167
0.36500002 24078.81406663  1586.31234585
0.36600002 23688.94022888  1695.29908778
0.36700002 23307.81558584  1543.90977754
0.36800002 22937.34318112  1396.54020574
0.36900002 22574.77077662  1754.05977243
0.37000002 22220.79160762  1483.90453385
0.37100002 21875.56962376  1708.91957996
0.37200002 21539.83529107  1205.15384162
0.37300002 21212.08976469  1665.99760904
0.37400002 20892.69505498  1292.73556776
0.37500002 20582.09858064  1509.07953942
0.37600002 20279.80502497  1146.82302849
0.37700002 19984.95241634  1246.46154125
0.37800002 19697.97827955  1343.79614189
0.37900002 19419.44889917  1328.29036763
0.38000002 19148.61990751  1532.08115138
0.38100002 18884.40859654  1190.28433023
0.38200002 18628.64453972  1177.23724746
0.38300002 18379.53722404  1164.52753368
0.38400002 18138.50152890  1571.24776938
0.38500002 17903.44585037  1347.59243300
0.38600002 17676.34435265  1128.72302211
0.38700002 17455.72730073  1015.92337703
0.38800002 17241.86477636  1911.51942899
0.38900002 17034.14912966  1395.09687981
0.39000002 16834.14355421  1184.78707948
0.39100002 16639.42861048  1174.07813838
0.39200002 16451.59868112  1066.80396702
0.39300002 16269.68465873  1538.46145422
0.39400002 16094.97496256  1525.80369874
0.39500002 15925.01402489  1324.32422905
0.39600002 15761.15942613  938.57708829
0.39700002 15602.89034318  1024.64185738
0.39800002 15450.63441915  1109.66461656
0.39900002 15303.60382366  1285.50278209
0.40000002 15161.80290475  1367.97373189
0.40100002 15025.74259576  1087.26278574
0.40200002 14894.93934220  900.39912590
0.40300002 14768.64535035  1252.97193089
0.40400002 14647.78790727  1334.77973629
0.40500002 14531.96263789  1061.99587989
0.40600002 14420.77853142  1144.50514237
0.40700002 14314.20854607  963.63256498
0.40800002 14212.39578546  1220.70273185
0.40900002 14114.80135541  1128.47842183
0.41000002 14022.08882209  1210.24654358
0.41100002 13933.37091028  1291.62354458
0.41200002 13848.56713192  943.71065192
0.41300002 13768.59923655  1111.53906903
0.41400002 13691.98190317  1022.79109663
0.41500002 13619.66807705  1019.84079393
0.41600002 13550.58954912  1101.86624140
0.41700002 13485.56368752  1099.20834825
0.41800002 13425.24085455  1350.04228430
0.41900002 13366.40047493  926.29159680
0.42000002 13312.18135022  1092.86357973
0.42100002 13261.86961116  1091.31930201
0.42200002 13214.62596166  922.31486270
0.42300002 13170.07193313  1005.13993757
0.42400002 13128.60642892  920.64356945
0.42500002 13090.61622564  836.49041646
0.42600002 13054.63457296  836.14938402
0.42700002 13022.95640778  1003.28860920
0.42800002 12992.90442567  1254.14015912
0.42900002 12966.95104286  1003.64205828
0.43000002 12942.90343728  836.75874687
0.43100002 12920.52676994  920.97519180
0.43200002 12901.78742473  837.97113295
0.43300002 12885.29773275  1174.36609101
0.43400002 12871.06644185  1175.77197518
0.43500002 12859.01688192  840.97974393
0.43600002 12849.45579236  1010.73824052
0.43700002 12841.56150314  928.05969381
0.43800002 12835.73884370  1267.85016437
0.43900002 12832.57070121  931.64467706
0.44000002 12830.82436831  933.63497940
0.44100002 12831.28412979  1020.85701374
0.44200002 12833.38554399  1364.44561570
0.44300002 12837.42296180  940.46965075
0.44400002 12843.37379097  943.02476529
0.44500002 12849.77846575  945.61524211
0.44600002 12858.23685929  1034.57378673
0.44700002 12869.16043998  951.28838481
0.44800002 12879.99457581  1214.45474611
0.44900002 12894.00252955  1044.41425439
0.45000002 12908.52969950  1047.91449067
0.45100002 12924.12982579  1226.75846120
0.45200002 12941.19135008  1406.96639026
0.45300002 12959.12517197  970.76811264
0.45400002 12978.72532044  1151.53745863
0.45500002 12999.22849357  1066.97672532
0.45600002 13020.61328023  1071.07569919
0.45700002 13043.05669312  1164.87544847
0.45800002 13066.10454744  1079.52160887
0.45900002 13090.21929618  903.22517424
0.46000002 13115.83157610  1179.04773541
0.46100002 13141.19796120  910.68506187
0.46200002 13168.08230764  914.52335961
0.46300002 13195.83791084  918.43036212
0.46400002 13223.31384415  922.32618434
0.46500002 13252.15874192  1296.85631595
0.46600002 13281.23086998  1023.38529319
0.46700002 13310.66634333  934.40882159
0.46800002 13341.54736629  1126.29348204
0.46900002 13371.81628035  1131.25571094
0.47000002 13402.87150246  946.91291653
0.47100002 13434.50067305  1141.39523128
0.47200002 13466.49134655  1146.53712759
0.47300002 13498.91608823  1439.65946905
0.47400002 13530.98869381  1542.53278421
0.47500002 13563.74290187  1162.14154692
0.47600002 13597.10812761  1264.73507244
0.47700002 13629.95265799  977.26765190
0.47800002 13663.02501057  1374.36375096
0.47900002 13696.87315859  986.17491416
0.48000002 13730.34918693  1089.70921487
0.48100002 13764.83075630  995.19731085
0.48200002 13797.42031833  1299.51009428
0.48300002 13830.70950697  1405.75338092
0.48400002 13864.25653709  1210.34965306
0.48500002 13898.13267226  1215.80870380
0.48600002 13931.81614984  1221.26306158
0.48700002 13965.49204387  1124.50147267
0.48800002 13998.08439625  1334.78740087
0.48900002 14031.47075339  1237.57577911
0.49000002 14064.12978432  1553.73481157
0.49100002 14097.54593438  1248.47872713
0.49200002 14129.91783807  1253.88896839
0.49300002 14162.09479601  1154.35240154
0.49400002 14194.35777065  1370.11044876
0.49500002 14225.84648164  1164.24333124
0.49600002 14257.90926685  1594.39077934
0.49700002 14288.84225261  1174.11422355
0.49800002 14319.82798317  1179.02309288
0.49900002 14350.24458346  1291.52207373
0.50000002 14380.53410912  1837.18522220
