# SAXS profile: number of points = 501, q_min = 0, q_max = 0.5, delta_q = 0.001
#    q    intensity    error
0.00000000 1664650.74656090 299.63713438
0.00100000 1664564.30979677 549.30623528
0.00200000 1664304.98387776 973.61844640
0.00300000 1663872.95778257 1297.82095330
0.00400000 1663268.13771330 1372.19626575
0.00500000 1662491.14907755 2393.98734943
0.00600000 1661541.88137873 2093.54285577
0.00700000 1660421.00993784 2391.00635368
0.00800000 1659128.35789297 2911.77039104
0.00900000 1657665.37624425 2486.49817066
0.01000000 1656031.35650404 3005.69704184
0.01100000 1654227.90457944 3573.13242946
0.01200000 1652255.00982112 4188.46663353
0.01300000 1650113.87305457 3811.76321487
0.01400000 1647804.82159913 4078.31711425
0.01500000 1645329.16878178 3948.79018091
0.01600000 1642686.86132123 5445.50718871
0.01700000 1639879.90608616 4870.44353956
0.01800000 1636908.82279776 5598.22842588
0.01900000 1633774.63716369 5881.58895918
0.02000000 1630478.11229192 7704.00942908
0.02100000 1627021.94959693 5906.08994481
0.02200000 1623404.75141721 5600.74664684
0.02300000 1619629.70619098 9912.13425307
0.02400000 1615697.39629102 6664.75206360
0.02500000 1611610.13229772 7542.33576362
0.02600000 1607368.33716547 8462.79468225
0.02700000 1602974.03388530 8752.23862588
0.02800000 1598427.44407821 6953.15970061
0.02900000 1593732.22046738 9323.33391781
0.03000000 1588888.94159843 9604.83409345
0.03100000 1583898.95593852 11404.07300749
0.03200000 1578763.68620916 10159.34478868
0.03300000 1573487.24445692 12839.65650668
0.03400000 1568068.07557092 9055.59355425
0.03500000 1562510.39991893 9281.31220411
0.03600000 1556814.73083155 11232.41880204
0.03700000 1550984.24175824 9724.67164557
0.03800000 1545020.07543505 10846.04143150
0.03900000 1538925.12784104 14773.68191144
0.04000000 1532699.17788673 12253.93049504
0.04100000 1526346.79447494 10577.58377616
0.04200000 1519869.04100591 10783.47134621
0.04300000 1513267.86112136 10986.32518170
0.04400000 1506546.29413723 16270.70073233
0.04500000 1499706.31571795 11382.77146520
0.04600000 1492748.66190354 15785.81783346
0.04700000 1485677.48738100 12836.25408796
0.04800000 1478494.36636795 16300.40114763
0.04900000 1471201.90058391 14344.21919838
0.05000000 1463801.77161424 11198.08407430
0.05100000 1456297.90959799 13630.94906882
0.05200000 1448689.80732691 12668.79295546
0.05300000 1440982.44466300 14006.35001507
0.05400000 1433177.14941168 13006.08323743
0.05500000 1425277.50931086 14366.79796405
0.05600000 1417284.13330204 14541.33588624
0.05700000 1409202.09937415 13486.06472052
0.05800000 1401030.72500648 17358.77149335
0.05900000 1392773.98751047 13788.46312036
0.06000000 1384435.81148936 15201.10592033
0.06100000 1376017.19803491 14076.65659372
0.06200000 1367521.18727263 14215.38340618
0.06300000 1358950.82316491 15655.11421482
0.06400000 1350305.90017619 14482.03145667
0.06500000 1341592.46157196 13281.76599085
0.06600000 1332811.83776440 17413.18747513
0.06700000 1323965.32468350 14854.89163814
0.06800000 1315057.33728564 19055.18170922
0.06900000 1306090.81944971 13713.95424629
0.07000000 1297065.85801107 13813.75203469
0.07100000 1287986.73306994 22256.41178989
0.07200000 1278855.32102434 14003.46642123
0.07300000 1269675.16382740 15502.73447672
0.07400000 1260449.17166120 18434.06999944
0.07500000 1251177.70228876 18542.45441705
0.07600000 1241864.32160580 21515.30038047
0.07700000 1232512.80469571 21630.60073664
0.07800000 1223124.26495095 14494.02321938
0.07900000 1213700.64335965 17477.29008413
0.08000000 1204247.18066561 17557.92471777
0.08100000 1194764.47818829 14695.60377121
0.08200000 1185253.84345342 16232.05214779
0.08300000 1175719.28362013 20739.68913641
0.08400000 1166163.32586598 17842.29972324
0.08500000 1156587.98868753 19395.98148084
0.08600000 1146996.01662495 17961.95846369
0.08700000 1137389.10986743 24021.65912840
0.08800000 1127769.59088152 18066.86969441
0.08900000 1118140.58416835 16604.38845480
0.09000000 1108503.93751860 16644.18740371
0.09100000 1098862.03514159 18197.15615687
0.09200000 1089216.26369807 18233.48111104
0.09300000 1079571.31575974 22832.93440129
0.09400000 1069925.79875681 16771.08768371
0.09500000 1060283.81109201 18321.70511684
0.09600000 1050647.21806422 19872.99306387
0.09700000 1041020.77556874 15303.00612030
0.09800000 1031402.97326841 19911.23533513
0.09900000 1021798.24776647 16859.67188093
0.10000000 1012205.76717859 24535.86895026
0.10100000 1002629.57669467 19942.30321838
0.10200000 993071.39686792 18411.54456394
0.10300000 983532.87083781 18411.73620819
0.10400000 974016.45015420 19942.98775513
0.10500000 964525.44539522 23003.93295500
0.10600001 955056.33437802 21460.11684325
0.10700001 945616.77254949 16850.89167980
0.10800001 936204.83918645 18368.33980928
0.10900001 926824.47667670 19880.38596040
0.11000001 917476.45954753 16803.58214755
0.11100001 908161.74118957 15257.11797019
0.11200001 898883.36049751 19806.89578101
0.11300001 889641.33472903 25861.87481817
0.11400001 880438.37970434 16706.31904150
0.11500001 871276.00102579 16676.22344488
0.11600001 862155.30776502 21183.15690933
0.11700001 853077.73496370 15099.47661997
0.11800001 844043.96245699 18079.42252734
0.11900001 835055.28477949 16534.09541742
0.12000001 826113.53002865 19492.14965920
0.12100001 817221.34779504 19441.69677991
0.12200001 808378.05990441 14914.57590788
0.12300001 799586.18274636 19333.99480972
0.12400001 790845.41859211 19276.85798646
0.12500001 782156.81919909 19217.59395326
0.12600001 773523.93066425 22103.44736032
0.12700001 764945.14749386 16155.64227643
0.12800001 756422.14195607 20491.47679134
0.12900001 747956.56545243 20419.21519925
0.13000001 739548.84299448 14532.13544981
0.13100001 731198.95261715 18821.06192755
0.13200001 722908.52891891 21633.03874769
0.13300001 714679.52686775 18674.57691743
0.13400001 706510.63447349 17168.20922711
0.13500001 698404.18673613 29919.63677043
0.13600001 690359.35942536 15605.57405562
0.13700001 682378.28655581 18362.80055708
0.13800001 674459.78142371 18281.23323755
0.13900001 666606.78774241 15398.61752302
0.14000001 658818.06252990 18114.20348354
0.14100001 651094.55368977 15255.14611243
0.14200001 643436.19447226 15181.87772463
0.14300001 635845.22562039 17854.53477758
0.14400001 628318.43064941 16399.11181349
0.14500001 620860.39594573 16316.21197512
0.14600001 613468.78745273 20290.48110219
0.14700001 606146.30586756 14802.09348760
0.14800001 598888.70567724 14723.67952372
0.14900001 591700.67927613 15975.91909421
0.15000001 584579.77592516 14564.80580438
0.15100001 577527.71185103 18434.68543212
0.15200001 570544.09657227 17022.18392446
0.15300001 563630.03008979 16925.81060231
0.15400001 556782.08627152 15534.22094005
0.15500001 550004.58816911 15444.12956464
0.15600001 543293.20197979 16632.92216360
0.15700001 536653.72456276 12718.69387242
0.15800001 530079.10387384 13906.62594651
0.15900001 523575.47112242 13822.39309006
0.16000001 517137.37758929 17484.41556160
0.16100001 510770.55169131 13652.89749118
0.16200001 504470.41839013 12334.30231189
0.16300001 498238.17226275 15933.65750116
0.16400001 492073.78396383 13396.70940087
0.16500001 485976.27187664 18151.21461154
0.16600001 479946.78506337 12022.66753346
0.16700001 473983.01613245 17916.55885573
0.16800001 468085.07034056 16612.33993076
0.16900001 462255.67383564 15323.77631121
0.17000001 456490.99010831 15221.69278393
0.17100001 450791.49285045 15119.54738417
0.17200001 445158.13593394 16172.59584220
0.17300001 439589.32600784 13767.93834075
0.17400001 434085.15380696 13673.68299067
0.17500001 428644.97454474 11316.22786242
0.17600001 423266.94659470 13485.28555541
0.17700001 417953.95615534 14507.18250333
0.17800001 412702.39949876 12189.16594492
0.17900001 407513.59431601 15404.01459273
0.18000001 402386.54743394 10924.79527886
0.18100001 397322.05798763 11931.58196497
0.18200001 392315.93450715 13999.79478421
0.18300001 387370.98085650 11760.58353437
0.18400001 382485.32707201 11675.36516043
0.18500001 377660.42110009 12644.07149576
0.18600001 372892.43782153 11505.59671255
0.18700001 368182.19598192 13497.55994239
0.18800001 363529.44548028 11336.66629292
0.18900001 358935.56802208 13298.56342354
0.19000001 354393.86321642 12184.06159306
0.19100001 349912.41375215 12092.97359067
0.19200001 345482.96165379 16002.77153996
0.19300001 341110.21483076 13896.83080887
0.19400001 336789.37278767 11821.30754345
0.19500001 332522.70919135 9776.16811220
0.19600001 328308.62608798 11641.82443123
0.19700001 324146.14926397 11552.56930571
0.19800001 320035.59588278 14329.59448285
0.19900001 315976.22778758 14218.93092243
0.20000001 311965.61388891 9405.76370328
0.20100001 308006.11029156 9332.58558291
0.20200001 304094.06189963 12963.53047148
0.20300001 300231.79781350 10105.80279205
0.20400001 296416.79961337 11849.26212461
0.20500001 292648.20652798 10851.39601097
0.20600001 288926.25775475 10765.39287280
0.20700001 285250.80198732 9789.80798696
0.20800001 281619.08012065 13243.13786868
0.20900001 278034.63795695 11385.51896255
0.21000001 274492.06546591 12162.74399576
0.21100001 270993.49471924 12064.63095524
0.21200001 267537.41987817 8547.82096920
0.21300001 264122.80356988 10174.01087449
0.21400001 260750.81967390 14295.66436447
0.21500001 257420.59521108 11676.59875082
0.21600001 254129.51796231 14062.25754129
0.21700001 250878.73049847 9024.10836269
0.21800001 247667.33845551 8949.45969823
0.21900001 244493.70862667 10488.78059601
0.22000001 241358.10797778 8801.12382355
0.22100001 238261.45044102 7934.10667484
0.22200001 235201.73679686 14948.24708894
0.22300001 232177.31124430 8581.27382936
0.22400001 229188.29690685 10829.14754092
0.22500001 226237.10260797 8436.38195518
0.22600001 223318.46684224 8364.39357111
0.22700001 220436.31999545 9046.70700042
0.22800001 217586.83366224 8221.51889872
0.22900001 214769.82502741 11114.33897078
0.23000001 211986.93091836 7345.34750370
0.23100001 209236.94498852 7281.44602996
0.23200001 206517.23122445 9383.11084444
0.23300001 203829.42860554 10731.61992363
0.23400001 201173.37310034 8509.63408461
0.23500001 198546.06479224 9839.94343650
0.23600001 195950.40350129 9055.84832613
0.23700001 193383.51874816 6903.79194584
0.23800001 190846.07265427 7526.01523109
0.23900001 188337.03830161 9492.18717938
0.24000001 185856.23870835 7390.57368181
0.24100001 183404.58023629 8654.86255074
0.24200001 180979.80506845 7256.38562746
0.24300001 178582.09464024 9150.54696221
0.24400001 176210.89346708 8418.47583361
0.24500001 173866.28772674 7698.79958473
0.24600001 171547.58723284 8262.58992993
0.24700001 169254.96679967 10074.05610048
0.24800001 166987.59006777 6236.98678408
0.24900001 164744.30979788 8649.07667355
0.25000001 162526.78575096 6731.04715031
0.25100001 160332.34121527 6666.61906312
0.25200001 158163.53696449 6002.30651177
0.25300001 156018.29187443 7133.15664197
0.25400001 153895.69521767 7652.46380675
0.25500001 151796.17855319 6411.87088544
0.25600001 149720.04084021 6348.87863221
0.25700001 147665.78824979 8000.53278591
0.25800001 145634.39838134 6223.68630929
0.25900001 143625.02480968 7281.78910239
0.26000001 141637.56634218 6099.62208313
0.26100001 139670.53820607 6586.86289346
0.26200001 137726.11309110 8149.94312780
0.26300001 135801.80657203 5377.75179471
0.26400001 133898.55899079 6386.96156608
0.26500001 132016.48829392 7374.44138505
0.26600001 130153.73627414 5733.92312288
0.26700001 128312.22972224 5673.96706681
0.26800001 126491.11078749 5614.30821798
0.26900001 124687.99368701 6564.82317828
0.27000001 122905.90891850 7494.18815095
0.27100001 121142.46315919 6425.39655003
0.27200001 119399.71965645 5378.36062645
0.27300001 117675.07022176 5803.73473799
0.27400001 115967.52334377 5740.39267718
0.27500001 114281.60571791 5677.51044076
0.27600001 112611.87647675 5146.92605795
0.27700001 110962.09141567 6015.25526032
0.27800001 109329.48816069 6405.61501449
0.27900001 107716.33694291 5881.31227543
0.28000001 106119.52537346 4920.23202681
0.28100001 104541.51404719 4864.31687884
0.28200001 102981.66086459 5683.04322379
0.28300001 101438.72142162 5617.67665822
0.28400001 99913.01067382  5979.79397186
0.28500001 98405.19058927  5065.89945131
0.28600001 96914.23252250  5841.02107060
0.28700001 95440.34187127  5359.92985319
0.28800001 93982.62430187  4888.97634759
0.28900001 92543.84462101  4830.78891788
0.29000001 91120.04517198  5568.34622403
0.29100001 89713.63751497  5894.18626373
0.29200001 88323.83425707  6210.93231895
0.29300001 86950.46434035  4601.41879070
0.29400001 85592.73030558  5302.46989343
0.29500001 84252.28738725  4863.04225819
0.29600001 82927.43228968  4433.30074007
0.29700001 81618.48940406  4378.01597888
0.29800001 80325.52425723  3602.59993348
0.29900001 79049.04140108  5335.81054717
0.30000001 77787.44714291  4916.94476667
0.30100001 76542.91993472  5894.57054322
0.30200001 75312.02636943  3765.22493659
0.30300001 74098.36213088  4730.43966238
0.30400001 72900.01338081  3668.69334707
0.30500001 71716.49148982  3291.78711522
0.30600001 70547.50915243  4223.32683535
0.30700001 69394.97316697  3526.65270331
0.30800001 68256.94494802  5061.93527700
0.30900001 67134.18953902  4058.26194977
0.31000001 66026.66560137  4312.20173459
0.31100001 64933.05360835  3038.86705275
0.31200001 63854.97471762  3297.79032543
0.31300001 62790.98981132  3844.69248818
0.31400001 61742.63092993  3209.07339452
0.31500001 60707.96470299  3165.31342948
0.31600002 59688.20792596  2838.17442126
0.31700002 58682.76077898  3359.00138603
0.31800002 57691.56700412  3036.59577304
0.31900002 56714.77388923  3266.77113070
0.32000002 55752.22594632  2952.91678707
0.32100002 54803.09285897  2646.98951042
0.32200002 53869.23166632  3131.95727738
0.32300002 52947.65651374  2830.58185126
0.32400002 52040.36785691  2790.66485847
0.32500002 51146.87858067  2751.19072913
0.32600002 50267.38110153  2958.73819174
0.32700002 49400.80200579  2673.57153115
0.32800002 48548.59709966  3354.22273245
0.32900002 47708.93746742  3070.07027141
0.33000002 46883.54211521  4189.98235725
0.33100002 46068.92331598  2753.07898773
0.33200002 45270.51928879  2487.38880011
0.33300002 44483.63661077  2674.35635968
0.33400002 43710.00147704  2855.35598170
0.33500002 42948.48408686  2381.06407053
0.33600002 42200.49695577  2133.23522214
0.33700002 41464.22348319  3153.35434523
0.33800002 40741.62859479  2486.05429459
0.33900002 40030.39482506  2449.86027931
0.34000002 39332.10349630  2011.83718911
0.34100002 38645.68019784  2379.02818565
0.34200002 37972.06633828  2930.49435844
0.34300002 37309.49110204  2117.68681524
0.34400002 36660.15288700  2845.74450263
0.34500002 36021.74135978  2056.48131162
0.34600002 35396.04132558  2395.07324973
0.34700002 34780.39474507  1815.53669168
0.34800002 34177.71141166  1968.12360485
0.34900002 33585.71548209  2292.22519022
0.35000002 33005.30731160  2085.27541471
0.35100002 32436.63583332  2055.18534374
0.35200002 31877.76458520  2531.89157210
0.35300002 31330.39409654  2162.73720692
0.35400002 30794.20746538  2295.70827528
0.35500002 30268.82915653  2586.16888562
0.35600002 29753.17131157  1593.28239920
0.35700002 29248.66262459  1884.78390880
0.35800002 28754.96012424  1703.30014364
0.35900002 28271.48147276  1679.32607902
0.36000002 27798.43726537  1655.81399414
0.36100002 27334.78206730  1929.56235753
0.36200002 26882.06867434  1463.72870865
0.36300002 26438.34945735  1732.24073850
0.36400002 26004.38628462  1708.48825983
0.36500002 25580.05292314  1544.77946920
0.36600002 25165.52438554  2078.04327457
0.36700002 24759.82830875  1776.76536360
0.36800002 24364.97027624  1483.46128554
0.36900002 23978.19472521  1330.78987029
0.37000002 23600.14025728  1576.01744104
0.37100002 23230.94618462  1814.80160191
0.37200002 22871.41981965  1663.55279938
0.37300002 22520.04001372  1642.38659600
0.37400002 22177.28444978  1496.96677127
0.37500002 21843.32522742  1355.15996130
0.37600002 21517.98896672  1216.84233371
0.37700002 21200.26670592  1682.87725084
0.37800002 20890.54225460  1543.91559846
0.37900002 20589.58012412  1525.68795947
0.38000002 20296.33350676  1391.92261783
0.38100002 20009.90253356  1605.19445728
0.38200002 19732.15020344  1473.69570776
0.38300002 19461.30774200  1457.26279276
0.38400002 19198.61002200  1330.46373755
0.38500002 18942.22491437  1096.75487450
0.38600002 18694.02770284  1627.78253934
0.38700002 18452.25771791  1181.31359507
0.38800002 18217.69477096  1594.50381037
0.38900002 17989.37367335  1578.56761462
0.39000002 17769.00575590  1146.36746065
0.39100002 17554.22612848  1032.18854526
0.39200002 17346.42042473  1533.85729873
0.39300002 17144.77966765  1418.55913691
0.39400002 16950.59655369  1305.61976140
0.39500002 16761.36866858  1095.18788069
0.39600002 16578.49304349  1085.97423826
0.39700002 16401.37605036  1077.07841626
0.39800002 16230.49345475  1068.53458722
0.39900002 16065.05428979  1349.46462428
0.40000002 15905.05340473  1243.69570991
0.40100002 15751.10159152  1234.72891226
0.40200002 15602.54339058  1131.80855118
0.40300002 15458.78611122  936.80248273
0.40400002 15320.64999975  1303.02134422
0.40500002 15187.84639995  1017.43387854
0.40600002 15059.76353017  1287.15804991
0.40700002 14936.73659467  1371.19248436
0.40800002 14818.50389598  1272.76135993
0.40900002 14704.81830767  1175.65027940
0.41000002 14596.27201323  899.86021225
0.41100002 14491.85623020  1164.27578470
0.41200002 14391.59106071  1337.33866268
0.41300002 14296.48897568  976.59320820
0.41400002 14204.87327765  1237.95476481
0.41500002 14117.79142318  969.04524920
0.41600002 14034.22491763  965.62489121
0.41700002 13954.90571604  962.46989284
0.41800002 13880.47014702  1134.10386710
0.41900002 13807.83432849  1217.85104548
0.42000002 13740.05232492  954.45277998
0.42100002 13676.33895146  1385.13967464
0.42200002 13615.92970431  1123.11001488
0.42300002 13558.39136918  1121.00785152
0.42400002 13504.21588353  1205.25132472
0.42500002 13453.73637126  1031.63255383
0.42600002 13405.46459236  944.48205261
0.42700002 13361.74571720  1286.73617354
0.42800002 13319.99716001  1028.57022944
0.42900002 13282.34747524  1113.72488858
0.43000002 13246.89112152  1198.97617223
0.43100002 13213.37927257  941.84971918
0.43200002 13183.63975150  941.90518668
0.43300002 13156.38704167  1199.07317180
0.43400002 13131.56862537  1028.20187209
0.43500002 13109.22798907  943.07790622
0.43600002 13089.58337110  943.82445370
0.43700002 13071.75292069  1030.57704911
0.43800002 13056.09888263  1289.61622825
0.43900002 13043.41857612  946.95223350
0.44000002 13032.38806939  1034.51101397
0.44100002 13023.71754827  1208.86152012
0.44200002 13016.87763106  951.46871553
0.44300002 13012.15194558  1126.59216884
0.44400002 13009.51481429  1128.90070151
0.44500002 13007.51823379  1392.32481773
0.44600002 13007.85791501  1308.26537180
0.44700002 13010.75174892  1136.61932665
0.44800002 13013.79745237  964.12722995
0.44900002 13020.22778800  1406.18466775
0.45000002 13027.24053648  1145.68072328
0.45100002 13035.58406134  1060.57516949
0.45200002 13045.58007793  886.44720831
0.45300002 13056.57615839  978.06816638
0.45400002 13069.37310648  1694.77103790
0.45500002 13083.30357862  894.89800719
0.45600002 13098.33508981  987.68000426
0.45700002 13114.54683861  1171.26023367
0.45800002 13131.49529641  1084.92419281
0.45900002 13149.54015381  1088.78197634
0.46000002 13169.42555480  1001.73240230
0.46100002 13189.16321415  1005.40995947
0.46200002 13210.58205440  1467.95994746
0.46300002 13232.97583882  1013.11667824
0.46400002 13255.31888287  1017.01438949
0.46500002 13279.09300282  1485.13383182
0.46600002 13303.20989900  1211.45686687
0.46700002 13327.85198144  1029.17677879
0.46800002 13354.14410763  1127.35689900
0.46900002 13379.99613044  1131.94772629
0.47000002 13406.68188885  1231.33675644
0.47100002 13434.00444424  951.12755973
0.47200002 13461.93179065  1241.66133756
0.47300002 13490.42630412  1246.92016239
0.47400002 13518.65989039  963.20456284
0.47500002 13547.67659398  1257.49540106
0.47600002 13577.46851833  1165.76150224
0.47700002 13606.77723707  1268.28776638
0.47800002 13636.53653186  1077.76371588
0.47900002 13667.09236580  1082.43376668
0.48000002 13697.40257757  1284.74793566
0.48100002 13728.89896064  1488.89916285
0.48200002 13758.53179527  1594.88908130
0.48300002 13788.95674185  1801.94095244
0.48400002 13819.84921580  1407.55170935
0.48500002 13851.15924187  1312.67442357
0.48600002 13882.25122056  1115.50834970
0.48700002 13913.41023887  1018.46167776
0.48800002 13943.75830114  1636.43955179
0.48900002 13974.83924040  1129.86580614
0.49000002 14005.30351753  1444.08691414
0.49100002 14036.73531472  1243.09333840
0.49200002 14067.09379392  1248.31396244
0.49300002 14097.40438029  1358.00302832
0.49400002 14127.82882693  1573.48701018
0.49500002 14157.55300831  1369.31859187
0.49600002 14188.01552720  1586.57491154
0.49700002 14217.40610948  1380.65237274
0.49800002 14246.86373264  1386.29114122
0.49900002 14275.86512868  1177.75892894
0.50000002 14304.80271920  1505.00836543
