# SAXS profile: number of points = 501, q_min = 0, q_max = 0.5, delta_q = 0.001
#    q    intensity    error
0.00000000 1682732.95097188 302.89193117
0.00100000 1682645.98308277 858.14947175
0.00200000 1682385.06285154 1135.60995338
0.00300000 1681950.37740478 1211.00431487
0.00400000 1681341.84308579 1513.20771628
0.00500000 1680560.08527023 1966.25537759
0.00600000 1679604.96462563 2116.30234159
0.00700000 1678477.20625448 2215.59000434
0.00800000 1677176.59667445 2717.02620133
0.00900000 1675704.58220982 3518.97977307
0.01000000 1674060.48612985 3867.07988994
0.01100000 1672245.93905799 3311.04710350
0.01200000 1670260.88518733 5536.91507716
0.01300000 1668106.52637432 4904.23340384
0.01400000 1665783.20666721 5247.21733362
0.01500000 1663292.24180928 5588.66218134
0.01600000 1660633.58491848 4658.07741393
0.01700000 1657809.24052951 6266.51921031
0.01800000 1654819.78322210 6602.73123216
0.01900000 1651666.11953485 5450.49844041
0.02000000 1648349.13588485 5711.53001421
0.02100000 1644871.47417665 7056.49894415
0.02200000 1641231.79668242 9625.82492487
0.02300000 1637433.20152826 7073.71175259
0.02400000 1633476.35456604 8575.75125250
0.02500000 1629363.55069757 8896.32539311
0.02600000 1625095.23412222 10530.61759876
0.02700000 1620673.35645280 8848.87693152
0.02800000 1616098.28411079 9842.03900159
0.02900000 1611373.54984274 7251.18130722
0.03000000 1606499.74138453 11205.33621121
0.03100000 1601478.32937977 9224.51560168
0.03200000 1596310.60941495 11062.43303276
0.03300000 1591000.77660555 8114.10433475
0.03400000 1585547.37699842 10821.36134732
0.03500000 1579954.35092287 10238.10466676
0.03600000 1574222.42759981 12231.70882772
0.03700000 1568354.73171247 11621.50909946
0.03800000 1562352.54927764 9139.76283626
0.03900000 1556218.57294174 12138.50543108
0.04000000 1549952.76239373 10485.43092348
0.04100000 1543559.42870407 12641.75230724
0.04200000 1537040.05943175 11896.69061192
0.04300000 1530396.36069728 11110.67809440
0.04400000 1523631.12411701 15426.76584813
0.04500000 1516746.81078870 10465.55348072
0.04600000 1509744.03024994 11708.06549886
0.04700000 1502626.71600058 12982.69543004
0.04800000 1495396.58793246 10991.16543270
0.04900000 1488056.38741865 16740.63513769
0.05000000 1480607.58019678 13591.97821913
0.05100000 1473054.34827234 16085.75423247
0.05200000 1465395.94822118 12814.88816438
0.05300000 1457637.71333929 12987.55263131
0.05400000 1449780.44420569 14352.82706696
0.05500000 1441828.24913725 15744.76521506
0.05600000 1433781.26752845 17162.36257318
0.05700000 1425645.17476044 14883.73631925
0.05800000 1417418.92675661 18816.23713127
0.05900000 1409106.46112279 16486.54636515
0.06000000 1400711.79355475 15379.81621176
0.06100000 1392236.08974282 16832.13511158
0.06200000 1383682.26081909 14383.37777354
0.06300000 1375053.31622540 14520.56369825
0.06400000 1366349.15864028 17318.47639569
0.06500000 1357575.69032447 16127.99995549
0.06600000 1348734.52244608 18976.69561871
0.06700000 1339826.69950618 19132.72616434
0.06800000 1330856.73153148 20661.55172417
0.06900000 1321827.72841502 16655.03015780
0.07000000 1312739.53152814 13980.67666547
0.07100000 1303596.44519206 14078.84226750
0.07200000 1294400.71643264 18425.79506161
0.07300000 1285155.46512048 18544.79423062
0.07400000 1275863.85962653 14353.46909346
0.07500000 1266526.18246618 18769.91890394
0.07600000 1257146.02747045 14520.03729799
0.07700000 1247727.11645763 16058.24874176
0.07800000 1238270.78052089 17608.21132477
0.07900000 1228778.68207989 16219.87936423
0.08000000 1219256.25800257 19258.15349857
0.08100000 1209704.18246985 22319.04321374
0.08200000 1200123.62254450 25400.61766308
0.08300000 1190518.62497439 16500.58891655
0.08400000 1180891.85385343 21078.92058070
0.08500000 1171245.15809926 21152.68854829
0.08600000 1161581.34412777 25769.68332940
0.08700000 1151902.30955134 19766.64456010
0.08800000 1142209.99463070 15248.50414445
0.08900000 1132507.85008123 21404.39937189
0.09000000 1122797.74933997 16858.80899829
0.09100000 1113082.06045971 18432.63978720
0.09200000 1103361.92908744 18470.27956078
0.09300000 1093642.43407167 20046.46675856
0.09400000 1083921.86692114 16990.47606250
0.09500000 1074204.61315309 20109.11130341
0.09600000 1064492.37534379 18586.03774719
0.09700000 1054789.94905196 15505.41298002
0.09800000 1045095.75923088 17071.64002971
0.09900000 1035414.50373248 18637.46194356
0.10000000 1025745.05635339 18648.04600147
0.10100000 1016091.67527568 21764.68470804
0.10200000 1006456.28136635 18659.70033422
0.10300000 996840.10292022 18660.84760449
0.10400000 987245.60403013 15549.11899498
0.10500000 977676.48472631 18654.06820624
0.10600001 968128.95927162 15538.47052745
0.10700001 958611.05189708 15529.49977151
0.10800001 949120.14433267 20173.54961719
0.10900001 939660.81227939 18605.28495880
0.11000001 930233.79433696 17037.23274522
0.11100001 920839.69967499 17017.11845105
0.11200001 911481.98619509 16994.58243266
0.11300001 902160.35753523 18512.33140820
0.11400001 892877.78925618 18482.57110784
0.11500001 883635.53135716 15375.25896960
0.11600001 874434.95396285 16880.96758120
0.11700001 865277.44702333 19910.03499367
0.11800001 856163.46163701 18339.02221200
0.11900001 847094.74751260 21346.78864279
0.12000001 838072.75795728 18253.22552813
0.12100001 829100.15444481 19724.29360342
0.12200001 820176.63150867 16645.48552066
0.12300001 811304.37993327 18108.31461327
0.12400001 802483.11293544 21065.18270709
0.12500001 793714.23372076 18001.43966902
0.12600001 785000.97224683 20935.97691640
0.12700001 776341.77335900 22358.64412642
0.12800001 767738.33804161 19312.45880362
0.12900001 759192.58078043 17765.10722757
0.13000001 750704.48917597 16226.47829837
0.13100001 742274.39304240 16166.73704253
0.13200001 733903.77716171 20497.93346241
0.13300001 725594.56169701 17501.34165320
0.13400001 717345.55488878 18884.12262275
0.13500001 709159.34029890 18806.90659144
0.13600001 701034.48042293 17287.51110235
0.13700001 692973.84884630 18647.92715176
0.13800001 684975.65502402 17138.09169686
0.13900001 677043.02593883 21326.85632281
0.14000001 669174.97678985 19814.27199720
0.14100001 661372.16693510 23948.28729419
0.14200001 653634.79664554 15422.51375426
0.14300001 645964.91658180 15348.12714192
0.14400001 638359.20689087 19438.03876672
0.14500001 630822.50101201 15196.51476623
0.14600001 623352.52275567 15119.41615269
0.14700001 615951.97513934 21878.61518911
0.14800001 608616.28364882 17683.34695569
0.14900001 601350.29485008 13530.38227250
0.15000001 594151.82099127 14803.29331846
0.15100001 587022.31392506 17399.34220573
0.15200001 579961.57675533 13310.11881460
0.15300001 572970.69500175 15882.74841494
0.15400001 566045.97726243 15792.68351089
0.15500001 559192.00627055 13085.09356426
0.15600001 552404.32250453 23416.42033610
0.15700001 545689.07023118 16812.68104733
0.15800001 539038.73614682 16712.89680306
0.15900001 532459.63878173 15334.83832073
0.16000001 525946.50215551 17782.25207724
0.16100001 519504.87544052 13886.36597602
0.16200001 513130.21361395 16309.84460964
0.16300001 506823.59814336 16208.21943378
0.16400001 500585.32029533 17345.28216710
0.16500001 494414.10751295 13542.00304412
0.16600001 488311.34561041 12232.19978506
0.16700001 482274.53118044 14583.98251148
0.16800001 476303.97449135 15696.59822050
0.16900001 470402.26554949 13194.78417170
0.17000001 464565.53283273 14299.32777580
0.17100001 458794.30580036 14204.27237832
0.17200001 453089.62488344 12933.44395305
0.17300001 447449.98623497 15181.97874991
0.17400001 441875.19807066 13919.06939657
0.17500001 436364.75363673 14976.03905209
0.17600001 430916.75629022 17161.26062977
0.17700001 425534.35821225 13634.12148107
0.17800001 420213.55524244 20308.92208410
0.17900001 414955.96329544 13444.57384581
0.18000001 409760.43890137 15574.99501833
0.18100001 404628.03805196 13255.61515273
0.18200001 399554.15514121 13161.31449206
0.18300001 394542.05094375 11978.29723250
0.18400001 389589.48180989 14054.44122023
0.18500001 384698.04063011 12879.69100876
0.18600001 379864.11948955 13851.74577159
0.18700001 375088.09910468 10577.48489448
0.18800001 370370.17203951 12599.99384809
0.18900001 365711.35026136 12507.32876988
0.19000001 361105.22545616 12414.79823777
0.19100001 356559.78784938 11295.81461280
0.19200001 352066.56687896 15288.49138912
0.19300001 347630.70062541 12139.26463945
0.19400001 343246.91660170 10039.97278503
0.19500001 338917.89646598 12953.44261505
0.19600001 334641.77511291 13844.13089064
0.19700001 330417.82584555 9813.40989137
0.19800001 326246.06507728 14607.66825418
0.19900001 322126.11784248 12562.91918958
0.20000001 318055.08078464 13425.10559441
0.20100001 314035.78555209 9515.28475194
0.20200001 310064.18362397 11329.74580510
0.20300001 306143.00108130 11241.57153103
0.20400001 302269.28360342 9294.78091013
0.20500001 298442.63590776 11066.25346253
0.20600001 294663.06888926 11894.07533792
0.20700001 290930.21862975 12707.83255044
0.20800001 287241.63745821 9005.02575998
0.20900001 283600.60568241 9826.76145142
0.21000001 280002.08067439 9748.27289950
0.21100001 276447.98513107 8791.04634275
0.21200001 272936.70858431 9592.36107667
0.21300001 269467.45750840 10379.88695394
0.21400001 266041.22069943 10295.79572782
0.21500001 262657.09346213 10212.10827661
0.21600001 259312.67248060 9284.69067713
0.21700001 256008.70580228 10045.78209064
0.21800001 252744.91716757 8302.67092151
0.21900001 249519.07074083 11527.78161328
0.22000001 246331.70348897 8165.89635676
0.22100001 243183.81540067 11337.23001004
0.22200001 240073.22050692 9636.53952681
0.22300001 236998.36395197 8759.45994586
0.22400001 233959.15712934 10264.95850444
0.22500001 230958.50211208 10961.29102857
0.22600001 227990.72606353 8539.39304852
0.22700001 225059.86160846 8466.75239410
0.22800001 222161.94761270 9920.64223979
0.22900001 219296.96937865 9078.89496163
0.23000001 216466.60212370 10500.79536562
0.23100001 213669.53513290 8179.27019171
0.23200001 210903.02315100 7371.06100773
0.23300001 208169.10530636 8037.40953600
0.23400001 205467.22695090 7242.72009257
0.23500001 202794.31099231 8614.70273840
0.23600001 200153.65486158 8538.55532024
0.23700001 197542.05551432 7757.47688696
0.23800001 194960.40265217 10483.99614850
0.23900001 192407.47551359 7619.33639073
0.24000001 189883.22475765 8237.13467961
0.24100001 187388.56855117 8162.64643219
0.24200001 184920.96682518 8762.48042749
0.24300001 182481.08516279 8014.56963946
0.24400001 180068.01528700 12573.24976217
0.24500001 177681.82167170 11145.98120072
0.24600001 175322.11493998 7145.25313239
0.24700001 172988.75377195 7078.70013921
0.24800001 170680.97770446 10199.89571014
0.24900001 168397.63189446 6946.40264426
0.25000001 166140.60547751 9382.79113823
0.25100001 163906.92665627 8054.38675693
0.25200001 161699.23581128 7977.43217616
0.25300001 159515.45098243 7293.04676395
0.25400001 157354.81170920 7824.46838242
0.25500001 155217.44577312 5960.35019968
0.25600001 153103.92817989 6492.37238164
0.25700001 151012.55631659 7597.44206775
0.25800001 148944.57791451 8679.74568864
0.25900001 146898.83801490 7447.77143975
0.26000001 144875.25751839 7940.61324030
0.26100001 142872.78104971 7299.37072921
0.26200001 140892.86109797 6114.04599664
0.26300001 138933.53121973 6602.12171596
0.26400001 136995.70280194 5990.13738846
0.26500001 135079.35223012 7006.56633172
0.26600001 133182.58561293 8000.94420930
0.26700001 131307.44970872 7917.83959211
0.26800001 129452.95454726 5745.76965947
0.26900001 127616.91873643 6719.03108943
0.27000001 125802.06668482 7670.78137911
0.27100001 124006.27043017 8601.07532406
0.27200001 122231.50826176 5505.91855021
0.27300001 120475.11740827 6932.13858373
0.27400001 118736.06598757 8326.36702142
0.27500001 117018.97278261 5813.50284297
0.27600001 115318.42954442 5270.62907177
0.27700001 113638.12354261 5686.45197119
0.27800001 111975.37042332 6092.02031620
0.27900001 110332.14974081 6024.13566096
0.28000001 108705.74250125 7789.31034758
0.28100001 107098.29664328 4983.28397867
0.28200001 105509.40156133 4478.87430826
0.28300001 103937.65175978 4870.51859199
0.28400001 102383.47778509 6565.34082371
0.28500001 100847.35644057 6056.89251450
0.28600001 99328.44032927  4703.69851443
0.28700001 97826.91839887  7184.40922727
0.28800001 96341.78584018  5846.98325940
0.28900001 94875.78674143  4539.80661046
0.29000001 93424.99346673  4485.80127364
0.29100001 91992.08267559  4432.17875311
0.29200001 90575.84945366  5573.13228069
0.29300001 89176.28503513  5899.01153431
0.29400001 87792.67068943  3884.82586190
0.29500001 86426.68925644  4988.54874002
0.29600001 85076.43076181  3790.15516986
0.29700001 83742.34119753  4866.26767735
0.29800001 82424.35409116  5545.09868398
0.29900001 81123.29972652  4745.71325866
0.30000001 79837.32979383  4686.05229408
0.30100001 78568.52615238  3915.06984351
0.30200001 77313.80785034  4216.69527978
0.30300001 76076.30236100  4509.80341746
0.30400001 74854.42861061  4109.50832527
0.30500001 73647.56747021  3718.46585761
0.30600001 72455.60561328  3670.23887610
0.30700001 71280.16480244  4610.40127769
0.30800001 70119.55941583  3575.04590607
0.30900001 68974.37059133  3848.77006121
0.31000001 67844.60439356  4747.42641720
0.31100001 66728.95555782  3435.20679476
0.31200001 65629.03186103  4621.92478764
0.31300001 64543.45407194  5471.99429530
0.31400001 63473.82826935  2999.13852773
0.31500001 62417.92395923  4437.91460362
0.31600002 61377.05229392  4377.71846214
0.31700002 60350.78540860  3742.35238038
0.31800002 59338.97155242  3407.24390787
0.31900002 58341.72133058  3080.44303211
0.32000002 57359.03697953  2761.83776134
0.32100002 56389.84046305  3268.35530799
0.32200002 55436.05504035  3491.64009205
0.32300002 54494.73035772  4767.19923742
0.32400002 53567.96545185  3394.86997126
0.32500002 52655.01585842  2832.31343714
0.32600002 51756.44577904  2538.65378567
0.32700002 50870.85573577  3003.41546486
0.32800002 49999.75956145  2714.23707632
0.32900002 49141.45010077  2432.50189518
0.33000002 48297.62214171  3596.96557933
0.33100002 47464.68610110  2600.11562775
0.33200002 46648.05880672  2796.08477728
0.33300002 45843.09341648  2985.76081561
0.33400002 45051.75051458  2490.23562762
0.33500002 44272.43965958  3346.99659677
0.33600002 43506.99066618  2419.20633056
0.33700002 42753.27649361  2817.86858714
0.33800002 42013.49632867  2563.66366738
0.33900002 41285.12575068  2316.09566430
0.34000002 40569.96685149  2490.18468328
0.34100002 39866.73430943  3067.74535039
0.34200002 39176.52657250  2620.32210390
0.34300002 38497.32910926  2185.10850373
0.34400002 37831.65132946  2740.90326863
0.34500002 37177.05488584  2701.28493594
0.34600002 36535.32677542  2281.99661847
0.34700002 35903.70029390  2249.00789292
0.34800002 35285.23781157  2586.05520169
0.34900002 34677.56421578  2184.68664906
0.35000002 34081.58153556  1794.39535283
0.35100002 33497.54010913  1768.67020153
0.35200002 32923.35777356  1917.62106435
0.35300002 32360.81601479  2233.86723530
0.35400002 31809.61701175  1863.24840471
0.35500002 31269.40659615  2170.72230872
0.35600002 30738.98310253  1810.67988542
0.35700002 30219.72984847  1622.79956973
0.35800002 29711.65874907  2559.95663907
0.35900002 29213.72448998  1577.54119718
0.36000002 28726.33969291  1555.53136805
0.36100002 28248.50916886  1840.67294463
0.36200002 27781.87581481  2117.81249368
0.36300002 27324.07210598  2088.65217071
0.36400002 26876.37206144  1912.92587208
0.36500002 26438.31990969  2467.48851405
0.36600002 26010.20022466  1718.23390823
0.36700002 25590.99748753  1553.88544105
0.36800002 25182.82231226  1393.86928101
0.36900002 24782.75119277  1512.98703199
0.37000002 24391.55466606  1764.60710590
0.37100002 24009.24127042  1741.63044426
0.37200002 23636.81440850  1586.97579456
0.37300002 23272.58726452  2088.94753182
0.37400002 22917.13272573  1546.90653226
0.37500002 22570.56717027  1400.27805358
0.37600002 22232.67703914  1257.25794612
0.37700002 21902.52196477  1490.24766508
0.37800002 21580.48196243  1349.53550345
0.37900002 21267.27328621  1818.35195211
0.38000002 20961.96343218  1677.16677366
0.38100002 20663.51739817  1302.42156331
0.38200002 20373.88500696  1521.62367383
0.38300002 20091.09086966  1967.31971116
0.38400002 19816.78103708  1602.18682275
0.38500002 19548.58411677  1471.42199618
0.38600002 19288.96712355  2127.47672968
0.38700002 19035.74809040  1551.03282789
0.38800002 18789.82043033  1096.38607405
0.38900002 18550.21682629  1844.81915077
0.39000002 18318.71102000  1826.46716878
0.39100002 18092.79994699  1170.24235601
0.39200002 17874.02448427  1159.04117259
0.39300002 17661.42979906  1565.68582586
0.39400002 17456.41641511  1241.15126592
0.39500002 17256.50879157  1435.05133910
0.39600002 17062.95643688  1016.09910396
0.39700002 16875.32793676  1511.18568833
0.39800002 16693.93373733  1099.04517967
0.39900002 16518.07691075  1090.19312776
0.40000002 16347.77401446  983.31865356
0.40100002 16183.52307731  1073.45313658
0.40200002 16024.96767988  1065.58027636
0.40300002 15871.07252150  1154.14444845
0.40400002 15722.98038993  1241.72243513
0.40500002 15580.28724364  1423.25930714
0.40600002 15442.36166950  1131.30746951
0.40700002 15309.58224081  1030.64112528
0.40800002 15181.74730259  1117.68028937
0.40900002 15058.47588177  1296.53483485
0.41000002 14940.42084929  1013.18468790
0.41100002 14826.55336325  1191.16535364
0.41200002 14716.97864697  1094.06024445
0.41300002 14612.59712702  1088.93078950
0.41400002 14511.80036172  1355.03942298
0.41500002 14415.66495966  1259.35255055
0.41600002 14323.01464937  1075.08553052
0.41700002 14234.78965116  981.77348876
0.41800002 14151.39923037  978.35703215
0.41900002 14069.94862868  1329.61020841
0.42000002 13993.46928886  1060.42515296
0.42100002 13921.07676493  969.32462107
0.42200002 13852.11797433  878.91692712
0.42300002 13786.02576104  876.79127995
0.42400002 13723.44752037  1312.30473132
0.42500002 13664.52997137  960.47985720
0.42600002 13608.01054401  1045.91173997
0.42700002 13555.97932795  1131.38208832
0.42800002 13506.08474011  1216.76323189
0.42900002 13460.36279108  868.19344117
0.43000002 13416.84099728  867.39881158
0.43100002 13375.36158797  953.39581917
0.43200002 13337.77536138  1126.17511600
0.43300002 13302.70528503  952.60677060
0.43400002 13270.19494338  1212.23236552
0.43500002 13240.16900354  1039.08851264
0.43600002 13212.88976355  1039.32595805
0.43700002 13187.50712806  1212.98696312
0.43800002 13164.35868389  1126.93497854
0.43900002 13144.32350072  1041.03047059
0.44000002 13125.90667291  1041.93452107
0.44100002 13109.98357805  1129.94953814
0.44200002 13095.94822199  1218.31612083
0.44300002 13084.05128415  1045.67742818
0.44400002 13074.35837995  1221.79884851
0.44500002 13065.38272497  1048.88897487
0.44600002 13058.68888971  963.14364471
0.44700002 13054.78100891  965.00945791
0.44800002 13050.94874593  1142.67587160
0.44900002 13050.63154436  1233.28473939
0.45000002 13050.98566696  1500.92867776
0.45100002 13052.65477175  1504.44906029
0.45200002 13056.10722960  1508.17629810
0.45300002 13060.58171734  978.36822281
0.45400002 13066.91747811  1426.90745623
0.45500002 13074.48637481  1252.01287459
0.45600002 13083.18468979  986.53758829
0.45700002 13093.19504303  1169.35330471
0.45800002 13103.95411739  1263.09019724
0.45900002 13115.87782529  1085.99473540
0.46000002 13129.70145064  1089.50267801
0.46100002 13143.39445815  1184.08846285
0.46200002 13158.92716105  1005.27628811
0.46300002 13175.40674454  1100.41002346
0.46400002 13191.95367763  1012.15269389
0.46500002 13209.95263433  1754.41389252
0.46600002 13228.46122974  1297.31525429
0.46700002 13247.40494037  1022.96465798
0.46800002 13268.11687188  1026.75327279
0.46900002 13288.46856993  1030.52078644
0.47000002 13309.72386086  1128.39844241
0.47100002 13331.68981370  1038.27205190
0.47200002 13354.28483203  1136.98386449
0.47300002 13377.47631410  1046.25247212
0.47400002 13400.50731946  1050.26481094
0.47500002 13424.36314120  1437.74936057
0.47600002 13449.12871856  1058.51372597
0.47700002 13473.41326166  1545.67004264
0.47800002 13498.17211507  1260.79682617
0.47900002 13523.84617185  973.71697053
0.48000002 13549.23829091  1955.15517805
0.48100002 13576.05159025  1177.85829180
0.48200002 13600.92672620  1478.08078203
0.48300002 13626.70455122  1187.15855677
0.48400002 13652.93962527  1191.90168578
0.48500002 13679.69854830  1396.15010002
0.48600002 13706.40413595  1201.50344351
0.48700002 13733.09870206  1306.84173443
0.48800002 13759.07433608  1211.07378047
0.48900002 13785.84815064  1013.25988710
0.49000002 13812.07296605  1118.98514439
0.49100002 13839.34011355  1123.47768367
0.49200002 13865.56193045  1230.43002403
0.49300002 13891.81310176  1235.26007956
0.49400002 13918.23664026  1343.45785538
0.49500002 13943.98426387  1452.40546977
0.49600002 13970.57474714  1145.65703645
0.49700002 13996.18643624  1254.61821162
0.49800002 14021.88537231  1784.21488877
0.49900002 14047.15301277  1158.89017849
0.50000002 14072.49810435  1057.54828267
