# SAXS profile: number of points = 501, q_min = 0, q_max = 0.5, delta_q = 0.001
#    q    intensity    error
0.00000000 1646666.22097350 271.69992646
0.00100000 1646580.92857591 642.16657740
0.00200000 1646325.02698108 814.93091416
0.00300000 1645898.72762381 1382.55498045
0.00400000 1645301.89900029 1480.77176537
0.00500000 1644535.19328005 2072.11442555
0.00600000 1643598.45764305 1898.35629586
0.00700000 1642492.40679166 3153.58555210
0.00800000 1641216.86608130 2437.20714903
0.00900000 1639773.21298484 2705.62591708
0.01000000 1638160.78279567 3513.85503082
0.01100000 1636381.22458329 2945.48633249
0.01200000 1634434.36333357 3505.86186306
0.01300000 1632321.58412561 3770.66302563
0.01400000 1630042.99281060 4767.87596534
0.01500000 1627600.17781921 4296.86466078
0.01600000 1624992.74046127 4143.73167342
0.01700000 1622222.87465738 6132.00274128
0.01800000 1619291.14169638 5076.47795765
0.01900000 1616198.36707691 4848.59532001
0.02000000 1612945.41913562 5080.77830011
0.02100000 1609534.92160202 9560.63786778
0.02200000 1605965.57050481 7756.81405795
0.02300000 1602240.41899407 5768.06577093
0.02400000 1598360.04661394 5993.85044811
0.02500000 1594326.86301219 7461.45005967
0.02600000 1590141.08655593 9016.10037315
0.02700000 1585804.88583097 6660.38082554
0.02800000 1581318.43729462 6878.73551769
0.02900000 1576685.21856576 12061.64247583
0.03000000 1571905.80090212 12425.91592729
0.03100000 1566981.75526039 8273.66404847
0.03200000 1561914.39126380 8504.62425214
0.03300000 1556707.66189106 9527.05132997
0.03400000 1551360.16712394 9773.56950384
0.03500000 1545875.80923744 10017.27570644
0.03600000 1540255.39677023 9403.25963184
0.03700000 1534501.76929980 13994.65678323
0.03800000 1528616.42827808 15202.09108277
0.03900000 1522602.02128968 10049.17380589
0.04000000 1516458.20194302 10258.84021153
0.04100000 1510189.63586426 10465.61466179
0.04200000 1503797.38239866 13579.29099304
0.04300000 1497283.31960877 13834.89851537
0.04400000 1490650.26420862 14086.64565098
0.04500000 1483900.59658038 14334.48042902
0.04600000 1477034.73836701 12495.71446747
0.04700000 1470056.75843282 13759.73189887
0.04800000 1462968.39820661 13978.66369527
0.04900000 1455771.95038598 17469.26421778
0.05000000 1448469.37528686 13296.94948432
0.05100000 1441064.41955147 13488.36359534
0.05200000 1433556.39973314 15955.48347258
0.05300000 1425950.77562264 17325.30273148
0.05400000 1418248.05551788 12870.60170403
0.05500000 1410452.26881930 15402.13949401
0.05600000 1402564.08678933 11991.92350164
0.05700000 1394588.27353216 15772.79410990
0.05800000 1386524.47767050 13497.81642037
0.05900000 1378376.18735700 13645.92489218
0.06000000 1370147.54177345 13790.53565223
0.06100000 1361839.32900659 16464.63825710
0.06200000 1353454.88125222 12790.14922569
0.06300000 1344997.10825813 15494.36741158
0.06400000 1336465.45454400 16939.70042856
0.06500000 1327866.21164022 28920.92744238
0.06600000 1319200.80305693 15909.56242925
0.06700000 1310469.96695922 20050.19143280
0.06800000 1301678.39132247 17514.08357506
0.06900000 1292829.23705134 23077.00296181
0.07000000 1283922.36061306 13673.77378085
0.07100000 1274961.85970390 20654.38309461
0.07200000 1265949.58220136 13862.14857450
0.07300000 1256889.37424399 15346.61997859
0.07400000 1247783.55979358 16845.07884664
0.07500000 1238632.95998170 16944.49968678
0.07600000 1229440.60886447 15620.04366790
0.07700000 1220210.83030171 14276.46738393
0.07800000 1210944.21107533 18654.59644645
0.07900000 1201643.03775158 18745.63226816
0.08000000 1192312.22457076 15935.25362893
0.08100000 1182952.33941805 17460.37734902
0.08200000 1173565.07766045 17533.06308299
0.08300000 1164153.69108468 16135.17091569
0.08400000 1154721.29634774 19139.50638535
0.08500000 1145269.58327031 19206.17181308
0.08600000 1135801.21180123 23715.53041589
0.08700000 1126318.12667949 19327.61996140
0.08800000 1116822.23231590 19382.45075212
0.08900000 1107316.87132849 16443.65631158
0.09000000 1097803.93283494 17982.02926455
0.09100000 1088285.41325662 16520.17334937
0.09200000 1078763.26362316 18058.49788156
0.09300000 1069241.47519545 16583.93605960
0.09400000 1059718.93261241 15100.99549944
0.09500000 1050200.01950652 25708.89768591
0.09600000 1040685.83939999 21198.77154509
0.09700000 1031181.60391220 16674.20731916
0.09800000 1021685.90049293 24275.25813708
0.09900000 1012202.60426137 18219.64773344
0.10000000 1002731.16761618 18229.65348455
0.10100000 993275.73948903 16716.83148182
0.10200000 983837.78835948 18240.35345414
0.10300000 974419.00358415 19761.21832227
0.10400000 965022.03737504 21278.73692518
0.10500000 955649.47734413 16714.31014515
0.10600001 946298.36199402 16706.89836712
0.10700001 936976.47926964 21250.62754984
0.10800001 927681.16029703 16684.34645314
0.10900001 918416.89771644 21215.43133577
0.11000001 909184.39953607 16651.71306129
0.11100001 899984.38596747 15119.73839599
0.11200001 890819.95049054 19629.21853315
0.11300001 881691.22327604 21107.68887900
0.11400001 872600.70529680 21073.30802514
0.11500001 863549.81955490 18030.92108135
0.11600001 854539.90047005 16496.89355544
0.11700001 845572.15481688 14966.62784511
0.11800001 836647.22549558 19414.39978201
0.11900001 827766.70532501 17879.76167719
0.12000001 818931.83931719 16349.97494213
0.12100001 810146.02261482 20755.94207717
0.12200001 801407.93722564 14785.97713840
0.12300001 792720.00657037 14744.59281689
0.12400001 784082.38271596 27932.93620039
0.12500001 775495.77982622 14656.87092935
0.12600001 766963.94222840 17532.79654555
0.12700001 758485.17707622 16019.20769478
0.12800001 750061.05633924 23221.89139869
0.12900001 741692.94514583 21694.51966802
0.13000001 733381.94649569 14410.95592790
0.13100001 725127.35584627 15793.27455479
0.13200001 716931.33526550 17163.33697534
0.13300001 708795.47048122 21370.18444246
0.13400001 700718.58752984 15608.50727310
0.13500001 692702.72298819 18370.47707978
0.13600001 684747.44627762 22514.49709518
0.13700001 676854.93456681 18214.16714805
0.13800001 669023.58225154 18133.88505204
0.13900001 661256.07812125 18052.29178402
0.14000001 653552.01526678 15204.88835225
0.14100001 645911.57803008 16509.50071309
0.14200001 638335.59863071 17799.98900736
0.14300001 630825.25463319 17713.57398561
0.14400001 623378.10945683 16270.16942429
0.14500001 615998.08928726 14839.39467094
0.14600001 608683.53181076 17447.91426245
0.14700001 601436.88491146 14687.08942242
0.14800001 594253.48927694 15937.87933434
0.14900001 587138.13735413 18494.85219926
0.15000001 580089.18042862 22336.33494630
0.15100001 573107.67611949 14373.54119529
0.15200001 566192.97247381 15592.95519771
0.15300001 559346.85216048 15505.09547356
0.15400001 552565.28727536 15416.57224251
0.15500001 545853.01578395 20436.73787542
0.15600001 539205.38921051 17777.60252128
0.15700001 532628.58469258 22721.93649539
0.15800001 526115.09946525 13802.63028594
0.15900001 519671.32601734 13719.32365442
0.16000001 513292.07873297 17354.40600113
0.16100001 506982.87080339 14783.62121048
0.16200001 500738.62065861 12243.05985305
0.16300001 494561.21202024 18249.30958506
0.16400001 488450.08769392 18133.71036172
0.16500001 482404.92731410 18017.82488583
0.16600001 476426.47421274 11934.48374249
0.16700001 470512.22508918 11856.90863207
0.16800001 464663.00939502 11779.20784434
0.16900001 458880.99887399 15211.90583095
0.17000001 453161.94920735 11623.60454603
0.17100001 447507.27260943 11545.68817853
0.17200001 441917.53230552 13761.31260584
0.17300001 436391.00082082 17084.70848895
0.17400001 430927.97387432 12443.04583326
0.17500001 425527.69608313 16850.89756072
0.17600001 420188.59064157 15618.41065179
0.17700001 414913.32335256 11078.18625674
0.17800001 409697.91799815 14300.50650317
0.17900001 404544.65206407 14199.51795814
0.18000001 399451.73059561 14098.64949732
0.18100001 394420.62026247 13997.98847433
0.18200001 389446.28142352 12828.36111608
0.18300001 384532.35200088 16980.94946653
0.18400001 379676.62160875 12643.23209685
0.18500001 374880.54050720 11505.08433169
0.18600001 370140.15391581 13497.16135019
0.18700001 365456.89992149 16489.41610350
0.18800001 360829.87611357 12275.43296535
0.18900001 356260.69376984 16245.48840346
0.19000001 351742.95749595 12092.92345009
0.19100001 347284.46985427 11001.97252483
0.19200001 342876.77941370 13896.79652628
0.19300001 338524.98505562 10836.18528367
0.19400001 334224.10924701 9776.05565743
0.19500001 329977.00796251 14551.98673880
0.19600001 325781.12418629 9626.83267463
0.19700001 321636.20016839 10507.85515608
0.19800001 317542.26433848 10426.50074230
0.19900001 313498.69303882 10345.45735921
0.20000001 309503.16339286 11197.82498078
0.20100001 305558.09231773 14813.45701568
0.20200001 301659.48867518 11022.63823716
0.20300001 297810.01607562 10935.58430716
0.20400001 294006.96301156 9944.78599391
0.20500001 290249.93217520 9865.59566095
0.20600001 286538.82764901 12455.84342667
0.20700001 282873.28862608 9708.21172455
0.20800001 279251.06717149 14007.23419145
0.20900001 275675.38878329 9552.15267288
0.21000001 272140.87897329 9474.58514934
0.21100001 268650.01934174 11105.99232461
0.21200001 265200.91353115 10167.80350546
0.21300001 261792.87684520 11764.97244162
0.21400001 258426.84311828 10834.54590995
0.21500001 255102.07376764 10744.89985509
0.21600001 251816.03096266 8196.61219536
0.21700001 248570.03304965 8941.06451153
0.21800001 245362.54591706 10478.20801880
0.21900001 242192.47813293 11988.52823442
0.22000001 239060.10145173 10302.29555918
0.22100001 235966.32750457 9429.21489293
0.22200001 232909.19105212 9348.97537089
0.22300001 229886.69804219 12358.70947113
0.22400001 226899.74375733 9189.44005671
0.22500001 223949.91683822 11387.85380972
0.22600001 221032.41799868 9031.38502650
0.22700001 218151.20532143 8952.92588977
0.22800001 215302.40087756 8135.20160187
0.22900001 212485.72160547 7330.75774207
0.23000001 209703.04298527 11625.93725292
0.23100001 206953.01135943 9362.55467668
0.23200001 204233.05512048 9279.32929825
0.23300001 201544.76062115 7074.22143237
0.23400001 198888.32621136 8412.97659663
0.23500001 196260.15936828 6947.60997023
0.23600001 193663.74087675 7573.22094518
0.23700001 191096.06476554 8186.55580176
0.23800001 188557.53834851 11491.63971819
0.23900001 186047.51489755 8037.25302373
0.24000001 183565.44492743 11281.01495161
0.24100001 181112.61105614 6574.38809231
0.24200001 178686.51321466 7815.74845771
0.24300001 176287.79136460 6452.13346915
0.24400001 173915.30897214 8308.80427918
0.24500001 171569.35356367 9496.36416897
0.24600001 169249.70317931 8151.91233926
0.24700001 166955.89833392 8073.98762538
0.24800001 164687.40158816 6151.07474030
0.24900001 162442.97762009 6700.77314383
0.25000001 160224.40731319 6635.69414280
0.25100001 158029.00833421 5973.49679763
0.25200001 155859.65075219 10646.77324658
0.25300001 153713.63468971 7027.78771050
0.25400001 151590.68934572 7537.84738434
0.25500001 149490.72232115 7462.57721134
0.25600001 147414.31456876 6819.38651459
0.25700001 145359.82487409 6187.96803766
0.25800001 143328.60987310 6681.98010844
0.25900001 141319.44039040 5511.45843600
0.26000001 139332.31034577 6545.83224976
0.26100001 137365.99687952 7018.02911264
0.26200001 135422.42955871 5342.41509888
0.26300001 133499.06666272 6343.87594799
0.26400001 131597.19017780 6277.18626851
0.26500001 129716.56797323 8281.10609126
0.26600001 127855.41642649 5120.60967019
0.26700001 126015.89785265 7598.75900009
0.26800001 124196.80224514 6013.60944928
0.26900001 122396.32390492 6939.87189381
0.27000001 120616.80792066 5883.68816880
0.27100001 118856.33990646 5334.27278743
0.27200001 117116.81182567 5275.52703834
0.27300001 115395.58887327 4742.75892714
0.27400001 113691.81407171 5158.76630764
0.27500001 112009.89764496 6492.09397474
0.27600001 110344.26595165 5501.76536073
0.27700001 108699.30319630 7252.41785249
0.27800001 107071.55951234 6721.41746649
0.27900001 105463.51825872 4429.46797650
0.28000001 103872.26584435 4378.21621255
0.28100001 102299.92429609 4760.01570278
0.28200001 100745.99710153 5132.00133525
0.28300001 99209.39542129  5916.84862297
0.28400001 97690.42337048  4176.26579675
0.28500001 96189.45152239  5777.13873187
0.28600001 94705.82070719  5707.92008419
0.28700001 93239.37296883  7250.29398523
0.28800001 91789.60673606  4774.89556842
0.28900001 90358.81815420  5502.85228606
0.29000001 88943.38268885  4270.61672195
0.29100001 87545.89664219  5368.31463621
0.29200001 86164.97018330  6059.12099010
0.29300001 84800.94260253  4487.66609495
0.29400001 83452.66014058  4431.33646323
0.29500001 82122.16041076  4010.84650432
0.29600001 80807.33877754  5039.95395813
0.29700001 79509.02360000  4975.67493243
0.29800001 78226.72647019  4210.16261793
0.29900001 76961.29086679  4155.90990354
0.30000001 75711.09808074  3418.35624017
0.30100001 74477.81963305  4048.61446691
0.30200001 73258.80600871  4328.49675794
0.30300001 72057.19424602  3614.38903449
0.30400001 70871.04918928  4215.05585008
0.30500001 69700.35360776  4478.94493488
0.30600001 68544.10462800  3472.10178431
0.30700001 67404.63832355  4359.73221317
0.30800001 66279.91923544  3686.48928241
0.30900001 65170.65418365  3333.47911931
0.31000001 64076.84581373  2989.18499873
0.31100001 62997.07186536  5601.69989548
0.31200001 61933.33840298  4070.87852597
0.31300001 60883.66722338  4301.43129299
0.31400001 59850.03931542  2827.91449155
0.31500001 58830.03925525  3346.25279127
0.31600002 57825.32443837  3574.47259940
0.31700002 56834.94397532  3524.33504278
0.31800002 55859.14462332  2940.14621646
0.31900002 54897.81254523  3162.11415233
0.32000002 53951.02713198  2857.51628735
0.32100002 53017.65548248  2560.75288106
0.32200002 52099.83985818  2776.66109672
0.32300002 51194.18402637  3732.05619224
0.32400002 50303.33978752  2942.74551691
0.32500002 49426.21937137  3867.10758673
0.32600002 48563.27872152  4049.44918794
0.32700002 47713.30300030  2582.24408065
0.32800002 46877.81063200  2313.42006424
0.32900002 46054.97386679  2507.69344579
0.33000002 45246.49461030  2471.13742016
0.33100002 44448.85940058  2213.55330297
0.33200002 43667.49445057  2835.54888642
0.33300002 42897.70701439  2364.09274552
0.33400002 42141.41545108  3176.40934005
0.33500002 41397.04857732  2295.05248181
0.33600002 40666.42703630  2261.25678244
0.33700002 39947.55579252  3038.01176189
0.33800002 39242.28825708  2993.20567856
0.33900002 38548.35708891  2555.75619603
0.34000002 37867.55678027  2324.31074525
0.34100002 37198.55760015  2480.77192384
0.34200002 36542.41815590  2444.13975411
0.34300002 35897.25543911  2037.52831522
0.34400002 35265.36086267  2737.47376661
0.34500002 34644.35655029  3236.47594221
0.34600002 34036.01928264  2303.04735383
0.34700002 33437.60137326  2443.62002409
0.34800002 32852.28929779  2063.78091143
0.34900002 32277.57401308  2541.85907392
0.35000002 31714.35457701  2337.66518659
0.35100002 31162.79017052  1645.39539893
0.35200002 30620.94776147  2107.79303899
0.35300002 30090.56578914  1597.80911908
0.35400002 29571.41807041  1889.61370420
0.35500002 29062.80205704  1551.95370335
0.35600002 28563.94374182  1682.55918581
0.35700002 28076.10461692  1809.22426721
0.35800002 27598.89756851  1486.20070446
0.35900002 27131.85803939  1611.63244388
0.36000002 26675.12527407  1444.45810201
0.36100002 26227.55630882  2278.65020004
0.36200002 25791.07350647  1544.75642084
0.36300002 25363.16956790  1523.31203640
0.36400002 24945.07410570  1912.04002077
0.36500002 24536.32394779  1481.74867339
0.36600002 24137.35385579  1328.76139270
0.36700002 23747.07781551  2097.34201201
0.36800002 23367.30758438  2069.40885770
0.36900002 22995.57879472  1786.75655699
0.37000002 22632.37765503  1511.39025140
0.37100002 22278.02346787  1740.35927575
0.37200002 21932.95759626  1349.86393920
0.37300002 21595.89903968  1211.52999352
0.37400002 21267.31877259  1435.54408515
0.37500002 20947.48457243  1535.86964161
0.37600002 20635.76906672  1633.73391440
0.37700002 20331.59656595  1268.08173789
0.37800002 20035.40033455  1252.91381927
0.37900002 19747.60172071  1688.42002711
0.38000002 19467.37479419  1668.84078329
0.38100002 19193.78064445  1319.76441963
0.38200002 18928.60685320  1304.93821828
0.38300002 18670.10310242  1505.55718550
0.38400002 18419.71560387  1701.98180243
0.38500002 18175.21453851  1473.28296029
0.38600002 17938.82603425  1249.61868075
0.38700002 17708.60105772  1339.83281950
0.38800002 17485.40369114  1632.43736594
0.38900002 17268.15300825  1515.28049826
0.39000002 17058.67323740  1300.63860260
0.39100002 16854.52636095  1090.15081667
0.39200002 16657.17187848  1276.52242738
0.39300002 16465.73510695  1167.74998911
0.39400002 16281.58096229  1061.15208949
0.39500002 16102.14936099  1243.40803257
0.39600002 15928.82593041  1043.41779201
0.39700002 15761.01836347  1035.02612497
0.39800002 15599.22723245  933.61379410
0.39900002 15442.71137680  1111.87527181
0.40000002 15291.45180617  1471.64939155
0.40100002 15145.87520098  1369.94447684
0.40200002 15005.59031101  997.79677501
0.40300002 14869.78325353  991.21979864
0.40400002 14739.49043042  1164.05131190
0.40500002 14614.12503025  890.00025651
0.40600002 14493.52885513  1327.24496779
0.40700002 14377.49681547  967.89313148
0.40800002 14266.24162905  1400.37434466
0.40900002 14159.22614647  1044.95093912
0.41000002 14057.15513665  1126.61075181
0.41100002 13958.93756662  1207.72733549
0.41200002 13864.76367976  1116.59879586
0.41300002 13775.51314325  941.00534740
0.41400002 13689.57159709  852.17587230
0.41500002 13607.92737112  934.04817901
0.41600002 13529.58831845  1269.41368413
0.41700002 13455.39946583  1012.38430378
0.41800002 13385.77696379  925.42573424
0.41900002 13317.81863036  1426.33844290
0.42000002 13254.53593229  837.02398379
0.42100002 13194.95762291  1252.86128566
0.42200002 13138.73466421  1083.74858013
0.42300002 13085.15730960  915.43764876
0.42400002 13034.65702472  1163.34319458
0.42500002 12987.75809515  1493.85200689
0.42600002 12942.89411379  1077.69012945
0.42700002 12902.34959959  993.99706025
0.42800002 12863.57060074  993.32496886
0.42900002 12828.84281104  992.95248063
0.43000002 12796.11551975  1158.17647058
0.43100002 12765.18379804  827.18394931
0.43200002 12737.89633745  1240.98960948
0.43300002 12712.83509041  1075.88728469
0.43400002 12690.23270686  910.84149570
0.43500002 12669.80920360  1160.04778565
0.43600002 12651.99723429  995.20614961
0.43700002 12635.77438782  1079.22154161
0.43800002 12621.80876042  1080.48999014
0.43900002 12610.56816868  998.75704629
0.44000002 12600.81416295  1083.60706529
0.44100002 12593.36769935  1001.92838164
0.44200002 12587.62783739  1254.67186415
0.44300002 12583.80601759  1089.50597664
0.44400002 12582.19674644  1091.82017441
0.44500002 12580.95655158  1009.99923983
0.44600002 12581.89703514  1096.70110704
0.44700002 12585.38986640  1099.45971083
0.44800002 12588.95271811  847.86600575
0.44900002 12595.60322109  1105.26423503
0.45000002 12603.04560790  937.85568336
0.45100002 12611.58930534  940.57237497
0.45200002 12621.69563865  857.64425929
0.45300002 12632.82463917  1204.41355818
0.45400002 12645.53134968  949.36331107
0.45500002 12659.40902230  865.90361816
0.45600002 12674.29010596  868.82262794
0.45700002 12690.33703877  871.82619588
0.45800002 12707.00231515  1312.31572629
0.45900002 12724.85715170  1141.41974060
0.46000002 12744.34786707  1321.90754516
0.46100002 12763.63754190  884.52012357
0.46200002 12784.69146485  1775.79372863
0.46300002 12806.57173775  1247.87240927
0.46400002 12828.42511307  1252.69577166
0.46500002 12851.69417073  1078.00015813
0.46600002 12875.28565828  1172.48794404
0.46700002 12899.46269384  1177.20502123
0.46800002 12925.09835010  1182.06492563
0.46900002 12950.28361912  1734.69057300
0.47000002 12976.36778120  1191.81455535
0.47100002 13003.09299177  1565.05234667
0.47200002 13030.42029282  1109.41003631
0.47300002 13058.25361556  1021.28606368
0.47400002 13085.88338912  1212.08000637
0.47500002 13114.24852084  1123.62886652
0.47600002 13143.46662675  1034.45658989
0.47700002 13172.15562925  1322.22104473
0.47800002 13201.27313115  1138.21382332
0.47900002 13231.31332377  1047.92006491
0.48000002 13260.94536834  1243.81042978
0.48100002 13291.90682642  1057.10540001
0.48200002 13321.06439111  1351.15562523
0.48300002 13351.03031064  1163.14181579
0.48400002 13381.39536785  1070.84621507
0.48500002 13412.25478020  1173.30410379
0.48600002 13442.94458279  1571.21143731
0.48700002 13473.74460430  1380.78941250
0.48800002 13503.73482556  1386.69859497
0.48900002 13534.55352481  1392.70562372
0.49000002 13564.81441806  1498.57294387
0.49100002 13595.97348144  1304.39775764
0.49200002 13626.18208679  1309.95307701
0.49300002 13656.36659873  1416.71153811
0.49400002 13686.67215345  1117.85900112
0.49500002 13716.49525342  1122.55802475
0.49600002 13746.93985311  1332.28473902
0.49700002 13776.42222056  1132.00866752
0.49800002 13806.04990365  1653.41261484
0.49900002 13835.16060342  1348.92822278
0.50000002 13864.38641188  1562.86303236
