# SAXS profile: number of points = 501, q_min = 0, q_max = 0.5, delta_q = 0.001
#    q    intensity    error
0.00000000 1646666.22097351 345.79990640
0.00100000 1646598.63129186 642.17348145
0.00200000 1646395.80906277 1185.40502006
0.00300000 1646057.91862862 987.63478636
0.00400000 1645584.83652182 1357.60754172
0.00500000 1644977.00960919 2516.81492432
0.00600000 1644234.16751037 2417.02432464
0.00700000 1643356.96362196 2169.23128213
0.00800000 1642344.84981330 2217.16564086
0.00900000 1641199.14590401 3692.69823614
0.01000000 1639919.06092233 3247.03988083
0.01100000 1638505.80836002 3244.24164180
0.01200000 1636958.80654298 3511.27679398
0.01300000 1635279.46306574 3777.49572629
0.01400000 1633467.05713660 4410.36124978
0.01500000 1631523.25397943 4698.78718069
0.01600000 1629447.01551081 5401.61709789
0.01700000 1627240.41231068 4393.54931033
0.01800000 1624902.96571782 5557.16839281
0.01900000 1622435.47214052 6327.49862686
0.02000000 1619838.42248619 6633.23864014
0.02100000 1617113.50783522 8004.71222671
0.02200000 1614258.87979822 7239.95140482
0.02300000 1611277.58889070 5800.59958404
0.02400000 1608169.29312424 6633.69863662
0.02500000 1604935.31452011 8137.02241624
0.02600000 1601575.96547223 7783.65954821
0.02700000 1598092.15653159 7383.18610133
0.02800000 1594483.80542836 9710.40682037
0.02900000 1590753.41804946 7874.22978088
0.03000000 1586901.39809758 8117.00102437
0.03100000 1582927.83278713 9877.47013109
0.03200000 1578833.77661784 9378.27306506
0.03300000 1574622.02298957 8833.62995621
0.03400000 1570290.37302743 9892.82980653
0.03500000 1565842.47755683 13528.87963083
0.03600000 1561277.86938408 10398.11109063
0.03700000 1556598.13016265 12421.65365317
0.03800000 1551805.18488801 9985.86682690
0.03900000 1546899.43746578 10209.53676008
0.04000000 1541880.34907453 12327.33396209
0.04100000 1536751.81846743 10649.69059577
0.04200000 1531513.97365776 12841.74526489
0.04300000 1526166.94212986 11079.97251417
0.04400000 1520714.26493739 11291.30394155
0.04500000 1515155.61918468 13590.94653559
0.04600000 1509491.38254218 14898.68063828
0.04700000 1503724.66134798 12992.18167829
0.04800000 1497855.69157101 13211.08781434
0.04900000 1491887.02120931 14545.89913387
0.05000000 1485818.23100575 15913.11399508
0.05100000 1479652.66370276 16157.80784033
0.05200000 1473388.55010679 17570.15927882
0.05300000 1467031.28392429 13071.24934912
0.05400000 1460579.00667468 18074.66605049
0.05500000 1454036.03649033 18320.85491443
0.05600000 1447400.35221149 13612.80094778
0.05700000 1440677.12814474 17547.44823989
0.05800000 1433865.01061024 13958.67653005
0.05900000 1426966.19763547 20548.31420568
0.06000000 1419983.06065959 15591.41473445
0.06100000 1412917.06768265 17082.16814656
0.06200000 1405768.77083256 14612.96705587
0.06300000 1398541.26877072 17453.79585032
0.06400000 1391232.78554557 18990.32841081
0.06500000 1383849.54685813 15070.12227023
0.06600000 1376389.16495976 16599.25410607
0.06700000 1368854.72801602 18151.01454294
0.06800000 1361249.20462754 16906.71591286
0.06900000 1353573.18594511 19897.52676497
0.07000000 1345826.26479197 14333.05039123
0.07100000 1338013.31912975 17340.65342812
0.07200000 1330132.96890858 20390.93936862
0.07300000 1322190.31891303 17611.57587312
0.07400000 1314184.51969099 14784.57653939
0.07500000 1306117.71178976 22334.61391848
0.07600000 1297990.17374299 17990.14465147
0.07700000 1289807.55285083 19617.97379872
0.07800000 1281567.79127826 21261.21065438
0.07900000 1273272.85687734 16807.20249910
0.08000000 1264927.12399935 21516.41138859
0.08100000 1256530.07188119 18546.38473113
0.08200000 1248082.98266987 18646.36063607
0.08300000 1239588.68226906 17180.69994257
0.08400000 1231048.03840913 21974.20851704
0.08500000 1222464.55593104 23654.69026774
0.08600000 1213837.75881955 15840.58349633
0.08700000 1205170.83445474 20680.73249036
0.08800000 1196462.80808144 20764.61300944
0.08900000 1187719.44008826 20844.47715261
0.09000000 1178939.52877704 20920.28292089
0.09100000 1170125.84209693 22606.83233141
0.09200000 1161279.01585006 27539.73315489
0.09300000 1152402.56705663 17873.76465498
0.09400000 1143494.93861723 22812.72509755
0.09500000 1134560.31989447 17971.43631183
0.09600000 1125599.55824391 19652.96921078
0.09700000 1116616.01200902 24621.38422232
0.09800000 1107610.03672077 19737.61178238
0.09900000 1098583.83723443 18126.63416673
0.10000000 1089536.64642865 19807.77716358
0.10100000 1080471.58952617 18184.33770697
0.10200000 1071391.14267216 16552.99393288
0.10300000 1062295.65771823 18228.99434395
0.10400000 1053188.00723547 26540.33903093
0.10500000 1044070.89948406 19920.87369942
0.10600001 1034940.35272344 16610.79344281
0.10700001 1025804.55702997 16618.03460589
0.10800001 1016660.34390652 21609.11662669
0.10900001 1007511.74183077 21611.12787941
0.11000001 998359.21012775 19947.21795726
0.11100001 989204.64547766 16618.63882632
0.11200001 980050.65798105 26578.97509571
0.11300001 970895.99259971 21583.01893164
0.11400001 961744.95233655 28203.17205520
0.11500001 952597.79291210 19890.24285260
0.11600001 943455.83560183 16557.65069454
0.11700001 934321.36063368 18191.23774825
0.11800001 925193.33611373 16514.70182744
0.11900001 916075.74753863 19787.23707885
0.12000001 906968.53711161 19753.77566879
0.12100001 897875.37067416 16431.12005738
0.12200001 888794.39500343 21317.73456846
0.12300001 879729.34367861 24544.44984503
0.12400001 870679.87947080 16325.24850928
0.12500001 861648.28528064 22799.21470284
0.12600001 852637.10511429 17867.01137963
0.12700001 843646.06769877 19437.60631580
0.12800001 834675.19866123 17766.06244081
0.12900001 825727.94786351 17711.86531647
0.13000001 816804.48699931 16050.20892606
0.13100001 807905.46554863 15996.52897190
0.13200001 799033.95480680 19128.87377982
0.13300001 790191.10032910 25412.54698461
0.13400001 781375.24832370 26898.84419171
0.13500001 772590.46701514 20489.10015127
0.13600001 763835.59137517 20405.86878574
0.13700001 755113.60900020 20320.10817635
0.13800001 746423.61576938 18675.51974721
0.13900001 737770.23957551 18591.81091406
0.14000001 729150.53748465 16963.68805460
0.14100001 720567.64419596 24556.94647238
0.14200001 712021.36617427 19854.71673222
0.14300001 703515.53935745 24313.49818700
0.14400001 695045.36910902 16628.96124032
0.14500001 686618.76446108 18044.34198123
0.14600001 678231.02776062 19441.49332790
0.14700001 669888.36276871 14871.52235505
0.14800001 661586.12408073 23658.32091330
0.14900001 653327.60594249 20579.82055816
0.15000001 645114.13918218 16073.01953610
0.15100001 636946.64256216 18879.09937635
0.15200001 628825.74388021 14431.55150303
0.15300001 620752.08298898 17207.24855245
0.15400001 612724.30841604 14245.84084295
0.15500001 604747.16429785 15566.19274364
0.15600001 596816.93205081 18271.55123706
0.15700001 588940.57166811 16749.47064876
0.15800001 581110.32602410 15245.43012281
0.15900001 573334.35789174 19264.03533444
0.16000001 565607.82934977 17757.25864062
0.16100001 557937.30385065 14913.66483592
0.16200001 550317.54451555 18837.37043801
0.16300001 542752.91241247 17357.23895835
0.16400001 535242.07950833 13247.24209323
0.16500001 527786.39695931 17084.44647615
0.16600001 520385.85285969 13035.66622959
0.16700001 513040.65026736 19392.93749574
0.16800001 505750.96677551 14102.86637442
0.16900001 498520.27739518 17797.17474336
0.17000001 491346.09384800 17644.23906324
0.17100001 484229.52943117 16241.05918405
0.17200001 477171.26917425 13620.85452180
0.17300001 470171.34841243 13498.62005039
0.17400001 463231.14039624 13375.79981063
0.17500001 456349.63870027 13252.39413373
0.17600001 449525.68746528 13128.39832247
0.17700001 442764.26227846 21279.25145013
0.17800001 436061.91149916 14049.91545211
0.17900001 429419.78390380 12753.76818435
0.18000001 422839.22196151 12628.09396037
0.18100001 416320.38682700 18184.87535559
0.18200001 409859.97685677 13500.78827541
0.18300001 403463.71312892 14476.27871092
0.18400001 397127.13383052 17632.44557504
0.18500001 390853.47437229 11995.29369517
0.18600001 384641.50238582 16183.79197746
0.18700001 378491.10585701 18144.86447204
0.18800001 372402.53275669 14780.65722344
0.18900001 366378.13608898 12530.13284626
0.19000001 360411.92035070 10325.80200593
0.19100001 354513.26545596 12251.97903306
0.19200001 348673.14935708 11103.49696593
0.19300001 342898.15746207 11974.00422438
0.19400001 337184.84385715 12821.45429353
0.19500001 331534.53324793 9747.11573809
0.19600001 325945.50720074 10594.85921223
0.19700001 320419.74046132 14274.70011214
0.19800001 314956.53475138 11281.74360796
0.19900001 309556.83523359 14858.72879344
0.20000001 304217.41043166 9172.15535800
0.20100001 298942.09747898 18115.89196343
0.20200001 293727.79200736 8944.01168935
0.20300001 288576.47801035 10596.52877338
0.20400001 283487.16635431 12204.12308839
0.20500001 278458.92144959 9464.81918744
0.20600001 273493.46095017 11039.56407307
0.20700001 268588.87985728 10055.96813719
0.20800001 263745.95497556 9095.27968727
0.20900001 258966.72695753 14683.41411260
0.21000001 254245.72562898 17703.13071241
0.21100001 249586.06787189 9524.20480023
0.21200001 244987.22160914 8610.07631049
0.21300001 240448.75651434 8490.24599390
0.21400001 235971.29957332 11415.11215653
0.21500001 231554.61408046 8252.60683599
0.21600001 227196.22994259 7395.23763427
0.21700001 222898.19488802 7288.77131745
0.21800001 218659.40782817 9337.85045280
0.21900001 214478.39725090 7785.56618832
0.22000001 210356.13283379 9762.62858642
0.22100001 206294.32086206 6869.60120953
0.22200001 202289.77256268 7443.25253339
0.22300001 198342.79327691 9330.04543692
0.22400001 194451.63448427 9187.84016384
0.22500001 190620.99537020 7754.46245835
0.22600001 186844.77380968 11451.71672833
0.22700001 183126.52158380 8768.09826807
0.22800001 179463.52906698 7397.48701797
0.22900001 175856.00260319 6673.73561440
0.23000001 172304.07112998 6567.36998170
0.23100001 168808.81958790 7049.45663938
0.23200001 165366.05098254 6935.45250621
0.23300001 161978.88352949 6254.00498885
0.23400001 158645.63474709 6710.71066719
0.23500001 155364.58730490 7149.87864593
0.23600001 152137.73072699 8112.74487473
0.23700001 148963.46502288 6381.59514342
0.23800001 145841.08472697 5751.24344823
0.23900001 142771.06595739 6681.68620285
0.24000001 139751.97917924 5557.23771492
0.24100001 136785.28896817 5958.36746929
0.24200001 133868.49019100 6343.35870775
0.24300001 131002.14257459 7192.01796755
0.24400001 128184.78550629 5652.94930823
0.24500001 125417.28262085 6941.84692144
0.24600001 122698.72518920 4545.98798331
0.24700001 120029.37144763 4911.60211198
0.24800001 117406.66124537 6577.70850744
0.24900001 114831.84701731 5167.43336024
0.25000001 112304.64424586 5919.57807824
0.25100001 109823.38137652 5396.72121616
0.25200001 107389.46496273 5298.05950459
0.25300001 105001.34534170 4800.66173614
0.25400001 102657.69955691 5497.32007136
0.25500001 100358.86249181 4239.15855222
0.25600001 98105.04202492  5294.72936859
0.25700001 95894.66411243  4082.23604441
0.25800001 93727.72247896  4369.58662871
0.25900001 91604.16451976  3929.81884384
0.26000001 89523.66493293  4205.82197755
0.26100001 87482.96870252  4125.69699922
0.26200001 85486.40777754  4046.92673568
0.26300001 83529.42679573  3638.54200339
0.26400001 81613.14848041  3568.53508616
0.26500001 79737.87689615  4136.00387031
0.26600001 77901.18186820  3743.93097775
0.26700001 76105.05482515  6118.84669749
0.26800001 74347.32007019  2999.91450679
0.26900001 72627.39473908  2941.40962612
0.27000001 70946.07001624  3172.35367090
0.27100001 69301.68338310  2827.50881584
0.27200001 67694.63528798  3049.30499085
0.27300001 66123.49616231  3261.21098506
0.27400001 64587.34726879  3463.49666120
0.27500001 63088.80871257  2873.06448474
0.27600001 61623.22441734  2560.44509572
0.27700001 60194.12604197  4016.15227959
0.27800001 58797.91650756  2952.83150676
0.27900001 57436.18184568  3136.01567720
0.28000001 56106.96100031  2601.39936990
0.28100001 54810.64514078  3014.03751894
0.28200001 53546.93019463  2727.68075321
0.28300001 52314.99553501  3788.65215596
0.28400001 51114.65131383  3277.72717064
0.28500001 49945.37214075  2356.92222288
0.28600001 48805.87952545  2311.20253432
0.28700001 47697.05162702  2266.56400060
0.28800001 46617.05039947  2222.93415352
0.28900001 45567.69280812  2378.63367717
0.29000001 44545.71080248  2333.30444228
0.29100001 43553.49649213  2479.93620765
0.29200001 42588.11136292  2994.79613280
0.29300001 41650.40333221  2020.46116129
0.29400001 40739.61317627  2523.81915574
0.29500001 39856.60812727  3362.30362078
0.29600001 38998.36097711  1911.11477015
0.29700001 38165.91850930  1876.61830194
0.29800001 37359.38986462  1675.56871475
0.29900001 36577.79643170  1975.20110082
0.30000001 35820.58966360  2749.40948979
0.30100001 35088.16774855  2066.34229653
0.30200001 34378.23645076  2343.73638098
0.30300001 33692.33970616  1690.00783967
0.30400001 33030.06099001  1511.12536183
0.30500001 32389.07521000  1783.99034702
0.30600001 31770.52785661  2048.24602788
0.30700001 31174.26164246  1728.30114728
0.30800001 30598.90134991  1843.73688813
0.30900001 30044.59878256  1816.19608239
0.31000001 29511.72848491  2065.08329850
0.31100001 28997.42145563  1899.91114372
0.31200001 28504.22446414  1472.10074215
0.31300001 28029.63850203  1320.19603595
0.31400001 27575.68866317  2084.72216164
0.31500001 27139.83004977  1543.71360632
0.31600002 26721.99546803  1524.75713360
0.31700002 26321.97861364  1255.55843932
0.31800002 25940.27257768  1365.36631177
0.31900002 25575.99163766  1227.64765674
0.32000002 25228.24841499  1700.63630618
0.32100002 24897.80848210  1322.82062729
0.32200002 24583.74646875  1667.51560193
0.32300002 24284.87116168  1298.26927378
0.32400002 24002.03296857  1521.12891141
0.32500002 23734.23602201  1160.60419643
0.32600002 23482.00935427  1382.15113604
0.32700002 23244.09813107  1486.69258686
0.32800002 23021.34052659  1590.54449230
0.32900002 22811.46748020  1693.75154061
0.33000002 22616.81019594  1347.50961528
0.33100002 22433.32253027  1340.61541789
0.33200002 22265.52540323  1112.16304656
0.33300002 22109.13704883  1439.96816418
0.33400002 21966.10165126  1655.69499037
0.33500002 21834.82078058  1430.61752529
0.33600002 21715.52359670  1536.80767772
0.33700002 21607.13796295  1314.57833592
0.33800002 21511.55483836  1531.40766147
0.33900002 21425.81471748  1529.80324328
0.34000002 21351.64817618  1092.13685593
0.34100002 21287.88085381  1528.89567533
0.34200002 21235.09148480  1092.54550863
0.34300002 21191.22955192  1093.46749667
0.34400002 21157.87671938  1642.38025812
0.34500002 21133.66116424  1535.57189292
0.34600002 21119.89735946  1539.00699347
0.34700002 21113.00569717  1542.93852942
0.34800002 21116.37680170  2210.88475585
0.34900002 21127.89160117  1441.97867007
0.35000002 21147.77609646  1781.48874274
0.35100002 21175.85208045  1453.51055564
0.35200002 21210.93610137  1235.43103174
0.35300002 21253.94966410  1241.44325868
0.35400002 21304.65254239  1361.36736194
0.35500002 21362.25186622  1254.81873406
0.35600002 21426.13355908  1721.05425965
0.35700002 21496.99910349  1500.70557849
0.35800002 21574.75924256  1161.80084024
0.35900002 21658.30951618  1403.45852312
0.36000002 21748.63605105  1295.45756774
0.36100002 21843.86935117  1779.18324293
0.36200002 21945.88727271  1433.94434232
0.36300002 22051.52674544  1204.01341733
0.36400002 22163.32911780  1577.47502468
0.36500002 22279.53107643  1590.09020824
0.36600002 22401.15201253  1726.45686738
0.36700002 22526.94874757  1243.48762977
0.36800002 22658.64016076  1881.23368846
0.36900002 22793.59394058  1518.05342835
0.37000002 22931.65248233  1403.76117320
0.37100002 23074.17235617  1802.55442985
0.37200002 23220.73240993  1429.12004387
0.37300002 23370.36856271  1573.29328617
0.37400002 23524.26414202  1323.23992067
0.37500002 23680.45292861  1736.25089097
0.37600002 23840.52038024  1887.45408791
0.37700002 24002.36293827  1769.21425599
0.37800002 24167.90031292  2060.91779681
0.37900002 24335.67103228  1803.27330892
0.38000002 24506.07041758  1960.73078700
0.38100002 24678.11390084  1838.27279156
0.38200002 24852.68908180  1570.56576093
0.38300002 25028.89012683  1585.83055356
0.38400002 25207.57856995  2329.18037021
0.38500002 25386.77093701  1616.88351758
0.38600002 25568.88024316  2226.41035265
0.38700002 25751.27902923  1648.59696155
0.38800002 25934.99789207  1815.96863843
0.38900002 26119.92784164  2139.22219158
0.39000002 26306.65427619  1697.17388103
0.39100002 26493.29088914  1713.58613589
0.39200002 26681.18626828  2673.85520855
0.39300002 26869.49070651  1905.58437119
0.39400002 27059.12369947  1603.25315515
0.39500002 27248.24693051  1942.25513323
0.39600002 27437.72658659  1960.70003477
0.39700002 27626.98756109  1814.26435909
0.39800002 27817.45422334  2497.31207122
0.39900002 28006.99095590  2352.58735176
0.40000002 28196.42975340  2204.81992903
0.40100002 28385.28091528  2738.61203246
0.40200002 28575.20937286  1900.10863727
0.40300002 28763.36280252  2440.28381579
0.40400002 28951.13340601  2110.53772530
0.40500002 29138.28784230  2129.42617641
0.40600002 29325.03669514  1969.32293257
0.40700002 29510.76997713  2167.27104981
0.40800002 29695.97180452  2186.21754783
0.40900002 29879.17949619  2205.08355130
0.41000002 30062.30115724  3521.34781290
0.41100002 30243.92344014  2429.79692431
0.41200002 30423.70382010  1884.74854096
0.41300002 30602.65110252  2280.50966822
0.41400002 30780.05340917  2682.48178171
0.41500002 30956.53565611  2124.85670812
0.41600002 31130.13389137  2531.34695732
0.41700002 31303.12153168  2747.78813825
0.41800002 31475.12356998  2373.85393213
0.41900002 31643.37318367  2392.23912604
0.42000002 31810.69937969  3214.15321763
0.42100002 31976.74768351  2024.12822428
0.42200002 32140.63113731  2447.18777075
0.42300002 32301.96158924  2259.84533987
0.42400002 32461.40138962  2690.23876764
0.42500002 32619.08309135  2084.35950831
0.42600002 32773.32213369  2518.95765856
0.42700002 32926.65399323  3170.83692980
0.42800002 33077.08189359  2554.21238486
0.42900002 33225.92339038  3000.30102433
0.43000002 33372.22005719  2804.76836762
0.43100002 33514.70960722  2388.92861401
0.43200002 33655.78003590  3060.32022369
0.43300002 33793.95752233  2639.98408675
0.43400002 33929.92515096  2656.71326522
0.43500002 34063.00297360  3341.58075006
0.43600002 34194.19743643  3362.14462227
0.43700002 34321.83724589  4284.39514644
0.43800002 34446.15947279  2948.76362141
0.43900002 34568.84184033  2509.69803654
0.44000002 34687.90416143  3441.90745353
0.44100002 34804.98695170  2769.08489310
0.44200002 34918.86481022  3016.46627958
0.44300002 35030.17012076  3032.91227279
0.44400002 35138.05962716  2814.55870952
0.44500002 35242.23930052  2593.47651303
0.44600002 35344.31643441  2843.80383508
0.44700002 35443.54966888  3572.70997594
0.44800002 35538.91085447  2632.90033543
0.44900002 35632.48538164  2886.23145270
0.45000002 35722.79256092  2899.97643753
0.45100002 35808.65540371  3884.52312229
0.45200002 35892.57119783  2926.68039417
0.45300002 35972.74452008  2694.71841971
0.45400002 36050.50735896  2952.53669263
0.45500002 36124.97901228  2718.04354970
0.45600002 36195.87318931  2729.34994719
0.45700002 36263.80073700  3487.85252019
0.45800002 36327.96576554  2751.29861765
0.45900002 36389.17652773  3264.10928924
0.46000002 36448.12738399  2520.38812806
0.46100002 36502.61372671  3794.44687673
0.46200002 36554.65015806  2538.72057380
0.46300002 36602.99657618  2547.56868244
0.46400002 36647.80394675  4089.89511430
0.46500002 36690.29808424  2821.11715341
0.46600002 36728.80254944  3344.70856269
0.46700002 36764.08983770  3097.00707471
0.46800002 36796.82696786  2588.65689988
0.46900002 36825.53994116  3375.06089557
0.47000002 36850.82164679  3124.21280729
0.47100002 36873.29331413  2871.69221941
0.47200002 36892.39665539  2617.51566676
0.47300002 36908.61781602  2624.20285110
0.47400002 36920.47571195  3156.70082299
0.47500002 36930.16099652  3427.85770617
0.47600002 36936.87923008  3435.68398443
0.47700002 36939.38559958  3178.26488763
0.47800002 36938.77272206  2919.45604047
0.47900002 36935.67086732  3457.17895705
0.48000002 36928.51258452  3996.58846389
0.48100002 36919.62829740  4003.93387863
0.48200002 36905.48656976  3208.56315446
0.48300002 36888.71618003  3213.74510593
0.48400002 36869.22182408  2682.23601484
0.48500002 36846.50124010  4297.77610836
0.48600002 36821.21943177  3227.74824838
0.48700002 36792.32656474  2693.19843220
0.48800002 36759.49339062  3235.57076161
0.48900002 36724.56778454  3509.03261814
0.49000002 36686.20628113  2701.93922068
0.49100002 36645.21533935  5138.39233845
0.49200002 36600.39041731  2977.25889962
0.49300002 36552.88512763  3250.28269962
0.49400002 36502.55220677  3794.44048176
0.49500002 36448.47948956  4338.82720410
0.49600002 36392.69755644  2984.38330458
0.49700002 36332.93447027  3256.88440030
0.49800002 36270.61391585  3257.82669635
0.49900002 36205.37894118  3801.56496903
0.50000002 36136.95791412  3258.83101917
