# SAXS profile: number of points = 501, q_min = 0, q_max = 0.5, delta_q = 0.001
#    q    intensity    error
0.00000000 1682732.95097188 277.65093691
0.00100000 1682663.97556036 757.19880698
0.00200000 1682456.99357556 1287.07964084
0.00300000 1682112.17041083 1211.12080584
0.00400000 1681629.37973844 1387.34429100
0.00500000 1681009.08820608 2118.07153498
0.00600000 1680251.00632088 3175.67453123
0.00700000 1679355.76151828 2418.27239709
0.00800000 1678322.90155385 3172.03041786
0.00900000 1677153.70162544 2515.73065998
0.01000000 1675847.33976907 3871.20752202
0.01100000 1674405.06520772 3013.92924860
0.01200000 1672826.34358783 3588.21266432
0.01300000 1671112.54391183 6316.80569459
0.01400000 1669262.92062882 5258.17843308
0.01500000 1667279.25657717 5602.05855155
0.01600000 1665160.38922777 7218.47060999
0.01700000 1662908.46312921 5387.82366223
0.01800000 1660523.03287558 5205.73994231
0.01900000 1658004.86249147 6963.62073668
0.02000000 1655354.45075921 6257.24010692
0.02100000 1652573.52019880 6544.19143669
0.02200000 1649660.40385348 11951.79016892
0.02300000 1646617.81147154 6520.60683023
0.02400000 1643445.53838427 6779.21315495
0.02500000 1640145.16739787 10234.50631198
0.02600000 1636716.78438958 6628.70327996
0.02700000 1633161.39934120 8917.06164881
0.02800000 1629478.85321652 7088.23333656
0.02900000 1625671.87444614 8778.62852507
0.03000000 1621740.51162278 9803.42184338
0.03100000 1617685.26450719 9317.86755231
0.03200000 1613506.92379146 7986.85964063
0.03300000 1609208.47449704 12310.44539742
0.03400000 1604787.80448170 8425.13636227
0.03500000 1600248.32628985 9505.47549711
0.03600000 1595589.70082719 11512.18022349
0.03700000 1590813.74895882 14508.22206147
0.03800000 1585921.87258884 9277.64338401
0.03900000 1580915.21369353 11382.59006572
0.04000000 1575792.82481112 10660.23895383
0.04100000 1570558.48127387 11873.42266896
0.04200000 1565212.68388760 13124.30896327
0.04300000 1559755.47193118 12353.26391111
0.04400000 1554190.27233275 13638.02027310
0.04500000 1548517.00816588 11753.24463809
0.04600000 1542735.99195560 14139.17602356
0.04700000 1536850.07962482 17704.51374068
0.04800000 1530860.10427732 12377.00451896
0.04900000 1524768.08374267 16010.06562453
0.05000000 1518573.98515144 15102.21898558
0.05100000 1512281.13672733 14154.95209916
0.05200000 1505887.55577947 13168.98728898
0.05300000 1499398.76189386 15788.66969878
0.05400000 1492813.21620163 13547.28056879
0.05500000 1486134.79653184 17476.94602250
0.05600000 1479361.78697308 15178.25264262
0.05700000 1472499.63649142 14091.82217901
0.05800000 1465546.45740003 19455.13013039
0.05900000 1458504.70304365 13126.54294048
0.06000000 1451376.86072025 17264.12856483
0.06100000 1444164.58119668 17459.95060260
0.06200000 1436868.08918241 17651.92530072
0.06300000 1429490.71378864 16467.73379280
0.06400000 1422030.69604227 16637.75992179
0.06500000 1414494.12326478 25206.28645567
0.06600000 1406878.96694839 15553.04770732
0.06700000 1399188.14992103 18553.23573622
0.06800000 1391424.71491505 15841.37112083
0.06900000 1383589.14349675 21791.53003033
0.07000000 1375681.24053250 19046.30766708
0.07100000 1367705.77809554 14771.22309528
0.07200000 1359661.57370474 20843.61290135
0.07300000 1351553.55393414 16502.46966677
0.07400000 1343381.30794426 15113.04042263
0.07500000 1335146.34997133 16742.73601341
0.07600000 1326849.70007118 15325.11475427
0.07700000 1318496.30717026 21596.97052410
0.07800000 1310084.75811049 15524.50511165
0.07900000 1301616.70147141 23429.10172540
0.08000000 1293097.01091973 21995.58118758
0.08100000 1284524.81632555 20539.55277672
0.08200000 1275901.12305583 15884.96972745
0.08300000 1267229.58050629 20757.22150287
0.08400000 1258510.09187477 17650.60486704
0.08500000 1249747.30815111 17733.91513519
0.08600000 1240940.00530940 16194.26782963
0.08700000 1232091.70344858 17889.97237415
0.08800000 1223201.29165871 21228.65941371
0.08900000 1214274.68688276 18031.97994717
0.09000000 1205310.99089193 26323.99327766
0.09100000 1196312.11714358 19810.92959064
0.09200000 1187279.62152242 28156.33754738
0.09300000 1178217.07446617 19935.43383678
0.09400000 1169122.32086450 18325.99324083
0.09500000 1160000.06515581 21715.20224039
0.09600000 1150850.68722090 28466.29308655
0.09700000 1141678.47294862 21817.47664375
0.09800000 1132482.97373503 18499.11024575
0.09900000 1123266.67305319 20218.80106570
0.10000000 1114028.88465211 18565.29223580
0.10100000 1104772.95162264 25354.54043221
0.10200000 1095501.12043067 20310.59172812
0.10300000 1086213.72493636 25417.40235916
0.10400000 1076913.72580374 23745.94877110
0.10500000 1067604.02168671 18672.39521782
0.10600001 1058280.97885210 20382.49261176
0.10700001 1048951.44417739 20391.61703439
0.10800001 1039613.77700355 20397.22326474
0.10900001 1030271.48641785 20399.37639118
0.11000001 1020925.52864642 22097.93410769
0.11100001 1011577.06994554 16994.49557507
0.11200001 1002229.00201975 25481.67357596
0.11300001 992879.77140111 25467.36733546
0.11400001 983534.62579144 23752.36233123
0.11500001 974192.95271637 18646.05399300
0.11600001 964856.70805609 28786.50124045
0.11700001 955528.04591663 20295.41665108
0.11800001 946205.95399436 20267.73248914
0.11900001 936894.19284987 23609.73477187
0.12000001 927593.11359143 25253.72370710
0.12100001 918306.10007679 20166.00290767
0.12200001 909031.39468187 30188.93403962
0.12300001 899773.25580588 18409.36168113
0.12400001 890530.49850699 18367.19239712
0.12500001 881305.92034570 18322.35094735
0.12600001 872102.15948772 24920.32038169
0.12700001 862918.75063006 19881.64895147
0.12800001 853755.91198605 19824.21321062
0.12900001 844616.90607403 19764.03653365
0.13000001 835502.31050073 16417.62117518
0.13100001 826412.19270267 29453.33193628
0.13200001 817350.26610683 17936.75243526
0.13300001 808317.47303685 17871.90017138
0.13400001 799312.17754916 21041.89406601
0.13500001 790338.36768526 19347.48415313
0.13600001 781395.01685787 17663.43518892
0.13700001 772485.51975701 17589.49611427
0.13800001 763608.15911386 22289.72321562
0.13900001 754767.98893998 17435.14136672
0.14000001 745962.53059891 15777.10826622
0.14100001 737194.25175233 17272.46213318
0.14200001 728463.01831457 17188.08572781
0.14300001 719773.67910344 20211.24586254
0.14400001 711119.96670321 21653.60400751
0.14500001 702510.91870417 23077.48476805
0.14600001 693941.53409567 19891.83501324
0.14700001 685417.71808443 19781.15627712
0.14800001 676935.37389795 19668.35821653
0.14900001 668497.37161965 18049.42988532
0.15000001 660105.82834797 16446.53748928
0.15100001 651760.14577107 19318.17163218
0.15200001 643462.79913687 20674.46071183
0.15300001 635213.08785323 20542.79223057
0.15400001 627010.19073055 24782.57895814
0.15500001 618859.04531480 18825.69304692
0.15600001 610755.93789833 14383.30301632
0.15700001 602707.18634890 18569.40928783
0.15800001 594705.85602077 15602.10886910
0.15900001 586759.66687255 18306.90247052
0.16000001 578863.88020818 19571.38871366
0.16100001 571025.22207719 18038.68761692
0.16200001 563238.29685491 15148.29470900
0.16300001 555507.52543320 17765.13150201
0.16400001 547831.61590272 21694.13301392
0.16500001 540212.20805858 16141.54153885
0.16600001 532648.46408014 13342.84465516
0.16700001 525141.57581192 14556.92516881
0.16800001 517691.41188763 19685.21686649
0.16900001 510301.23204770 18217.75484431
0.17000001 502968.32958482 14191.25208934
0.17100001 495694.77391652 20462.28123353
0.17200001 488480.06891257 19014.08758032
0.17300001 481324.88110303 13818.83798906
0.17400001 474231.19904337 14938.28347534
0.17500001 467196.98581569 13567.40110884
0.17600001 460221.76230962 18328.33254961
0.17700001 453310.07409985 16944.73137016
0.17800001 446458.64018645 11987.41505520
0.17900001 439668.61814274 14245.26390068
0.18000001 432941.41419486 12929.79594567
0.18100001 426277.36730634 20947.27081891
0.18200001 419672.61129223 16128.01921381
0.18300001 413133.37401514 15963.47432605
0.18400001 406655.29142629 13541.62184421
0.18500001 400241.36395100 11166.73458177
0.18600001 393890.31765182 14363.21111174
0.18700001 387601.79194825 16395.55657402
0.18800001 381376.34404391 10812.01986447
0.18900001 375216.58373423 11763.04045584
0.19000001 369116.27647803 12690.21818491
0.19100001 363084.75134032 12548.20959923
0.19200001 357113.24897717 12406.11485567
0.19300001 351208.00704314 12264.18418546
0.19400001 345365.56567288 12122.33192795
0.19500001 339587.41927241 11980.64471808
0.19600001 333872.04396636 10852.51130198
0.19700001 328221.00371733 10722.98069819
0.19800001 322634.00919078 13482.87588127
0.19900001 317111.71105129 11416.02213737
0.20000001 311650.78811495 10335.89887632
0.20100001 306255.73254866 10207.50404828
0.20200001 300922.50228714 10079.39969050
0.20300001 295654.01007768 9951.71444958
0.20400001 290448.40718815 11610.67562613
0.20500001 285305.64098546 12342.32261241
0.20600001 280226.36232381 18272.16081901
0.20700001 275209.72065167 10303.85242825
0.20800001 270255.63371132 12708.77177602
0.20900001 265366.49574990 10030.85401352
0.21000001 260537.22211733 9070.60381680
0.21100001 255770.55101155 10573.55507867
0.21200001 251065.78342662 8823.70737566
0.21300001 246422.65825836 11074.23478567
0.21400001 241841.86799745 10919.16085630
0.21500001 237323.10161550 9996.04951263
0.21600001 232863.82305152 12127.54847790
0.21700001 228466.06608554 10459.17699990
0.21800001 224129.06537988 8835.16817501
0.21900001 219851.01482497 10157.11736516
0.22000001 215632.77845119 7148.22694364
0.22100001 211476.69172314 7746.39158409
0.22200001 207378.54069921 9711.53752015
0.22300001 203339.40982658 6832.20449324
0.22400001 199357.34405299 6728.31067995
0.22500001 195436.69955277 9937.95664220
0.22600001 191572.26858275 7827.64326445
0.22700001 187766.70618954 6421.62165536
0.22800001 184017.66295464 10745.71193640
0.22900001 180325.22374766 7465.46461620
0.23000001 176689.58811340 6734.52396943
0.23100001 173111.79726824 6626.71991282
0.23200001 169587.65684199 8297.92444172
0.23300001 166120.37856880 5830.82556353
0.23400001 162708.16442765 6882.55568080
0.23500001 159349.06914442 6205.05304596
0.23600001 156045.58215449 6102.16277877
0.23700001 152795.38915863 7636.71391135
0.23800001 149598.88819695 5899.43243508
0.23900001 146455.33259967 6326.87066756
0.24000001 143364.20830317 7255.66292542
0.24100001 140326.30755887 7131.38328746
0.24200001 137339.56299737 5506.63003885
0.24300001 134404.05284018 5411.10742331
0.24400001 131519.01723417 6766.65375678
0.24500001 128684.79623805 5223.31612639
0.24600001 125900.33315690 7463.37210260
0.24700001 123166.39048708 5498.14793144
0.24800001 120480.35965609 5849.92413984
0.24900001 117842.86067350 4861.01823274
0.25000001 115253.95541010 5207.17395177
0.25100001 112712.34923580 7242.89590455
0.25200001 110219.05168648 5855.93849315
0.25300001 107772.31398101 4927.35042833
0.25400001 105371.20742030 4030.44887451
0.25500001 103015.99083649 5142.55850586
0.25600001 100706.61955901 5046.91247798
0.25700001 98441.77000842  5333.57535141
0.25800001 96221.40761531  4859.66242154
0.25900001 94045.07929506  4401.30991926
0.26000001 91912.94159809  4318.07020059
0.26100001 89821.47096355  3529.98397589
0.26200001 87775.09889416  4847.81894131
0.26300001 85769.45747093  5094.70601484
0.26400001 83805.08623958  4663.75326991
0.26500001 81882.69946927  3920.54383610
0.26600001 80000.07690217  3844.80387785
0.26700001 78158.35805542  3456.16275676
0.26800001 76356.46127145  4313.37670134
0.26900001 74592.98505212  3625.21924508
0.27000001 72868.72194856  3554.53642486
0.27100001 71182.65802994  3194.67784356
0.27200001 69534.63559643  4271.16519364
0.27300001 67923.26069446  3629.13999065
0.27400001 66347.62037889  3010.52341716
0.27500001 64810.80613246  3219.80100104
0.27600001 63307.53009303  2893.47079984
0.27700001 61841.25218166  3094.53640562
0.27800001 60408.95209240  3033.73771766
0.27900001 59011.55590234  3965.57674432
0.28000001 57647.87466730  2915.82963867
0.28100001 56317.53231169  3573.34759430
0.28200001 55020.73604563  2802.75642682
0.28300001 53756.46109111  2977.03295613
0.28400001 52524.41236962  2694.50248209
0.28500001 51324.09772071  2642.16467572
0.28600001 50154.38851645  2159.14652783
0.28700001 49015.87838574  2329.23465114
0.28800001 47907.04183541  2076.77036187
0.28900001 46829.65337002  3055.63502703
0.29000001 45780.10168932  2997.45229999
0.29100001 44761.05252275  2156.58761263
0.29200001 43769.58951380  2693.14297026
0.29300001 42806.33542139  2831.63922216
0.29400001 41870.57070657  2408.60469391
0.29500001 40963.20746510  2182.51979705
0.29600001 40081.58773166  1785.63481797
0.29700001 39225.99691596  1753.40214515
0.29800001 38397.04606340  2410.95063645
0.29900001 37593.55582882  1860.88110162
0.30000001 36815.03571723  1828.41883545
0.30100001 36062.09161195  1960.33539283
0.30200001 35332.30897713  1766.43887094
0.30300001 34626.78356923  1736.87954606
0.30400001 33945.46436416  1553.00506818
0.30500001 33286.10430792  1680.61548607
0.30600001 32649.63415417  1653.86729638
0.30700001 32035.89249251  2072.08162451
0.30800001 31443.88064770  1748.90872442
0.30900001 30873.32747436  2296.97567284
0.31000001 30324.65526414  1697.57428206
0.31100001 29795.02085370  1533.84774617
0.31200001 29286.92942147  1650.02568173
0.31300001 28798.15623107  1898.95051178
0.31400001 28330.52443006  1338.61734270
0.31500001 27881.08535516  1982.34526261
0.31600002 27450.59971734  1696.85890187
0.31700002 27038.00299615  1934.56920597
0.31800002 26644.26315648  2422.36329957
0.31900002 26268.37304996  1513.05835932
0.32000002 25909.72702167  1621.81943971
0.32100002 25568.54343594  1481.95284772
0.32200002 25244.21177366  1345.39033018
0.32300002 24935.46238702  1211.86352939
0.32400002 24643.28509587  1561.76826690
0.32500002 24366.36542814  1548.96992361
0.32600002 24105.37580078  1300.60561292
0.32700002 23859.33191392  1291.26710433
0.32800002 23628.64760636  1282.68119605
0.32900002 23411.18188908  1274.73891422
0.33000002 23209.47078041  1613.29039034
0.33100002 23019.13149757  1146.35280286
0.33200002 22844.84797267  1483.43027335
0.33300002 22682.35466712  1590.94043169
0.33400002 22533.52966980  1132.30991953
0.33500002 22396.79365163  1580.31783490
0.33600002 22272.41998036  1801.39341332
0.33700002 22159.19140021  1348.16526863
0.33800002 22059.06210879  1346.04403362
0.33900002 21969.30478556  1456.56497626
0.34000002 21891.04364269  1231.69962889
0.34100002 21823.75350134  1119.55860764
0.34200002 21767.83051325  1567.93690613
0.34300002 21720.73261567  1344.94782726
0.34400002 21684.75717498  1346.62348434
0.34500002 21657.98672480  1573.66938995
0.34600002 21642.02956626  1351.76123073
0.34700002 21633.10942514  1468.02287512
0.34800002 21634.86117439  1359.10204334
0.34900002 21644.89522143  1249.99275824
0.35000002 21663.63795471  2167.12212544
0.35100002 21690.59028400  1259.78954336
0.35200002 21724.86506285  1495.43115743
0.35300002 21767.28845031  1155.84307146
0.35400002 21817.80047544  1975.05648158
0.35500002 21875.25821975  1284.95272869
0.35600002 21939.34306817  1174.85187695
0.35700002 22010.42193876  1300.15568550
0.35800002 22088.77842409  1546.32500682
0.35900002 22172.91588518  1556.53876887
0.36000002 22264.12442903  1205.60239494
0.36100002 22360.45737364  1457.00747148
0.36200002 22463.67346175  1345.46178572
0.36300002 22570.76935379  1478.83687811
0.36400002 22683.98458635  1490.33785792
0.36500002 22801.96951611  1877.74227860
0.36600002 22925.50992181  1640.66419527
0.36700002 23053.35979017  2163.32738518
0.36800002 23187.17163741  1411.75101202
0.36900002 23324.37548034  1682.85377062
0.37000002 23464.88495019  1697.56718213
0.37100002 23609.79878924  1712.65488530
0.37200002 23759.24802207  1861.06198573
0.37300002 23911.57622640  1475.58343883
0.37400002 24068.48499239  1624.62281395
0.37500002 24227.50418090  1503.07443059
0.37600002 24390.89852056  1379.30537668
0.37700002 24555.82206259  2227.70428305
0.37800002 24724.70645693  1546.15959153
0.37900002 24895.98415278  1419.07116393
0.38000002 25069.80952814  1576.01365065
0.38100002 25245.50318937  1446.56740128
0.38200002 25423.58239200  1752.70185314
0.38300002 25603.57339357  1769.71907680
0.38400002 25786.14637952  1786.98002876
0.38500002 25969.35507051  2405.80116771
0.38600002 26155.24991971  2277.46849465
0.38700002 26341.65888519  1533.08461975
0.38800002 26529.41178994  2012.38862666
0.38900002 26718.47864045  1563.03107452
0.39000002 26909.29987594  2840.81492249
0.39100002 27099.97456053  2071.52215355
0.39200002 27292.30251301  2091.54570217
0.39300002 27484.72096990  1786.78179491
0.39400002 27678.62080168  2131.94586826
0.39500002 27872.06273327  1821.16066527
0.39600002 28065.70652424  1838.44419297
0.39700002 28259.37809776  2530.62742855
0.39800002 28454.26284493  1873.28648315
0.39900002 28648.07839701  2578.32717789
0.40000002 28841.71688810  2602.24402952
0.40100002 29035.07544933  1750.81513255
0.40200002 29229.23583526  2650.36108494
0.40300002 29421.85659188  1782.96459394
0.40400002 29613.85046190  1799.04150080
0.40500002 29805.41237012  1815.14969934
0.40600002 29996.49804140  2380.67217985
0.40700002 30186.36150905  2401.62703545
0.40800002 30375.78472316  2236.26537728
0.40900002 30563.26158825  2443.53287976
0.41000002 30750.61599046  1895.77556564
0.41100002 30936.44590698  2103.05969240
0.41200002 31120.15814700  2313.47266627
0.41300002 31303.28688470  2527.11446994
0.41400002 31484.66936947  2155.91283723
0.41500002 31665.08246376  2766.26173511
0.41600002 31842.73597312  2788.46852129
0.41700002 32019.52252418  2208.38657313
0.41800002 32195.35909668  2832.86978115
0.41900002 32367.43983878  3262.63809035
0.42000002 32538.55333849  2465.77168883
0.42100002 32708.15777856  2277.46913404
0.42200002 32875.61417454  2920.34094551
0.42300002 33040.50411884  2311.51377769
0.42400002 33203.33164715  2328.38374209
0.42500002 33364.34748261  2558.37828620
0.42600002 33521.74252354  2147.06771037
0.42700002 33678.31062781  2162.14764476
0.42800002 33831.95952379  2394.79536837
0.42900002 33983.69441531  2849.53291175
0.43000002 34132.96082806  2206.69602210
0.43100002 34278.38499312  2443.36339809
0.43200002 34422.14194388  3130.00551528
0.43300002 34562.95058229  2250.04818953
0.43400002 34701.62837775  2490.70949484
0.43500002 34836.84979193  2733.99610123
0.43600002 34970.62684406  2980.02210774
0.43700002 35100.54366404  3459.15874202
0.43800002 35226.95013594  2551.66425402
0.43900002 35351.67433419  2799.85273995
0.44000002 35472.72961449  3519.78176280
0.44100002 35591.60535820  3303.61296591
0.44200002 35707.18245029  2847.29086352
0.44300002 35820.03242363  3101.29855421
0.44400002 35929.37401451  2638.11441204
0.44500002 36034.90698453  2892.88246981
0.44600002 36138.17698321  3392.29083418
0.44700002 36238.75902209  3165.81813820
0.44800002 36334.93843296  2447.15821944
0.44900002 36429.41776817  2950.78297907
0.45000002 36520.51997076  2717.67462242
0.45100002 36607.11519952  2978.35503378
0.45200002 36691.46902040  3989.09670095
0.45300002 36771.94782655  3255.42069537
0.45400002 36849.96203837  3018.01203398
0.45500002 36924.48218069  3030.76164103
0.45600002 36995.55827696  2789.65020409
0.45700002 37063.21132532  3055.49128647
0.45800002 37127.11421091  3067.44232148
0.45900002 37188.04580075  3335.76786642
0.46000002 37246.32208772  2833.14162388
0.46100002 37299.97559516  3360.35496063
0.46200002 37351.32733453  2853.45478696
0.46300002 37398.79902977  2602.95653584
0.46400002 37442.51361177  4439.74626194
0.46500002 37483.84108148  3406.15680051
0.46600002 37520.86622234  2891.17048379
0.46700002 37554.67199966  3163.60571919
0.46800002 37585.81872137  4495.07620303
0.46900002 37612.84536032  2916.87629594
0.47000002 37636.06979543  3190.78614849
0.47100002 37656.52042179  3465.90630389
0.47200002 37673.36340480  2940.21778629
0.47300002 37687.56370218  3483.46167810
0.47400002 37696.75381594  2954.48322036
0.47500002 37703.93149700  3230.47300378
0.47600002 37708.02325734  2967.81011114
0.47700002 37707.46416531  3514.71290144
0.47800002 37703.89259742  3521.73225499
0.47900002 37697.63506875  3257.07582432
0.48000002 37687.24239421  3534.87506791
0.48100002 37674.91122262  3268.67545261
0.48200002 37657.33604738  3273.92895114
0.48300002 37636.87780467  3552.16869558
0.48400002 37613.49713339  3283.65845539
0.48500002 37586.91809641  3014.09510502
0.48600002 37557.61214743  4115.37554612
0.48700002 37524.52397589  3845.51339933
0.48800002 37487.31658119  3024.66428172
0.48900002 37447.98496245  4128.64053781
0.49000002 37405.07891706  4407.81470852
0.49100002 37359.44164061  4687.11577040
0.49200002 37309.69389806  3586.76759291
0.49300002 37257.33189781  2760.76842449
0.49400002 37202.03568975  3314.70153708
0.49500002 37142.64756984  3868.77835426
0.49600002 37081.48144894  2764.42457306
0.49700002 37016.34055363  4977.21738677
0.49800002 36948.51898402  3318.71613246
0.49900002 36877.57718723  3595.56394619
0.50000002 36803.51041505  2765.78393880
