# SAXS profile: number of points = 501, q_min = 0, q_max = 0.5, delta_q = 0.001
#    q    intensity    error
0.00000000 1664650.74656091 299.63713438
0.00100000 1664582.21146992 549.31214283
0.00200000 1664376.55121069 748.96947176
0.00300000 1664033.93674774 1697.31467595
0.00400000 1663554.23661754 1871.49858731
0.00500000 1662937.90025433 2095.30183726
0.00600000 1662184.67549473 2094.35277639
0.00700000 1661295.18237539 1993.55430170
0.00800000 1660268.92939495 2241.36314931
0.00900000 1659107.22878112 2488.66094956
0.01000000 1657809.22746045 3282.46241211
0.01100000 1656376.23608161 4174.06829666
0.01200000 1654807.59975282 3549.56245710
0.01300000 1653104.80714156 3818.67227292
0.01400000 1651267.08309483 4086.88621184
0.01500000 1649296.17634421 5541.63539928
0.01600000 1647190.94662628 7140.57307283
0.01700000 1644953.54283124 5773.78719434
0.01800000 1642583.48313232 5149.49945133
0.01900000 1640081.55759709 5904.29387377
0.02000000 1637448.35151398 5673.75879465
0.02100000 1634685.38254722 10249.47781327
0.02200000 1631791.11078709 6755.61550558
0.02300000 1628768.28222308 8208.99251606
0.02400000 1625616.68357473 6096.06284137
0.02500000 1622337.77073924 9490.67639227
0.02600000 1618931.75175350 7212.34128394
0.02700000 1615399.53336458 9498.54969123
0.02800000 1611741.00124071 12619.93261846
0.02900000 1607958.95346767 7235.81562283
0.03000000 1604053.39983217 8204.73351727
0.03100000 1600024.69846309 11520.17835901
0.03200000 1595873.95892916 10269.44939870
0.03300000 1591603.80953800 8117.17980285
0.03400000 1587212.28944527 9166.15139448
0.03500000 1582702.84441224 11110.57448084
0.03600000 1578075.10697655 8758.31724847
0.03700000 1573330.90849853 12555.18123046
0.03800000 1568471.66254999 9175.55965056
0.03900000 1563498.33580727 11257.18853913
0.04000000 1558410.11279868 12459.48942919
0.04100000 1553210.92507020 9785.22928165
0.04200000 1547901.10357427 9983.96258124
0.04300000 1542480.49110673 11198.40888524
0.04400000 1536952.96137516 10374.43297109
0.04500000 1531318.10444524 13735.92403511
0.04600000 1525576.18244024 15057.43762066
0.04700000 1519730.44605970 16413.08958078
0.04800000 1513781.12511750 14464.17932349
0.04900000 1507730.85569158 15831.17472166
0.05000000 1501579.17827151 16081.91374816
0.05100000 1495329.55665509 16328.99951934
0.05200000 1488980.08822895 11837.39225306
0.05300000 1482536.15013141 16811.96072623
0.05400000 1475996.21509806 17047.75707939
0.05500000 1469364.30359645 13576.92679859
0.05600000 1462638.58648608 13756.11654782
0.05700000 1455824.39757385 17731.94199015
0.05800000 1448920.10116229 14105.23784342
0.05900000 1441927.95576853 16870.55787045
0.06000000 1434850.33939079 14441.76934067
0.06100000 1427689.24948217 14605.26170473
0.06200000 1420444.61931539 14765.52250798
0.06300000 1413119.93415186 17635.73760278
0.06400000 1405713.33900768 24670.27025333
0.06500000 1398230.89437195 15226.73515198
0.06600000 1390670.69139466 15373.86521269
0.06700000 1383035.54424987 19749.74849616
0.06800000 1375328.38524128 14234.64945356
0.06900000 1367550.05248880 15795.20384576
0.07000000 1359699.92318721 15928.88534606
0.07100000 1351783.06086923 21898.88661178
0.07200000 1343798.25480338 17657.50989531
0.07300000 1335750.18969061 19274.87614037
0.07400000 1327638.45588335 20910.30666011
0.07500000 1319465.18916146 21058.66540609
0.07600000 1311230.46873645 15144.71262390
0.07700000 1302939.94458188 18293.27767967
0.07800000 1294592.01018788 18409.09924819
0.07900000 1286188.23416801 16977.68548733
0.08000000 1277733.22441554 23286.68910738
0.08100000 1269226.46638803 17172.63489594
0.08200000 1260668.95422003 18834.39505985
0.08300000 1252064.13690870 20508.81152508
0.08400000 1243412.28333474 20609.55956366
0.08500000 1234717.64138377 23891.78748238
0.08600000 1225979.17738053 17598.93191759
0.08700000 1217200.36075784 17673.75006812
0.08800000 1208379.87686924 20971.43374796
0.08900000 1199524.08720525 21051.64871924
0.09000000 1190631.45825743 19502.54420240
0.09100000 1181704.70512403 26092.04111497
0.09200000 1172744.80107879 19631.74889249
0.09300000 1163755.16399941 21331.63315853
0.09400000 1154734.07373344 19745.95358885
0.09500000 1145686.01008706 23097.03104898
0.09600000 1136611.92699037 19845.24517813
0.09700000 1127514.75565139 19889.36122474
0.09800000 1118395.29854513 21590.62225355
0.09900000 1109255.42612082 19966.59860905
0.10000000 1100094.83535217 23333.01255511
0.10100000 1090916.51164090 20029.22809574
0.10200000 1081722.63633757 18383.87706927
0.10300000 1072513.90602139 18404.33949308
0.10400000 1063293.19596063 23445.61607393
0.10500000 1054062.98805959 16759.60229868
0.10600001 1044819.81036463 20123.23049449
0.10700001 1035571.36040838 21809.13387649
0.10800001 1026314.74410822 16780.24685588
0.10900001 1017054.17417239 20137.67359641
0.11000001 1007790.06728400 20135.64649211
0.11100001 998524.11436333 18452.72650207
0.11200001 989259.05351509 20121.53009576
0.11300001 979993.40076956 20109.46553056
0.11400001 970732.10044034 18419.64247313
0.11500001 961474.76503694 18402.62786935
0.11600001 952223.04486272 20053.81826917
0.11700001 942979.75615774 31712.41069308
0.11800001 933742.73527022 20000.77033149
0.11900001 924516.90241625 21633.69653552
0.12000001 915302.01917499 21596.55215974
0.12100001 906101.59502553 21556.15796113
0.12200001 896914.19337515 18202.87441211
0.12300001 887743.00102076 18163.22265663
0.12400001 878587.92273202 21415.58162564
0.12500001 869451.35504934 19719.15766170
0.12600001 860335.73354374 18028.33614597
0.12700001 851240.85251621 21246.97268010
0.12800001 842167.10592860 16295.93426773
0.12900001 833117.26539043 27617.83864938
0.13000001 824092.17309753 17812.75316110
0.13100001 815092.01112152 19366.58709714
0.13200001 806119.98073800 17690.30381122
0.13300001 797177.33450527 20830.24473262
0.13400001 788262.75877547 17558.55377953
0.13500001 779379.69560266 19079.21584790
0.13600001 770527.26491345 19001.20324869
0.13700001 761708.88211542 26804.53682556
0.13800001 752922.83460038 18838.13021003
0.13900001 744174.29285669 17190.42697566
0.14000001 735460.64775855 20221.49146378
0.14100001 726784.20445679 20124.65557055
0.14200001 718145.05898338 16944.63346591
0.14300001 709547.69876738 27587.21582930
0.14400001 700986.48581304 22869.68517841
0.14500001 692470.31234191 16681.61061122
0.14600001 683993.40110706 18098.46624708
0.14700001 675562.27516969 20996.47650281
0.14800001 667172.73072244 17893.57348217
0.14900001 658827.57175987 19270.70738318
0.15000001 650528.93756794 23575.16980981
0.15100001 642276.43992311 16108.29387334
0.15200001 634072.13264834 16007.15174404
0.15300001 625915.64152682 14458.65200156
0.15400001 617806.09692948 18673.19016090
0.15500001 609747.99556931 21402.15565451
0.15600001 601737.94903659 17005.11524233
0.15700001 593782.56056895 15479.91208464
0.15800001 585874.28878471 18165.03318114
0.15900001 578021.36908188 15259.76486403
0.16000001 570218.75067322 15147.86182665
0.16100001 562473.12567529 17768.52687883
0.16200001 554779.26794245 17633.65986397
0.16300001 547141.66602252 14805.65418151
0.16400001 539558.74717766 17360.30351001
0.16500001 532031.83575236 21196.14933707
0.16600001 524561.09554659 14454.28167022
0.16700001 517146.87594982 15638.52226709
0.16800001 509789.21382609 12923.15718068
0.16900001 502491.38408279 20501.64943863
0.17000001 495250.92589903 13973.50553407
0.17100001 488069.18598789 17629.05983035
0.17200001 480946.56056323 16224.73298678
0.17300001 473883.27556813 17315.69570698
0.17400001 466881.05900188 13481.19121534
0.17500001 459938.25620115 14570.84464460
0.17600001 453054.18957424 13231.44823143
0.17700001 446233.48457264 16680.20844114
0.17800001 439472.80910538 12979.83002999
0.17900001 432773.42685956 14021.85969255
0.18000001 426136.58170190 19668.33485749
0.18100001 419562.52001038 12599.46307107
0.18200001 413047.73551792 12471.97696311
0.18300001 406597.90460965 16833.15404603
0.18400001 400209.02124923 13326.96103717
0.18500001 393883.93788632 13187.23486343
0.18600001 387621.41327322 17396.44984957
0.18700001 381421.45405363 11831.69406373
0.18800001 375284.10132999 18086.81811813
0.18900001 369212.00513628 11574.79690790
0.19000001 363199.02155218 13527.34819686
0.19100001 357254.41752809 13375.60602425
0.19200001 351369.50718452 13223.79202773
0.19300001 345550.63008325 13072.18095374
0.19400001 339793.96235262 10932.87125532
0.19500001 334101.36634633 12769.35482517
0.19600001 328470.84521553 10676.94532828
0.19700001 322904.84627630 17262.49389771
0.19800001 317401.99892986 13264.23016213
0.19900001 311963.48833262 10294.79560151
0.20000001 306586.17496048 10167.93097311
0.20100001 301273.98353004 9128.60213240
0.20200001 296023.25221188 13520.86268382
0.20300001 290836.73512582 8899.60451549
0.20400001 285712.90195716 15814.20987080
0.20500001 280650.95329406 13875.38378670
0.20600001 275652.53636152 9414.91282445
0.20700001 270715.95311712 11824.87339111
0.20800001 265841.49882854 8334.13138223
0.20900001 261031.54897985 10689.24243602
0.21000001 256280.90526449 10544.67834558
0.21100001 251592.22897291 8800.69658551
0.21200001 246965.14591729 9468.64414209
0.21300001 242398.96014703 7781.00698857
0.21400001 237894.64651637 9973.73352672
0.21500001 233451.79123480 8320.22223297
0.21600001 229068.00669687 9693.01316165
0.21700001 224745.01216493 9553.91091884
0.21800001 220482.26332599 9415.69550052
0.21900001 216277.94064900 9278.32409254
0.22000001 212132.68038867 7735.41855612
0.22100001 208048.92156363 11777.65000661
0.22200001 204022.80066491 8871.93190642
0.22300001 200054.87723161 8738.39745068
0.22400001 196143.58366376 7281.83088785
0.22500001 192293.11098450 7170.61044769
0.22600001 188498.00565827 8343.86461503
0.22700001 184761.14623065 8846.36409986
0.22800001 181080.29484682 9330.16263321
0.22900001 177455.42444719 7346.65491954
0.23000001 173886.77644253 6627.69479754
0.23100001 170375.02477085 6521.95625667
0.23200001 166916.65146442 7583.85841795
0.23300001 163514.27853899 6887.22173779
0.23400001 160166.28386383 6210.44795055
0.23500001 156870.92421595 7219.20027386
0.23600001 153630.41977648 7646.18635392
0.23700001 150442.52294582 5370.79832319
0.23800001 147307.36246895 7393.35687201
0.23900001 144224.79941499 9864.97674659
0.24000001 141193.90215304 6124.99176511
0.24100001 138215.62598328 5518.95020657
0.24200001 135287.77839772 6410.61168261
0.24300001 132410.35754947 5330.84124711
0.24400001 129582.76063313 6190.81668210
0.24500001 126805.22634408 5614.93568813
0.24600001 124077.12254169 5516.46912916
0.24700001 121398.36855422 4967.62147624
0.24800001 118766.94904690 5766.72948378
0.24900001 116183.41915212 5663.94195161
0.25000001 113647.84865288 5562.49421547
0.25100001 111158.61904203 4201.79599857
0.25200001 108717.02121214 4950.97338023
0.25300001 106321.53625215 4861.02086743
0.25400001 103970.78514313 4772.25926385
0.25500001 101665.21156473 5855.91646318
0.25600001 99404.71845687  4598.46249338
0.25700001 97188.16594893  5641.77330027
0.25800001 95015.22264195  4060.47573172
0.25900001 92885.79046380  3984.80059944
0.26000001 90799.66830360  6043.17220988
0.26100001 88753.57800432  4185.61893673
0.26200001 86751.76738444  5475.77181640
0.26300001 84789.95065460  3693.45042528
0.26400001 82868.84092081  4611.65121546
0.26500001 80988.88079115  3877.74779577
0.26600001 79147.92503187  4120.83691178
0.26700001 77347.33847589  4353.10841541
0.26800001 75585.58353936  3964.84197218
0.26900001 73861.69842747  3589.67871344
0.27000001 72176.44244285  3814.16428139
0.27100001 70528.42003551  3740.82757571
0.27200001 68917.79260159  3951.05723683
0.27300001 67343.14087399  3044.58354300
0.27400001 65803.55530995  2985.83646349
0.27500001 64301.89407934  2928.30839496
0.27600001 62833.22539656  2610.72063878
0.27700001 61400.98159730  2560.42105378
0.27800001 60001.73053517  3766.60881261
0.27900001 58636.94814104  2709.02713233
0.28000001 57305.01009669  3623.10943484
0.28100001 56005.77707403  3316.66227530
0.28200001 54739.39730491  3485.53128836
0.28300001 53504.79391370  2279.30432860
0.28400001 52301.80659844  3353.85350687
0.28500001 51129.85649241  2632.16513681
0.28600001 49987.78265871  2797.56638891
0.28700001 48876.30121750  2956.03883755
0.28800001 47793.81055377  2071.86178557
0.28900001 46741.98041523  2439.93149317
0.29000001 45717.45176980  2594.23692347
0.29100001 44722.66267826  2546.50853344
0.29200001 43754.89517373  3461.44992104
0.29300001 42814.73273457  2643.38172416
0.29400001 41901.41824330  3337.44812106
0.29500001 41015.75050342  2367.42923112
0.29600001 40155.14576246  1967.80301124
0.29700001 39320.11544666  1933.37016803
0.29800001 38511.05374276  2245.38709477
0.29900001 37726.75990188  1697.70427595
0.30000001 36966.80369378  1669.05126579
0.30100001 36231.79947935  2133.69077235
0.30200001 35519.35592426  1614.35480318
0.30300001 34830.62654993  1905.93197504
0.30400001 34165.54844584  1875.68869847
0.30500001 33521.71494507  2000.24082547
0.30600001 32900.37086402  1818.07458002
0.30700001 32300.98447916  1939.99721966
0.30800001 31722.88017784  2205.53334878
0.30900001 31165.48490587  2028.87316343
0.31000001 30629.55248467  1714.64242927
0.31100001 30112.12123498  1832.02154267
0.31200001 29615.68821030  1390.45662731
0.31300001 29137.89250274  1509.63428204
0.31400001 28680.73794114  1490.68142507
0.31500001 28241.32026477  1606.36637272
0.31600002 27820.22978442  1455.13718777
0.31700002 27416.76193884  1438.55756704
0.31800002 27031.39932453  1293.45251892
0.31900002 26663.49223470  1535.81722544
0.32000002 26312.21050072  1520.31959472
0.32100002 25977.89882842  2258.51863108
0.32200002 25660.05153387  1491.87546682
0.32300002 25357.31651132  1848.54846121
0.32400002 25070.59815204  1833.28757668
0.32500002 24798.71405533  1455.18860967
0.32600002 24542.30106094  1564.93990125
0.32700002 24300.28876744  1434.68911677
0.32800002 24073.33142023  1900.83033895
0.32900002 23859.06446743  1181.02374706
0.33000002 23660.16103627  1409.67246129
0.33100002 23472.20334283  1402.69893819
0.33200002 23299.82909748  1396.59182224
0.33300002 23138.99758205  1854.82213401
0.33400002 22991.35023552  1155.31540405
0.33500002 22855.27696721  1843.04962192
0.33600002 22731.25257121  1263.97135908
0.33700002 22618.01002903  1720.09974417
0.33800002 22517.59796573  1374.02389294
0.33900002 22426.87225366  1372.52464692
0.34000002 22347.76074899  1257.39681809
0.34100002 22278.81771393  1485.77442371
0.34200002 22221.05059624  1714.90966098
0.34300002 22171.82980426  2059.31964975
0.34400002 22133.35682541  1145.40126996
0.34500002 22103.76693882  1147.18555846
0.34600002 22084.71794574  1264.46058587
0.34700002 22072.40683072  1613.05156758
0.34800002 22070.37292036  1270.92248481
0.34900002 22076.41488533  1274.91302001
0.35000002 22090.82784174  1395.69856914
0.35100002 22113.15205282  1751.36172553
0.35200002 22142.61669380  1406.94193136
0.35300002 22179.91418878  1413.30419905
0.35400002 22224.95578771  1538.52263727
0.35500002 22276.75948867  1427.49481565
0.35600002 22334.93529928  1674.45017870
0.35700002 22399.86521686  1684.02194677
0.35800002 22471.90073293  1452.13429414
0.35900002 22549.48358201  1217.67217110
0.36000002 22633.92454883  1593.31519408
0.36100002 22723.16748957  1480.64166375
0.36200002 22819.26196781  1615.26153490
0.36300002 22918.81666087  1501.64093875
0.36400002 23024.55961039  1512.71363806
0.36500002 23134.65764051  1397.10204109
0.36600002 23250.29617645  1919.89329771
0.36700002 23369.97025149  1677.02914469
0.36800002 23495.50201680  1300.47609823
0.36900002 23624.24423402  2097.83298735
0.37000002 23756.20538177  1586.43947054
0.37100002 23892.45922130  1866.47900278
0.37200002 24032.97192461  1344.64484288
0.37300002 24176.30495565  1763.17800394
0.37400002 24324.07765830  1505.05237640
0.37500002 24473.91565340  1518.36179906
0.37600002 24627.87666696  1392.70649149
0.37700002 24783.41781275  1686.26382786
0.37800002 24942.71407895  1701.59203507
0.37900002 25104.32275375  1574.04111123
0.38000002 25268.40233995  1732.90711457
0.38100002 25434.30880304  1603.12455980
0.38200002 25602.51557391  1912.12396622
0.38300002 25772.50111029  1632.94574771
0.38400002 25945.08892358  2397.32633011
0.38500002 26118.12274198  3024.47875680
0.38600002 26293.99594949  1831.63984461
0.38700002 26470.18163859  2156.79050209
0.38800002 26647.68534624  2021.36026770
0.38900002 26826.49499452  1726.28503468
0.39000002 27007.02559027  2059.15076368
0.39100002 27187.54201177  1598.62754603
0.39200002 27369.47768477  1774.77386455
0.39300002 27551.56142226  1791.12709292
0.39400002 27735.06680534  1971.96334329
0.39500002 27918.11390213  1824.16964879
0.39600002 28101.48586089  2844.85405591
0.39700002 28284.85138620  1857.46627853
0.39800002 28469.30744070  1703.88813105
0.39900002 28652.69163663  2062.99389558
0.40000002 28836.16766863  2254.84423768
0.40100002 29019.18791964  1749.85711446
0.40200002 29203.07308571  1941.85843684
0.40300002 29385.41363416  2849.20984096
0.40400002 29567.22343181  2694.31336288
0.40500002 29748.65553255  2536.37049088
0.40600002 29929.51865755  2375.35636080
0.40700002 30109.41995703  2395.50556528
0.40800002 30288.85453699  2044.04344528
0.40900002 30466.39868194  1873.68360772
0.41000002 30643.73218473  2644.86065018
0.41100002 30819.74323833  2095.12624461
0.41200002 30993.81277843  2496.08683038
0.41300002 31167.14867798  2322.57602953
0.41400002 31338.93116234  2536.10312448
0.41500002 31509.88587490  2162.83866894
0.41600002 31677.98276302  2179.60370729
0.41700002 31845.39325778  2396.04750225
0.41800002 32011.95131030  2011.95123519
0.41900002 32174.84489002  2837.82145377
0.42000002 32336.76916365  2246.27377639
0.42100002 32497.35355873  2262.79083552
0.42200002 32655.90270115  2900.82397440
0.42300002 32812.00929467  2086.84389003
0.42400002 32966.03318412  2732.06012959
0.42500002 33118.46949554  2116.27030105
0.42600002 33267.44468467  4261.55986605
0.42700002 33415.57848983  2359.80826478
0.42800002 33560.89069924  2375.60776072
0.42900002 33704.48737204  3043.51535392
0.43000002 33845.70384964  2406.93734333
0.43100002 33983.11218792  3082.94808378
0.43200002 34119.14811962  2437.64265292
0.43300002 34252.28053643  3344.73535288
0.43400002 34383.24216846  3589.61065249
0.43500002 34511.20522000  2482.73622118
0.43600002 34637.56660070  2724.59111793
0.43700002 34760.31898554  2512.12837213
0.43800002 34879.63970559  2756.18926015
0.43900002 34997.48595442  2771.80101894
0.44000002 35111.74677822  3716.22745512
0.44100002 35223.92294509  2568.88082212
0.44200002 35333.01527453  3521.81846439
0.44300002 35439.54976171  2832.32895118
0.44400002 35542.58279912  3321.45451998
0.44500002 35642.10066024  2861.34797661
0.44600002 35739.43301112  2635.96200666
0.44700002 35834.07558370  2889.65999201
0.44800002 35924.67056973  3145.38468080
0.44900002 36013.61449779  3160.19482195
0.45000002 36099.23408831  3907.38128290
0.45100002 36180.61855038  3188.95987016
0.45200002 36259.87070384  3203.01583042
0.45300002 36335.48866500  3959.11503257
0.45400002 36408.64231388  2981.86794683
0.45500002 36478.52286191  3493.18351481
0.45600002 36544.93124693  3006.18618685
0.45700002 36608.34989528  3269.49188410
0.45800002 36668.00237982  3281.96970855
0.45900002 36724.81005079  3294.21561768
0.46000002 36779.19989631  2543.28179337
0.46100002 36829.13852071  3062.71130454
0.46200002 36876.82062983  3329.42390836
0.46300002 36920.76391537  3597.55940642
0.46400002 36961.15405400  3351.45280269
0.46500002 36999.21042369  2844.86942431
0.46600002 37033.27431665  3113.01718660
0.46700002 37064.19797101  3642.66954924
0.46800002 37092.44458087  3392.28967993
0.46900002 37116.87937133  4186.78419152
0.47000002 37137.72379071  2623.78031017
0.47100002 37155.85859220  2893.69840431
0.47200002 37170.50737582  2637.24762331
0.47300002 37182.54968656  3701.15117122
0.47400002 37189.98547371  2914.76524965
0.47500002 37195.39370794  2921.32636029
0.47600002 37197.80624246  3193.80379536
0.47700002 37195.86023366  3467.02629671
0.47800002 37190.90521080  3206.59999926
0.47900002 37183.55013762  3480.38045785
0.48000002 37172.04733120  2950.15967627
0.48100002 37158.83867253  2955.24257970
0.48200002 37140.36647830  3498.06558256
0.48300002 37119.35985379  2694.86565312
0.48400002 37095.49443232  2968.56708265
0.48500002 37068.50741096  4053.44147752
0.48600002 37038.91475099  3246.83142097
0.48700002 37005.74542141  3250.58483189
0.48800002 36968.59316431  2711.64643714
0.48900002 36929.37842208  3257.17133122
0.49000002 36886.70146030  4075.05853699
0.49100002 36841.48456418  3262.68202766
0.49200002 36792.34525406  3264.95287261
0.49300002 36740.58460370  2994.72519300
0.49400002 36685.96864092  3268.71996085
0.49500002 36627.56756152  2997.60027133
0.49600002 36567.48379225  3816.54846431
0.49700002 36503.48072208  3544.85318095
0.49800002 36436.88274252  3818.22112358
0.49900002 36367.35049784  4909.59254994
0.50000002 36294.74921234  3273.06063912
