# SAXS profile: number of points = 501, q_min = 0, q_max = 0.5, delta_q = 0.001
#    q    intensity    error
0.00000000 1664650.74656090 249.69761198
0.00100000 1664582.35521987 599.24966211
0.00200000 1664377.12286741 823.86670191
0.00300000 1664035.21988460 1497.63175125
0.00400000 1663556.51624317 1372.43417805
0.00500000 1662941.47025985 1795.97685897
0.00600000 1662189.80161309 1919.82929902
0.00700000 1661302.16899456 2192.91895421
0.00800000 1660278.04966551 2689.65055402
0.00900000 1659118.74263425 2488.67822034
0.01000000 1657823.44510904 3282.49056305
0.01100000 1656393.42353135 5366.71492590
0.01200000 1654828.01907776 4517.68069015
0.01300000 1653128.78151396 3818.72765372
0.01400000 1651294.81266359 4086.95484252
0.01500000 1649327.99689220 5145.90357944
0.01600000 1647227.11175431 5880.60105185
0.01700000 1644994.30511935 5773.93026998
0.01800000 1642629.11113500 6554.09044835
0.01900000 1640132.32223534 7872.63550196
0.02000000 1637504.49299837 5158.13938628
0.02100000 1634747.21011387 5934.13264176
0.02200000 1631858.80648335 7318.88707959
0.02300000 1628842.11554398 7036.59825944
0.02400000 1625696.96972493 6096.36391445
0.02500000 1622424.64355892 6960.20203874
0.02600000 1619025.44644084 7868.46402959
0.02700000 1615500.41307282 8820.63265937
0.02800000 1611849.30702689 7712.69928783
0.02900000 1608074.75277453 7236.33671974
0.03000000 1604177.01012905 10443.19281596
0.03100000 1600156.44542413 9984.97667889
0.03200000 1596013.90116710 12640.43067944
0.03300000 1591752.29885052 8929.73080822
0.03400000 1587369.39001337 12500.53452313
0.03500000 1582868.86832653 11111.73996877
0.03600000 1578250.21126993 13138.93361602
0.03700000 1573515.27473188 10762.84497692
0.03800000 1568665.54788951 10094.36326783
0.03900000 1563701.88420262 13135.09643559
0.04000000 1558623.55884438 11502.64239729
0.04100000 1553434.36456522 15658.61912085
0.04200000 1548134.70194351 12981.11007803
0.04300000 1542724.58822844 10181.98275493
0.04400000 1537207.46212989 12451.38102152
0.04500000 1531583.33185561 15851.88822126
0.04600000 1525852.20222911 11832.98437837
0.04700000 1520017.54453070 12038.53951257
0.04800000 1514079.41839997 11128.48424303
0.04900000 1508040.33020283 13572.36360359
0.05000000 1501900.12598598 13787.44379858
0.05100000 1495661.97490010 19832.47871105
0.05200000 1489324.16743780 14208.15321947
0.05300000 1482891.94999125 12011.42535488
0.05400000 1476363.85749784 13398.00263159
0.05500000 1469743.91392268 23457.11396046
0.05600000 1463030.20625018 15010.69061659
0.05700000 1456228.07254207 19003.77723374
0.05800000 1449336.03469280 14109.28695653
0.05900000 1442356.18014617 20769.92996418
0.06000000 1435291.04180388 17072.78773988
0.06100000 1428142.21801969 15938.06789791
0.06200000 1420910.11829763 25512.44236658
0.06300000 1413597.98949107 20355.81200041
0.06400000 1406203.85939051 15081.53709728
0.06500000 1398734.10296912 20771.20240072
0.06600000 1391186.59412153 22370.28148015
0.06700000 1383564.03768780 15523.58922934
0.06800000 1375869.63304138 22784.40218968
0.06900000 1368103.89599007 17238.10989654
0.07000000 1360266.55826723 18832.89138113
0.07100000 1352362.38696296 14605.51446329
0.07200000 1344390.26480814 22081.61113393
0.07300000 1336354.93286168 17800.24853976
0.07400000 1328255.86533569 19425.74294091
0.07500000 1320095.13641584 18058.90231263
0.07600000 1311873.00175504 21212.98743286
0.07700000 1303595.01949675 21352.88742056
0.07800000 1295259.51329377 26093.00411897
0.07900000 1286868.36529386 16986.66321862
0.08000000 1278425.67165730 20192.73443109
0.08100000 1269931.29984121 17182.17129301
0.08200000 1261386.03131109 21985.95955745
0.08300000 1252793.46668413 15785.19842105
0.08400000 1244153.75205687 17449.25719164
0.08500000 1235471.11908496 20718.85163970
0.08600000 1226744.49678589 16009.01643470
0.08700000 1217977.34561102 19292.76206042
0.08800000 1209168.71992186 17756.64348597
0.08900000 1200324.47746211 16204.38120685
0.09000000 1191443.23500699 19515.84110618
0.09100000 1182527.90661641 22846.44022918
0.09200000 1173579.22471249 22920.00333557
0.09300000 1164600.65287517 21347.13097035
0.09400000 1155590.54157013 16467.16599129
0.09500000 1146553.21103336 19812.44041789
0.09600000 1137489.61816827 21515.61713905
0.09700000 1128402.85965965 19905.02738019
0.09800000 1119293.79915017 26594.42191822
0.09900000 1110164.10120259 18317.70853119
0.10000000 1101013.43850043 16680.35437771
0.10100000 1091844.77404492 21716.79357713
0.10200000 1082660.61230650 26763.37159507
0.10300000 1073461.32173868 23444.39636961
0.10400000 1064249.64141944 28495.28548957
0.10500000 1055028.43857388 21807.43885135
0.10600001 1045794.20005537 20141.99724082
0.10700001 1036554.21914995 18471.39705447
0.10800001 1027306.00462926 18476.09936277
0.10900001 1018053.52651537 20157.46077373
0.11000001 1008797.37037961 21835.42010965
0.11100001 999539.01797522 25188.38443868
0.11200001 990281.39361664 16785.27041200
0.11300001 981022.93281729 23485.69011737
0.11400001 971768.55443059 20115.61002385
0.11500001 962517.98217560 20097.37641417
0.11600001 953272.81250564 20075.92637677
0.11700001 944035.50245805 21722.25793457
0.11800001 934804.78200249 18354.89275910
0.11900001 925584.45714702 24990.78152008
0.12000001 916375.05228196 21621.87037709
0.12100001 907179.84960480 18261.53123281
0.12200001 897997.16888488 21538.46311041
0.12300001 888830.67115506 18185.47638863
0.12400001 879680.01567719 18143.40117821
0.12500001 870547.49138593 23034.68770748
0.12600001 861435.77383646 16410.35226490
0.12700001 852344.40698744 26184.02141661
0.12800001 843273.74690638 21212.55210316
0.12900001 834226.97136309 16267.42670830
0.13000001 825204.51991923 19458.32349686
0.13100001 816206.60023951 22625.24802514
0.13200001 807236.63366344 25766.99456120
0.13300001 798295.90137362 17650.32321146
0.13400001 789382.69315766 17583.50031907
0.13500001 780500.77948992 17514.43831753
0.13600001 771649.41779436 20614.61516837
0.13700001 762831.51407918 17369.67439462
0.13800001 754045.83904902 18866.22778266
0.13900001 745297.32941141 23476.86698359
0.14000001 736583.18832341 21810.22923484
0.14100001 727906.19836660 17054.84303209
0.14200001 719266.21732567 20056.73941611
0.14300001 710667.70889051 19955.55020690
0.14400001 702105.01221979 18324.94168332
0.14500001 693586.71184475 22784.32455888
0.14600001 685107.69230218 18127.95039349
0.14700001 676674.23925255 21031.03634814
0.14800001 668281.97204418 19416.93361381
0.14900001 659933.87930413 16333.36428340
0.15000001 651631.68059825 20663.24156672
0.15100001 643375.59595312 27871.03213178
0.15200001 635167.45249165 16034.80309479
0.15300001 627006.82070252 20277.40153839
0.15400001 618892.61291647 14389.25392935
0.15500001 610829.69495152 17152.09864370
0.15600001 602814.68808079 17035.54388915
0.15700001 594853.69524795 14098.03324276
0.15800001 586939.83434529 15398.36728083
0.15900001 579080.80307689 16677.52791580
0.16000001 571272.06768380 17935.08741151
0.16100001 563519.90165182 13693.53425653
0.16200001 555819.08598539 17666.71048202
0.16300001 548174.29744088 13485.08835365
0.16400001 540583.94430549 17393.28922916
0.16500001 533049.49462684 15927.51965141
0.16600001 525570.68174349 17115.21005904
0.16700001 518148.17485713 22197.46885893
0.16800001 510782.09365956 15537.99202277
0.16900001 503475.36155278 15406.34679097
0.17000001 496225.94964618 15273.83545134
0.17100001 489035.00714820 13878.81415824
0.17200001 481902.93411328 15006.45807694
0.17300001 474829.89836252 14871.67311902
0.17400001 467817.60008177 12280.21258209
0.17500001 460864.48898173 15816.87000885
0.17600001 453969.87927736 19284.64138250
0.17700001 447138.41665553 16714.03480400
0.17800001 440366.74569747 16553.38675262
0.17900001 433656.17902667 16392.20434147
0.18000001 427007.88273845 11593.26456396
0.18100001 420422.22043279 14920.78530796
0.18200001 413895.46337106 13633.71720747
0.18300001 407433.53707374 15743.23261623
0.18400001 401032.36247465 12241.51344284
0.18500001 394694.82002522 11011.98599893
0.18600001 388419.53063395 14163.71885371
0.18700001 382206.66686117 12933.87421764
0.18800001 376056.21001390 17057.91049215
0.18900001 369970.94516717 13707.42416608
0.19000001 363944.47339497 10427.00965543
0.19100001 357986.19062102 11341.00305474
0.19200001 352087.46379268 13250.81232596
0.19300001 346254.58623004 13098.81161604
0.19400001 340483.89265449 13942.81606305
0.19500001 334776.99825523 13779.42189933
0.19600001 329132.13423223 10698.44052879
0.19700001 323551.42187681 13453.26875741
0.19800001 318033.85464993 11391.97321193
0.19900001 312580.54166588 10315.15836247
0.20000001 307188.30278467 12040.24609668
0.20100001 301860.89651435 10975.66271600
0.20200001 296595.18770901 10837.58867111
0.20300001 291393.25546456 16049.94126958
0.20400001 286253.92783407 11443.00130603
0.20500001 281176.52522087 11294.86155200
0.20600001 276162.38907477 8574.84258609
0.20700001 271210.11865013 9307.93171205
0.20800001 266319.90993713 9184.04252831
0.20900001 261494.16969691 9060.77340831
0.21000001 256727.53052136 8125.42672511
0.21100001 252022.80676372 10418.62332414
0.21200001 247379.63130753 8694.15755331
0.21300001 242797.28150493 8573.17241524
0.21400001 238276.95141982 11526.64806987
0.21500001 233817.80900761 10605.97631801
0.21600001 229417.71492360 8214.30167120
0.21700001 225078.50691089 9568.08778116
0.21800001 220799.40328910 8703.91288918
0.21900001 216578.67169501 10720.64475579
0.22000001 212417.19517803 9154.11945903
0.22100001 208317.05512139 9018.04574261
0.22200001 204274.53494186 6832.98351690
0.22300001 200290.19060035 7402.72579463
0.22400001 196362.54790669 7952.68356627
0.22500001 192495.76970795 7830.72828201
0.22600001 188684.37361309 8352.11419294
0.22700001 184931.26472698 8854.50937385
0.22800001 181234.12542324 6847.93175296
0.22900001 177593.00845085 6126.95908130
0.23000001 174008.16430376 6029.38317827
0.23100001 170480.39462441 7119.26161620
0.23200001 167005.79215875 8171.59379679
0.23300001 163587.38876492 7464.49290237
0.23400001 160223.44296747 6777.45195807
0.23500001 156912.10554251 7221.09543860
0.23600001 153655.78631121 10378.68057727
0.23700001 150452.20129666 7519.60137647
0.23800001 147301.42682811 6864.98332203
0.23900001 144203.24593209 5710.44880901
0.24000001 141156.90353229 6633.66899527
0.24100001 138163.10813009 6519.91738106
0.24200001 135219.93342517 5421.64348714
0.24300001 132327.45819952 5811.82223904
0.24400001 129484.82422629 6186.13777004
0.24500001 126692.35796051 5609.93787587
0.24600001 123949.37995647 5510.78969355
0.24700001 121255.91873787 5863.93650756
0.24800001 118609.87283924 4873.08685613
0.24900001 116011.94958818 4350.44831537
0.25000001 113462.09501473 5126.21769528
0.25100001 110958.70491836 5452.51101764
0.25200001 108503.15533070 4117.69493961
0.25300001 106093.81029162 4850.60923602
0.25400001 103729.32698254 4364.41163928
0.25500001 101410.23668413 3894.15327291
0.25600001 99136.39248385  4203.87892217
0.25700001 96906.62983440  6000.45880325
0.25800001 94720.65977812  4783.86714844
0.25900001 92578.37495816  5054.77951188
0.26000001 90479.52761722  4250.72840858
0.26100001 88420.96318371  5559.91042807
0.26200001 86406.94811678  3749.62969095
0.26300001 84432.92600234  4346.60723627
0.26400001 82499.91897270  3607.30912777
0.26500001 80608.23846240  4181.14952689
0.26600001 78755.70936166  4100.41620194
0.26700001 76943.81541195  4639.71228889
0.26800001 75170.86285624  3639.77335174
0.26900001 73436.05664999  3271.57647857
0.27000001 71740.14986226  3499.48467588
0.27100001 70081.65110195  3717.13095035
0.27200001 68460.73663740  3924.85421716
0.27300001 66876.07656622  2748.60687695
0.27400001 65326.62866363  2964.19591589
0.27500001 63815.26109545  2641.95193438
0.27600001 62337.24617774  3626.15778177
0.27700001 60895.77175751  4062.96608395
0.27800001 59487.58842404  2738.51126271
0.27900001 58114.06520827  2440.79085426
0.28000001 56773.63511730  2871.61060014
0.28100001 55466.17209008  2815.46302855
0.28200001 54191.72746489  2760.52672772
0.28300001 52949.33477431  2932.33429859
0.28400001 51738.77886275  2875.38277139
0.28500001 50559.49866214  2819.70337385
0.28600001 49410.34174282  2977.96143779
0.28700001 48291.97522245  3129.32014253
0.28800001 47202.95460328  2864.74745047
0.28900001 46144.74660381  3010.94485842
0.29000001 45114.16105063  2363.07986769
0.29100001 44113.46746561  2705.03795303
0.29200001 43139.97869135  2654.40301453
0.29300001 42194.36842481  1860.77173562
0.29400001 41275.85500845  1826.45667058
0.29500001 40385.32344589  2331.04097964
0.29600001 39520.04333086  1936.67981511
0.29700001 38680.48350833  2420.62477254
0.29800001 37867.28610473  1868.18264841
0.29900001 37079.05515409  1668.55756092
0.30000001 36315.35996007  1967.56629578
0.30100001 35576.90806781  1772.79741294
0.30200001 34861.22909577  1742.88723115
0.30300001 34169.47357296  2493.00490991
0.30400001 33501.64106783  1685.97016656
0.30500001 32855.29066187  1960.47528661
0.30600001 32231.61618357  2077.97239373
0.30700001 31630.23242331  1753.58016857
0.30800001 31050.35913826  1583.10263561
0.30900001 30491.32375749  1701.41594622
0.31000001 29954.09556240  2235.77379863
0.31100001 29435.48806674  1377.58090675
0.31200001 28938.17341508  1902.10622863
0.31300001 28459.71176742  1608.54298525
0.31400001 28002.16211252  2381.58400043
0.31500001 27562.54367917  2220.98987483
0.31600002 27141.41069027  1806.80379520
0.31700002 26738.20121248  1530.49470987
0.31800002 26353.32551252  1765.40935967
0.31900002 25986.11941139  1621.53392805
0.32000002 25635.72656584  1481.23235111
0.32100002 25302.53980743  1710.95782279
0.32200002 24985.99410984  1452.68576633
0.32300002 24684.76462554  1679.55146465
0.32400002 24399.80347582  1308.43952335
0.32500002 24129.82295963  1651.92775804
0.32600002 23875.57956698  1522.42640318
0.32700002 23635.91008271  1395.46419736
0.32800002 23411.47818335  1155.35650306
0.32900002 23199.97252781  1492.91830286
0.33000002 23004.04830922  1142.15105264
0.33100002 22819.15637426  1704.59106188
0.33200002 22650.12647600  1583.92341947
0.33300002 22492.79205670  1239.57782895
0.33400002 22348.81078066  1347.63335389
0.33500002 22216.59962714  1455.63167650
0.33600002 22096.58122288  1116.98223371
0.33700002 21987.53879857  1114.76826988
0.33800002 21891.49053719  1669.77351980
0.33900002 21805.36069734  1445.69548270
0.34000002 21730.86667447  1333.84065965
0.34100002 21666.86472184  1667.26531930
0.34200002 21614.08710609  1334.45380113
0.34300002 21570.03154734  1224.31504861
0.34400002 21536.90309368  1560.34870304
0.34500002 21512.83173089  1116.51601971
0.34600002 21499.37089044  1342.85076941
0.34700002 21492.79428341  1570.69348062
0.34800002 21496.65327044  1237.88483721
0.34900002 21508.74630789  1355.05108157
0.35000002 21529.28124114  1360.22005324
0.35100002 21557.93427037  1707.38847508
0.35200002 21593.81528627  1372.07108828
0.35300002 21637.64116715  1953.22996067
0.35400002 21689.32417511  1963.42616395
0.35500002 21747.88330130  1974.27293960
0.35600002 21812.91869271  1518.50640672
0.35700002 21884.89973482  1527.78492285
0.35800002 21963.95239487  1182.75889249
0.35900002 22048.75019889  1309.69582385
0.36000002 22140.41113110  1918.24531126
0.36100002 22237.03978555  1207.47131755
0.36200002 22340.59402391  1581.37902289
0.36300002 22447.78860243  1715.90904205
0.36400002 22561.15908840  1235.22351860
0.36500002 22678.97432393  1245.07574936
0.36600002 22802.34389817  1506.32290926
0.36700002 22929.91757744  2151.74356739
0.36800002 23063.38188557  1404.21407262
0.36900002 23200.06063540  1416.36376888
0.37000002 23340.09699574  1298.87645934
0.37100002 23484.53170750  1834.61170389
0.37200002 23633.14830494  1983.41206545
0.37300002 23784.72037098  1467.75516362
0.37400002 23940.73436644  1885.33292067
0.37500002 24098.92242922  1631.01514727
0.37600002 24261.23082796  2057.95900247
0.37700002 24425.13274490  1800.37661991
0.37800002 24592.87674684  1398.10510929
0.37900002 24762.94737188  1552.63687377
0.38000002 24935.55425102  1567.57369225
0.38100002 25109.89160086  2158.19528533
0.38200002 25286.72938702  1743.26720653
0.38300002 25465.21212301  1906.83517411
0.38400002 25646.32499156  1629.18287227
0.38500002 25828.00469087  1794.52985094
0.38600002 26012.46055562  1812.02808815
0.38700002 26197.19647121  1829.61228823
0.38800002 26383.26857935  2463.14207126
0.38900002 26570.75377339  1865.26700326
0.39000002 26759.86062293  1726.41248988
0.39100002 26948.93611197  1584.59751846
0.39200002 27139.44448625  2559.79252522
0.39300002 27330.11156944  2422.81450542
0.39400002 27522.15317562  1956.82518350
0.39500002 27713.73624170  2304.67441505
0.39600002 27905.60644824  2160.31262554
0.39700002 28097.40903890  1677.41539909
0.39800002 28290.37797458  3217.04048380
0.39900002 28482.26980181  1879.82989598
0.40000002 28674.12481203  1724.74868916
0.40100002 28865.51878202  2436.82721103
0.40200002 29057.74473016  2107.84890259
0.40300002 29248.33308630  2481.42869661
0.40400002 29438.40368862  2324.89804146
0.40500002 29628.10418392  2345.65711938
0.40600002 29817.13736939  2184.40358718
0.40700002 30005.16603069  2019.94787289
0.40800002 30192.59708339  2593.24228636
0.40900002 30378.19898161  1868.25932589
0.41000002 30563.53292835  2072.66608374
0.41100002 30747.42618429  2090.21013105
0.41200002 30929.28037492  2299.28281202
0.41300002 31110.40491072  2511.54310745
0.41400002 31290.03602021  3311.26821874
0.41500002 31468.53011296  1963.63637209
0.41600002 31644.30094495  2177.28622968
0.41700002 31819.21671450  1995.06498253
0.41800002 31993.18265546  2614.00311273
0.41900002 32163.43921392  2431.55611979
0.42000002 32332.76260673  2245.99546090
0.42100002 32500.54940559  3291.65579977
0.42200002 32666.21598059  2487.20580262
0.42300002 32829.44171922  2296.74785151
0.42400002 32990.48531705  2103.14353862
0.42500002 33149.86217282  3389.24206915
0.42600002 33305.61857564  2773.19246211
0.42700002 33460.56294908  2362.98506744
0.42800002 33612.53168550  2379.26316810
0.42900002 33762.72464006  3266.54376372
0.43000002 33910.41135784  3069.23147744
0.43100002 34054.28526062  2868.73312630
0.43200002 34196.55543908  2443.17301912
0.43300002 34335.93174281  2905.85004110
0.43400002 34473.08900586  2699.24299707
0.43500002 34607.11345768  2942.29692560
0.43600002 34739.43697397  2504.88722171
0.43700002 34868.07195074  3436.24865359
0.43800002 34993.12841541  2995.58689996
0.43900002 35116.68970072  2781.24195610
0.44000002 35236.48828332  2563.98319144
0.44100002 35354.20393505  2578.38221517
0.44200002 35468.67205888  4006.71872901
0.44300002 35580.49207592  2606.62697301
0.44400002 35688.74329835  2858.66847367
0.44500002 35793.34337398  4070.77713484
0.44600002 35895.68259238  2888.16675826
0.44700002 35995.22769065  3144.54324008
0.44800002 36090.62482422  3402.98517595
0.44900002 36184.25543961  2686.68109372
0.45000002 36274.52597534  3190.16333809
0.45100002 36360.38087417  3451.32751614
0.45200002 36444.02960562  3466.92070069
0.45300002 36523.96439207  2487.28209298
0.45400002 36601.31227931  2747.84364960
0.45500002 36675.26946571  2508.58855034
0.45600002 36745.70136920  2518.91794824
0.45700002 36812.97105719  3034.86147779
0.45800002 36876.45004134  3046.73244681
0.45900002 36936.96241363  3822.97579100
0.46000002 36994.95107073  2814.02108656
0.46100002 37048.38431560  3080.94378571
0.46200002 37099.48229133  3349.52691742
0.46300002 37146.70911888  3102.49329265
0.46400002 37190.31615302  3891.03701193
0.46500002 37231.49987237  3643.47475019
0.46600002 37268.51622729  2610.65968546
0.46700002 37302.35864048  2880.48827074
0.46800002 37333.53225050  3676.97976563
0.46900002 37360.57617330  3424.09696857
0.47000002 37384.06661907  4490.01353409
0.47100002 37404.71019590  5296.50721478
0.47200002 37421.78912934  3186.09127748
0.47300002 37436.16198387  3194.05349185
0.47400002 37445.83228958  2668.01567709
0.47500002 37453.40822156  2941.59082115
0.47600002 37457.83951643  2680.10854443
0.47700002 37457.85466003  2685.72830642
0.47800002 37454.79097721  3498.46491705
0.47900002 37449.23155063  4044.51719917
0.48000002 37439.38017640  3781.75197087
0.48100002 37427.81308951  3247.23721756
0.48200002 37410.83522041  3523.53968225
0.48300002 37391.18112517  3257.51985403
0.48400002 37368.67634470  2990.42846623
0.48500002 37342.96327440  3266.76258209
0.48600002 37314.54974480  3270.99358567
0.48700002 37282.45878735  4093.61416889
0.48800002 37246.27277511  3824.81993257
0.48900002 37207.98091164  3281.74407196
0.49000002 37166.13730542  3284.74337075
0.49100002 37121.62940344  3835.40693176
0.49200002 37073.15798891  3289.87219588
0.49300002 37022.03908930  3566.33319452
0.49400002 36967.89610847  4391.78626586
0.49500002 36909.93452144  3844.53896199
0.49600002 36850.21024990  3571.33829566
0.49700002 36786.47769634  3297.54001701
0.49800002 36720.09296486  3023.34899758
0.49900002 36650.69753969  3023.68269035
0.50000002 36578.15495016  3573.50301725
