# SAXS profile: number of points = 501, q_min = 0, q_max = 0.5, delta_q = 0.001
#    q    intensity    error
0.00000000 1646666.22097351 345.79990640
0.00100000 1646598.38613941 691.57133860
0.00200000 1646394.82213275 963.14100145
0.00300000 1646055.71110970 1086.39680803
0.00400000 1645580.90619441 1481.02287185
0.00500000 1644970.85079410 1776.56858918
0.00600000 1644225.33071224 1899.08033429
0.00700000 1643344.94155041 2169.21541300
0.00800000 1642329.15306632 2660.57334030
0.00900000 1641179.28470097 3200.29974197
0.01000000 1639894.57015098 3517.57400486
0.01100000 1638476.18278930 3539.10870892
0.01200000 1636923.59158368 4788.00171531
0.01300000 1635238.20881448 4120.80046796
0.01400000 1633419.22766314 5512.79013775
0.01500000 1631468.42296150 4698.62926735
0.01600000 1629384.74470941 5401.41067017
0.01700000 1627170.19102590 6150.70359799
0.01800000 1624824.37022504 7409.19946162
0.01900000 1622348.04291360 6813.86208770
0.02000000 1619741.69995364 5612.40524422
0.02100000 1617007.01759324 5869.73573999
0.02200000 1614142.26832858 7796.30751023
0.02300000 1611150.35751142 5800.14155105
0.02400000 1608031.03156680 7236.13997200
0.02500000 1604785.59504442 7510.39692781
0.02600000 1601414.33694100 8431.44686963
0.02700000 1597918.30562699 8053.50862922
0.02800000 1594297.21639658 11096.30913499
0.02900000 1590553.82120955 7873.24177648
0.03000000 1586688.35187954 8853.72141045
0.03100000 1582700.89946056 8356.66113367
0.03200000 1578592.62020459 8595.43721290
0.03300000 1574366.24425469 11240.97550219
0.03400000 1570019.56711566 8242.60310767
0.03500000 1565556.38292827 9299.40534402
0.03600000 1560976.08361645 9529.75943088
0.03700000 1556280.43555427 13306.19833937
0.03800000 1551471.13264902 12706.54916445
0.03900000 1546548.75601844 10207.22226242
0.04000000 1541512.74517682 10428.33420436
0.04100000 1536366.90424255 10647.02314007
0.04200000 1531111.44683731 10863.23621929
0.04300000 1525746.58588882 13090.90631458
0.04400000 1520275.79217202 13340.42069586
0.04500000 1514698.74233159 11496.56398848
0.04600000 1509015.79885944 12766.27425181
0.04700000 1503230.26298914 16234.88759533
0.04800000 1497342.05907244 17608.74343399
0.04900000 1491353.96225948 11185.15523759
0.05000000 1485265.55087151 12498.51019259
0.05100000 1479080.20732942 12690.50877006
0.05200000 1472795.99184991 19904.83875744
0.05300000 1466418.42284357 13065.78875664
0.05400000 1459945.84327078 14453.46452240
0.05500000 1453382.15493773 12208.41067099
0.05600000 1446725.75321058 13606.45634388
0.05700000 1439981.78149380 13780.62629216
0.05800000 1433148.55450103 15220.03835946
0.05900000 1426228.58296604 19254.08676932
0.06000000 1419224.01239650 15583.08038414
0.06100000 1412136.78381768 13132.87270322
0.06200000 1404966.89993002 18587.71295493
0.06300000 1397717.77826227 14759.90042855
0.06400000 1390387.59996181 16267.53568033
0.06500000 1382982.69666357 17798.98813866
0.06600000 1375500.55233327 15206.15931752
0.06700000 1367944.28960454 15348.33564765
0.06800000 1360316.87069431 16895.13632487
0.06900000 1352618.84407000 15622.74838045
0.07000000 1344850.05702202 14322.65377799
0.07100000 1337015.18047143 20215.67047558
0.07200000 1329113.08434129 26196.82011960
0.07300000 1321148.50509695 20530.64873118
0.07400000 1313120.73833148 19204.39169810
0.07500000 1305032.20367703 17852.84138311
0.07600000 1296882.91643354 20970.59774184
0.07700000 1288678.53885451 16585.29357272
0.07800000 1280417.09322820 21242.12057283
0.07900000 1272100.84823484 15265.21089481
0.08000000 1263733.45402557 16889.79840537
0.08100000 1255315.05283548 16984.41346174
0.08200000 1246846.74435043 15523.24269559
0.08300000 1238331.34376716 17163.27323012
0.08400000 1229769.68325125 17247.52061717
0.08500000 1221165.41445923 17328.33804466
0.08600000 1212517.91103485 20570.36732652
0.08700000 1203830.51008938 23835.84521905
0.08800000 1195101.97798322 17550.07337090
0.08900000 1186338.57877156 17617.12872223
0.09000000 1177538.76217483 20895.42631637
0.09100000 1168705.28169152 19353.76037407
0.09200000 1159838.83134072 19415.70294892
0.09300000 1150943.16030553 22719.61905208
0.09400000 1142016.24447311 21155.85192314
0.09500000 1133062.84983813 22842.54812640
0.09600000 1124083.68156743 19626.50200277
0.09700000 1115081.63764362 24587.55126597
0.09800000 1106057.55631066 16424.95548348
0.09900000 1097013.70819080 29619.37151393
0.10000000 1087948.99865464 18130.67091521
0.10100000 1078866.81573998 26410.66089146
0.10200000 1069769.32772416 24791.90533613
0.10300000 1060657.29547666 29783.25825801
0.10400000 1051533.27481089 18217.81484316
0.10500000 1042400.21906448 21546.41354181
0.10600001 1033254.05521394 19900.47403981
0.10700001 1024102.98253575 26544.75055646
0.10800001 1014943.73031209 24891.49615734
0.10900001 1005780.61100966 18254.91894901
0.11000001 996613.86091419 19912.34587833
0.11100001 987445.27224532 21565.80576101
0.11200001 978277.88120002 18239.99195366
0.11300001 969110.16741161 24857.67696443
0.11400001 959946.48409386 16559.07763029
0.11500001 950786.86020963 19852.43057599
0.11600001 941632.85170585 21483.35452335
0.11700001 932486.95076309 21456.52574755
0.11800001 923347.81161764 24722.63882046
0.11900001 914219.27875311 18101.54257192
0.12000001 905101.84540321 24641.39890183
0.12100001 895998.56859501 18036.45203548
0.12200001 886908.24504411 21272.49525956
0.12300001 877834.38204703 21226.03635795
0.12400001 868776.14352147 19547.46415026
0.12500001 859736.46184664 21123.72586293
0.12600001 850717.42527667 17826.78448673
0.12700001 841719.18219419 24241.51358961
0.12800001 832741.45490706 20947.61228543
0.12900001 823787.99189150 24095.79989851
0.13000001 814858.37096796 17613.16451867
0.13100001 805953.85684544 17553.67582953
0.13200001 797077.28343683 17491.86180959
0.13300001 788229.93899602 15843.42252073
0.13400001 779409.94546743 22096.27299574
0.13500001 770621.57358968 22008.95317940
0.13600001 761863.45388701 17221.92418714
0.13700001 753138.71079922 18707.96645839
0.13800001 744446.54809452 26386.90914150
0.13900001 735791.24045840 16996.77845613
0.14000001 727170.36442337 19993.55011273
0.14100001 718586.55622798 18367.07324343
0.14200001 710039.71745445 22845.52898661
0.14300001 701533.90415191 19699.07295774
0.14400001 693064.30509757 25626.05388976
0.14500001 684638.76968715 19491.66669246
0.14600001 676252.48009769 19384.77825646
0.14700001 667911.85709411 22241.46589051
0.14800001 659612.06429494 14742.33033252
0.14900001 651356.14239881 19052.16806406
0.15000001 643146.25101874 18937.44225477
0.15100001 634982.20612213 18820.87347752
0.15200001 626865.65858947 20141.19456088
0.15300001 618796.63805172 17153.04361623
0.15400001 610773.92599073 17040.59333930
0.15500001 602802.21917891 16926.68711336
0.15600001 594878.02885151 23815.94300906
0.15700001 587008.18404873 15303.30408042
0.15800001 579184.64516474 13813.55443916
0.15900001 571416.15374786 16456.78600471
0.16000001 563697.38606975 19058.60952263
0.16100001 556034.82432777 14862.81155587
0.16200001 548423.78034319 17431.65068109
0.16300001 540868.06174985 13305.35494716
0.16400001 533366.67099686 14520.90830342
0.16500001 525920.70982373 14404.96892215
0.16600001 518530.55462872 20782.70561073
0.16700001 511195.99420345 14170.35362837
0.16800001 503917.30847100 15329.16524748
0.16900001 496698.03331388 21531.86076085
0.17000001 489535.58202754 17579.22358069
0.17100001 482431.27695840 14936.07303993
0.17200001 475385.25602880 17270.74716710
0.17300001 468398.37991726 18337.79743975
0.17400001 461471.47391730 16959.07746737
0.17500001 454603.48588202 12001.53259409
0.17600001 447793.50757483 14266.70182514
0.17700001 441046.43079455 14131.12831008
0.17800001 434358.59637665 12828.78174991
0.17900001 427731.47412074 12703.62538142
0.18000001 421166.18188906 12578.12861625
0.18100001 414662.99288897 11320.30024060
0.18200001 408218.45636698 12326.15687226
0.18300001 401838.41497349 14417.96301034
0.18400001 395518.39545501 14268.32679009
0.18500001 389261.51119600 15204.55534561
0.18600001 383066.55240925 11819.51903298
0.18700001 376933.36634519 15944.28214969
0.18800001 370862.49826790 13668.13801943
0.18900001 364855.87931250 13517.91096721
0.19000001 358907.90120449 13367.52541196
0.19100001 353027.51225891 11183.91211680
0.19200001 347205.82171085 12061.93081618
0.19300001 341449.66561669 12917.04146064
0.19400001 335755.39198410 10802.93024757
0.19500001 330124.38391976 14558.48601882
0.19600001 324554.53858148 9590.58706830
0.19700001 319048.55718098 11370.89111529
0.19800001 313605.07629176 10297.22316667
0.19900001 308225.31555713 10171.43589409
0.20000001 302906.05514677 12785.66519201
0.20100001 297651.22565461 12626.36558902
0.20200001 292457.23502592 11576.92019567
0.20300001 287326.55994797 11429.85109496
0.20400001 282257.94184107 11283.26175841
0.20500001 277250.64943907 9423.75001987
0.20600001 272305.98517343 11837.14173501
0.20700001 267422.56346663 10012.30124946
0.20800001 262600.81870582 9879.04326670
0.20900001 257842.79209356 9746.45800186
0.21000001 253143.20703182 9614.37945756
0.21100001 248505.10311539 9482.95518317
0.21200001 243927.71978188 10910.88742165
0.21300001 239410.80768570 9222.10474803
0.21400001 234954.93744566 9092.75650902
0.21500001 230559.95421397 12699.24287849
0.21600001 226223.34071951 9572.64111513
0.21700001 221947.01204889 9434.96792828
0.21800001 217730.01055568 7867.67430342
0.21900001 213570.79313297 7752.62015728
0.22000001 209470.21107100 8332.72539040
0.22100001 205430.15742374 11629.40176164
0.22200001 201447.37262370 8086.09791946
0.22300001 197522.05345983 9291.43783410
0.22400001 193652.70265965 6535.77902382
0.22500001 189843.67080306 7722.84089346
0.22600001 186089.13288840 11405.40349407
0.22700001 182392.36666109 7485.38308175
0.22800001 178750.90846609 8596.13159465
0.22900001 175164.96287312 6647.51065540
0.23000001 171634.38436322 8920.69754915
0.23100001 168160.35477544 6437.17868524
0.23200001 164738.93112398 6909.15109810
0.23300001 161372.88653991 6230.60744398
0.23400001 158060.68109605 7243.13105379
0.23500001 154800.63560399 7123.92558743
0.23600001 151594.50795825 5389.18501281
0.23700001 148440.91695641 7949.01147899
0.23800001 145339.06071268 6252.48668759
0.23900001 142289.50268895 6146.90680691
0.24000001 139290.67335336 6545.96550387
0.24100001 136344.24051581 4949.29616483
0.24200001 133447.54601189 5350.57961044
0.24300001 130600.86991192 6691.98889084
0.24400001 127803.20797204 6105.79854969
0.24500001 125055.19327115 6460.35158999
0.24600001 122356.05004413 5893.27942916
0.24700001 119705.84205925 6679.58630289
0.24800001 117102.22137612 4373.76817531
0.24900001 114546.12941418 6443.22008436
0.25000001 112037.49075864 5905.49641727
0.25100001 109574.51929049 4141.91702513
0.25200001 107158.91738329 5693.35354993
0.25300001 104788.68809669 5589.42888752
0.25400001 102462.71463032 4703.03882404
0.25500001 100181.59584687 5385.76284754
0.25600001 97944.98801824  5286.09125344
0.25700001 95751.69834219  3705.59090117
0.25800001 93601.73170185  5818.28391787
0.25900001 91494.74907705  3925.12492112
0.26000001 89430.64491513  4201.45189691
0.26100001 87406.17508814  3778.56912785
0.26200001 85425.48048885  4044.04243769
0.26300001 83484.16843111  3305.97322630
0.26400001 81583.31602144  4215.81805489
0.26500001 79723.25858955  3180.95816824
0.26600001 77901.40316295  3431.94647874
0.26700001 76119.93471019  3060.02152015
0.26800001 74376.61663024  3901.42560996
0.26900001 72670.84699188  3531.80333094
0.27000001 71003.33939703  3752.17164800
0.27100001 69372.44415834  3396.47502672
0.27200001 67778.76825328  3885.75696785
0.27300001 66220.69100494  2993.83758201
0.27400001 64697.31706580  2935.64090079
0.27500001 63211.32736617  3140.33889217
0.27600001 61757.91187222  2822.64549570
0.27700001 60340.79478116  4025.93801833
0.27800001 58956.24804258  3207.51482656
0.27900001 57605.82340719  2661.38916737
0.28000001 56287.75566435  3321.54061896
0.28100001 55002.17462509  2326.59209676
0.28200001 53749.09551825  2737.97905529
0.28300001 52527.31842175  2237.66387068
0.28400001 51337.07736280  2414.12617725
0.28500001 50177.48622546  2583.13711315
0.28600001 49047.39968987  2533.78878791
0.28700001 47947.64228785  2899.87354283
0.28800001 46876.45406348  2844.93213177
0.28900001 45835.65311841  2990.77650754
0.29000001 44822.02031138  3717.31443048
0.29100001 43837.76932192  2304.11326462
0.29200001 42880.12588732  2261.49794635
0.29300001 41949.86212886  3514.97911416
0.29400001 41046.22027487  1997.92486645
0.29500001 40170.17078652  2496.97793429
0.29600001 39318.50533204  1751.63949546
0.29700001 38492.44797612  2236.79625778
0.29800001 37691.95373111  2535.72630730
0.29900001 36916.16016016  1993.47274302
0.30000001 36164.40770304  1959.38770211
0.30100001 35437.22538660  2568.49021761
0.30200001 34732.41398214  1578.58829022
0.30300001 34051.22568175  1708.00956106
0.30400001 33393.29254286  1680.51752678
0.30500001 32756.61354060  1804.23435923
0.30600001 32141.97553498  1924.17945650
0.30700001 31549.34368999  2040.61164648
0.30800001 30977.45629731  1722.96620083
0.30900001 30426.35920381  1980.75607795
0.31000001 29896.53475788  2370.94480123
0.31100001 29384.78074311  1650.24936466
0.31200001 28894.08008930  1356.57712442
0.31300001 28421.65213530  1606.39185474
0.31400001 27969.62659992  1718.03439524
0.31500001 27535.51940397  1696.73878601
0.31600002 27119.25089330  1676.37657334
0.31700002 26720.55023995  2166.76952155
0.31800002 26339.83618923  1764.50570986
0.31900002 25976.29795057  1620.92106886
0.32000002 25629.26786506  1357.45423675
0.32100002 25299.20135694  1344.14663174
0.32200002 24985.34990198  1331.59428608
0.32300002 24686.48280339  1559.69205737
0.32400002 24403.41068861  1546.56622562
0.32500002 24135.26799412  1770.32199120
0.32600002 23882.31489695  1522.85588151
0.32700002 23643.61966858  1512.24598561
0.32800002 23419.86099667  1618.07827288
0.32900002 23208.78290727  1378.60176997
0.33000002 23012.77392072  1599.61799098
0.33100002 22827.81629637  1364.19036647
0.33200002 22658.18833421  1471.30952916
0.33300002 22499.95287780  1352.69723107
0.33400002 22354.85677060  1684.99740888
0.33500002 22221.35163143  1231.95179279
0.33600002 22099.64412795  1452.27818264
0.33700002 21988.75252332  1560.76172802
0.33800002 21890.44334532  1447.06782587
0.33900002 21801.85702542  1667.84214143
0.34000002 21724.77613866  1111.22235212
0.34100002 21657.88419898  1555.46931684
0.34200002 21601.87356357  1222.55809223
0.34300002 21554.60856566  1223.43964013
0.34400002 21517.70187362  1447.60346211
0.34500002 21489.82819909  1226.85434999
0.34600002 21472.34481801  1341.16272085
0.34700002 21461.57339351  1568.41185788
0.34800002 21461.07958721  1235.83632656
0.34900002 21468.53723656  1577.93756162
0.35000002 21484.18696607  1470.48524654
0.35100002 21507.90862249  1362.74115486
0.35200002 21538.67218623  1254.52002090
0.35300002 21577.18668381  1260.32353389
0.35400002 21623.37620679  1496.87828881
0.35500002 21676.29261333  1273.26548841
0.35600002 21735.50539434  1396.72364280
0.35700002 21801.52604975  1287.81620476
0.35800002 21874.47766566  1295.73474590
0.35900002 21953.11202253  1422.56172644
0.36000002 22038.44176663  1193.38167819
0.36100002 22128.60935828  1562.05860859
0.36200002 22225.54033351  1331.19880133
0.36300002 22326.03566681  1462.80192618
0.36400002 22432.52019978  1473.81664694
0.36500002 22543.54858530  1485.16905115
0.36600002 22659.91069705  1247.42814296
0.36700002 22780.32449118  1634.71616292
0.36800002 22906.57130074  1521.45453786
0.36900002 23036.12670545  1278.50509271
0.37000002 23168.77144558  1547.21063043
0.37100002 23305.85068828  1690.60648901
0.37200002 23446.91178237  1574.22573164
0.37300002 23591.02424076  1985.18478390
0.37400002 23739.43929681  2136.54963792
0.37500002 23890.07251475  2021.10023049
0.37600002 24044.62060955  1495.69569587
0.37700002 24200.97714126  1783.85410959
0.37800002 24360.93432739  1661.90301854
0.37900002 24523.11215667  1537.59920506
0.38000002 24688.02699853  1693.10497177
0.38100002 24854.59165216  1424.16816914
0.38200002 25023.53087099  1581.36210831
0.38300002 25194.27006612  2321.90403929
0.38400002 25367.43025170  1611.46608308
0.38500002 25541.15875532  2218.24974299
0.38600002 25717.78317452  1492.91738401
0.38700002 25894.77895638  1507.07620666
0.38800002 26073.02571312  2282.04168365
0.38900002 26252.61598042  2303.66716142
0.39000002 26433.99526403  1705.38928525
0.39100002 26615.23482577  1721.47347009
0.39200002 26797.97125186  2527.58476822
0.39300002 26980.99242488  1754.03440064
0.39400002 27165.41444137  1931.46105829
0.39500002 27349.30277027  2111.91325998
0.39600002 27533.62786631  2131.51590226
0.39700002 27717.85380803  3144.03630640
0.39800002 27903.21580849  1837.00829979
0.39900002 28087.70057761  1853.78832595
0.40000002 28272.25677770  2040.69159090
0.40100002 28456.23363436  2402.27535723
0.40200002 28641.22632942  1904.49843501
0.40300002 28824.62946034  1921.44989086
0.40400002 29007.61886474  2467.09810134
0.40500002 29190.21344733  2310.98930812
0.40600002 29372.28429602  2869.08486597
0.40700002 29553.39736101  1989.53480461
0.40800002 29734.13005008  2006.60786151
0.40900002 29912.84381497  2391.53197632
0.41000002 30091.56674283  2226.17421312
0.41100002 30268.91778049  2431.80496971
0.41200002 30444.46441570  2263.24159190
0.41300002 30619.23014502  1901.45428210
0.41400002 30792.46891623  2875.24692129
0.41500002 30964.96711691  1932.21403965
0.41600002 31134.58535822  2726.45576901
0.41700002 31303.62964351  2159.01143882
0.41800002 31471.83731029  2373.60608241
0.41900002 31636.31851358  2591.01460904
0.42000002 31799.92021654  2208.98156251
0.42100002 31962.35417205  3034.82567244
0.42200002 32122.68540389  2649.63983109
0.42300002 32280.57298246  2463.65344676
0.42400002 32436.57356553  2894.96432790
0.42500002 32590.96999743  2082.56308152
0.42600002 32741.92569134  2306.83248390
0.42700002 32892.08903724  3589.84276763
0.42800002 33039.41008200  2126.08613952
0.42900002 33185.23856786  2568.53758687
0.43000002 33328.58036569  2801.10066957
0.43100002 33468.15680495  3253.10499560
0.43200002 33606.45323703  3710.65671001
0.43300002 33741.86304881  2196.59538857
0.43400002 33875.22775544  2652.43045895
0.43500002 34005.66776897  2446.36785523
0.43600002 34134.46347686  2685.01702433
0.43700002 34259.64452467  3151.20225271
0.43800002 34381.60864677  2490.43194035
0.43900002 34502.01105869  2960.27268912
0.44000002 34618.86465801  2748.04560678
0.44100002 34733.79799952  2533.13600815
0.44200002 34845.68388068  2315.49580360
0.44300002 34955.00900563  2560.80408111
0.44400002 35060.93402415  2574.34920272
0.44500002 35163.35421217  3528.64276242
0.44600002 35263.62323833  2600.86865520
0.44700002 35361.19962657  3089.15454578
0.44800002 35454.93016300  2865.46759157
0.44900002 35546.98485325  3599.13238696
0.45000002 35635.83382864  2892.91712731
0.45100002 35720.26678408  3148.38446356
0.45200002 35802.82537329  2432.80209941
0.45300002 35881.77456148  2687.90385979
0.45400002 35958.30602676  2454.15450264
0.45500002 36031.65964926  2711.02220049
0.45600002 36101.49920949  2722.23367691
0.45700002 36168.44822822  2733.24976215
0.45800002 36231.63179092  4240.73154395
0.45900002 36292.03277406  3004.98045611
0.46000002 36350.18047230  3016.33811855
0.46100002 36403.94450785  3784.19021094
0.46200002 36455.32600040  3038.18701287
0.46300002 36503.03011008  2794.67211768
0.46400002 36547.31931042  3059.01077126
0.46500002 36589.31571861  2813.35261894
0.46600002 36627.40043265  3078.89942630
0.46700002 36662.34974344  3088.43648877
0.46800002 36694.74798840  2581.47564334
0.46900002 36723.24063731  2588.98858764
0.47000002 36748.32064735  3634.77656751
0.47100002 36770.62870315  3644.70488980
0.47200002 36789.63762459  3132.26989582
0.47300002 36805.88114229  4448.72706453
0.47400002 36817.73575998  3147.91655668
0.47500002 36827.52522552  2892.43396831
0.47600002 36834.36466838  2899.04880863
0.47700002 36837.02312244  2905.33615137
0.47800002 36836.68276528  3970.07367320
0.47900002 36833.80951779  3447.64473428
0.48000002 36827.04021023  3985.60661566
0.48100002 36818.52255186  2928.17723734
0.48200002 36804.81273687  3466.46145193
0.48300002 36788.50059929  2670.84527010
0.48400002 36769.55340607  3209.98216450
0.48500002 36747.40110021  2678.88566718
0.48600002 36722.78886874  3755.63979562
0.48700002 36694.54087641  3223.24862337
0.48800002 36662.39353403  3227.02403183
0.48900002 36628.18417889  3499.82316419
0.49000002 36590.60075496  2694.89787334
0.49100002 36550.46773369  3236.90957593
0.49200002 36506.49881363  3509.55242981
0.49300002 36459.90060737  3512.18239199
0.49400002 36410.46514256  4055.21574748
0.49500002 36357.38106269  2975.48820721
0.49600002 36302.59760709  3788.90229185
0.49700002 36243.88953539  2707.41867663
0.49800002 36182.65106090  4874.88880852
0.49900002 36118.51465490  2979.77760028
0.50000002 36051.30056968  2980.18090286
