# SAXS profile: number of points = 501, q_min = 0, q_max = 0.5, delta_q = 0.001
#    q    intensity    error
0.00000000 1646666.22097351 246.99993315
0.00100000 1646598.49949490 543.37751774
0.00200000 1646395.28186275 814.96569033
0.00300000 1646056.73579289 1876.50474565
0.00400000 1645582.73127162 1851.28064303
0.00500000 1644973.69905931 2220.71458163
0.00600000 1644229.42177375 2589.66144472
0.00700000 1643350.51284136 2563.62690658
0.00800000 1642336.40585714 2438.86966567
0.00900000 1641188.48817810 2954.13940500
0.01000000 1639905.91280796 3247.01384756
0.01100000 1638489.89968384 4128.99472698
0.01200000 1636939.89768094 3830.43952851
0.01300000 1635257.30879738 5151.06074990
0.01400000 1633441.41637571 4410.29201973
0.01500000 1631493.83165826 5481.81951847
0.01600000 1629413.59713691 5401.50631598
0.01700000 1627202.74180550 6150.82663994
0.01800000 1624860.82278150 6020.10961930
0.01900000 1622388.59889017 5353.88261792
0.02000000 1619786.58460492 7143.25916124
0.02100000 1617056.46643679 6403.54389742
0.02200000 1614196.41030369 5568.97786856
0.02300000 1611209.41430846 5800.35415553
0.02400000 1608095.23259743 7236.42887665
0.02500000 1604855.15299472 6884.82892078
0.02600000 1601489.42201161 7783.23894697
0.02700000 1597999.08846206 7382.75612683
0.02800000 1594383.94047028 7629.12750502
0.02900000 1590646.63538059 9305.28324422
0.03000000 1586787.44973551 8854.27437651
0.03100000 1582806.49642796 11396.20729866
0.03200000 1578704.88045910 10158.96637366
0.03300000 1574485.32075875 9635.85060726
0.03400000 1570145.73651343 9067.59204675
0.03500000 1565689.73116367 11836.61491419
0.03600000 1561116.72898648 9530.61807091
0.03700000 1556428.71330806 10645.97289138
0.03800000 1551626.94919742 11800.12349475
0.03900000 1546712.41971267 11136.32993765
0.04000000 1541684.51588224 10429.49623324
0.04100000 1536546.70813166 12584.31812309
0.04200000 1531299.63564384 16790.70128380
0.04300000 1525943.23856347 11078.34842621
0.04400000 1520480.98665759 11289.57185024
0.04500000 1514912.61251406 19860.50527288
0.04600000 1509238.61216092 13832.17252347
0.04700000 1503462.00791316 10824.92696042
0.04800000 1497582.85163782 14309.40481319
0.04900000 1491604.06259224 17899.24958427
0.05000000 1485524.98427324 14773.54665654
0.05100000 1479349.12208296 16154.49316569
0.05200000 1473074.58357581 17566.41522776
0.05300000 1466706.71893658 15444.42247039
0.05400000 1460243.88586649 13251.71388222
0.05500000 1453690.05398560 17095.39583236
0.05600000 1447043.70589194 17321.11396780
0.05700000 1440309.76734539 16289.90422907
0.05800000 1433486.85202044 13954.99515601
0.05900000 1426576.91807886 12839.19286237
0.06000000 1419582.77641001 14288.10131209
0.06100000 1412505.79185161 13136.30447810
0.06200000 1405346.40459766 17264.68138749
0.06300000 1398107.91395045 21474.93856235
0.06400000 1390788.32598917 14916.20549382
0.06500000 1383394.02345794 16434.72176746
0.06600000 1375922.56753426 15210.82469578
0.06700000 1368377.05748315 22331.91462324
0.06800000 1360760.37145869 14083.87050385
0.06900000 1353073.26801176 17048.72397515
0.07000000 1345315.27387133 15760.36917144
0.07100000 1337491.24425204 15889.39672594
0.07200000 1329600.11099602 17470.94627695
0.07300000 1321646.42216712 22005.41396016
0.07400000 1313629.54486649 19211.83299402
0.07500000 1305552.04502664 17859.95281310
0.07600000 1297413.70516621 17982.15479662
0.07700000 1289220.17268254 16592.26440041
0.07800000 1280969.75008126 19733.33992542
0.07900000 1272664.47344588 19853.56671696
0.08000000 1264307.97794629 16897.47691793
0.08100000 1255900.54254859 16992.33513793
0.08200000 1247442.98290427 17083.73245253
0.08300000 1238938.42252650 21854.87479906
0.08400000 1230387.67134607 17256.18790061
0.08500000 1221794.43966989 18913.37881398
0.08600000 1213157.44921751 23747.55818342
0.08700000 1204481.00817320 19078.98006537
0.08800000 1195763.11782625 23945.15755903
0.08900000 1187010.34658051 24036.96064726
0.09000000 1178221.05449953 17690.98996435
0.09100000 1169398.07086571 22592.77179056
0.09200000 1160542.19530410 19427.47726222
0.09300000 1151656.84900562 17862.19856746
0.09400000 1142740.42443865 26054.48290170
0.09500000 1133797.18437521 19592.01626688
0.09600000 1124828.25025673 16366.25181058
0.09700000 1115836.26136146 24604.19071973
0.09800000 1106822.27778652 18079.94275772
0.09900000 1097788.18805281 18113.50595461
0.10000000 1088733.28724769 18143.74108523
0.10100000 1079660.94886247 23126.33861231
0.10200000 1070573.17825444 23156.49893484
0.10300000 1061470.63555358 26494.30830973
0.10400000 1052356.03192460 21546.99076734
0.10500000 1043232.24490987 18246.13282194
0.10600001 1034095.27617818 24895.84494543
0.10700001 1024953.32895163 19925.09365245
0.10800001 1015803.02784389 19930.05634424
0.10900001 1006648.72460092 26575.52758026
0.11000001 997490.73502687 24912.33227991
0.11100001 988330.99709242 23245.54614586
0.11200001 979171.87083289 19916.35679035
0.11300001 970012.43920632 23222.09888791
0.11400001 960856.85071344 19889.73774627
0.11500001 951705.44553760 21527.57819175
0.11600001 942559.18779687 24812.87178723
0.11700001 933421.03574378 26434.48497719
0.11800001 924289.48490254 16498.56808257
0.11900001 915168.47592084 21414.94334523
0.12000001 906058.43368372 21378.44974980
0.12100001 896962.33614520 16414.41152471
0.12200001 887879.21188849 18019.50945420
0.12300001 878811.97715688 22884.26496334
0.12400001 869760.50748200 21200.41336878
0.12500001 860727.26103723 19521.29520018
0.12600001 851714.74696998 21092.71670267
0.12700001 842722.63577098 17798.30290625
0.12800001 833751.05552504 30652.85900102
0.12900001 824803.29121495 28950.59688615
0.13000001 815879.36397009 19238.43630922
0.13100001 806980.61392319 20771.68198151
0.13200001 798109.15113095 23883.41747347
0.13300001 789266.91887908 17450.69239909
0.13400001 780452.02643864 17384.56970853
0.13500001 771668.28314338 20464.64383383
0.13600001 762914.77519446 23516.84905421
0.13700001 754194.70962898 18734.19747056
0.13800001 745506.62028364 18652.57651907
0.13900001 736855.49580899 24758.34582674
0.14000001 728238.49997370 23103.36750123
0.14100001 719658.50108950 18394.47215539
0.14200001 711115.08618734 21354.78704541
0.14300001 702612.94163807 16694.08428074
0.14400001 694146.17601971 16607.44804464
0.14500001 685723.83828387 15017.35276682
0.14600001 677340.34556759 17922.42638920
0.14700001 669002.24281902 14851.85049124
0.14800001 660704.81883289 17720.10407711
0.14900001 652451.43570133 17616.18959508
0.15000001 644243.34548709 20428.95744929
0.15100001 636081.34802598 18853.45204509
0.15200001 627966.42277755 17294.19609936
0.15300001 619898.95904087 20047.53328141
0.15400001 611877.59182831 15648.77014949
0.15500001 603907.13110688 14131.42753481
0.15600001 595983.89714711 15438.96358424
0.15700001 588114.78049337 18119.81724220
0.15800001 580291.89891374 17991.95117502
0.15900001 572523.60855337 23358.96433153
0.16000001 564805.26624938 19096.06695327
0.16100001 557142.60765737 17600.13580670
0.16200001 549531.41338277 14779.64806062
0.16300001 541975.43971393 13332.59644637
0.16400001 534473.49109701 15873.86343498
0.16500001 527026.87394242 17059.86071493
0.16600001 519635.90724399 16921.94411834
0.16700001 512300.36322401 15491.96371534
0.16800001 505020.65383548 15362.72901505
0.16900001 497800.00230652 16502.07085566
0.17000001 490635.93650736 15101.77483880
0.17100001 483529.88463821 19960.11458041
0.17200001 476482.05072751 13601.18078030
0.17300001 469493.09978520 14704.52457969
0.17400001 462564.04437609 13356.53741214
0.17500001 455693.78921003 18045.47490496
0.17600001 448881.18849716 16684.91456445
0.17700001 442131.49845581 14165.89387959
0.17800001 435440.74474238 16368.21836797
0.17900001 428810.64392933 15051.25431284
0.18000001 422242.24298920 16049.42841411
0.18100001 415735.80196237 18159.34068750
0.18200001 409287.86147539 13481.94279386
0.18300001 402903.96569684 13344.17997425
0.18400001 396580.44006478 17608.17237070
0.18500001 390319.56858037 11978.90812564
0.18600001 384120.60370603 10774.58344298
0.18700001 377983.37704758 11725.04490996
0.18800001 371908.13218877 14761.03446397
0.18900001 365897.09679553 14599.29485192
0.19000001 359944.57855601 14437.37772803
0.19100001 354059.54586992 11216.60694314
0.19200001 348232.97677100 12097.61418465
0.19300001 342472.01028030 14948.90395511
0.19400001 336772.57411749 10835.65808426
0.19500001 331136.20044194 15576.64760486
0.19600001 325561.07376678 13468.46225820
0.19700001 320049.71262090 10456.02460545
0.19800001 314600.73999476 9390.83253264
0.19900001 309215.28358104 12987.04252417
0.20000001 303890.19483355 10078.51878798
0.20100001 298629.42693993 10858.16647672
0.20200001 293429.60135058 9828.42496176
0.20300001 288292.78145064 8821.75952935
0.20400001 283217.99428907 11321.63985683
0.20500001 278204.45085356 11175.47331902
0.20600001 273253.40324747 10181.42228626
0.20700001 268363.59515963 12559.41684714
0.20800001 263535.28228453 9088.01463917
0.20900001 258770.51939097 8966.39892075
0.21000001 254064.26650092 10453.47473934
0.21100001 249419.30599880 8724.68773628
0.21200001 244834.97677840 13298.21239238
0.21300001 240311.06764272 9256.78276322
0.21400001 235848.33396421 7606.10912994
0.21500001 231446.14041342 10498.39742549
0.21600001 227102.44315895 11088.27731147
0.21700001 222818.59926409 10200.63595659
0.21800001 218594.33890673 11489.31899616
0.21900001 214427.87339242 9198.95620348
0.22000001 210319.78174740 7669.31120404
0.22100001 206272.39643207 10990.19380156
0.22200001 202281.84382549 7442.96079550
0.22300001 198348.96404092 7997.43060829
0.22400001 194471.91634714 7219.77023578
0.22500001 190655.23700790 10987.46182833
0.22600001 186892.90081420 7000.07393102
0.22700001 183188.35563952 6265.04205914
0.22800001 179539.12835402 8634.03709085
0.22900001 175945.24304356 8498.15564089
0.23000001 172406.82917095 6571.28660462
0.23100001 168924.76895858 7642.15690910
0.23200001 165495.48773757 8097.69459797
0.23300001 162121.38285701 8535.69121111
0.23400001 158801.10715984 6157.51322134
0.23500001 155532.99020084 6056.45492487
0.23600001 152318.87488092 7039.41713557
0.23700001 149157.02653285 6922.37792880
0.23800001 146047.17857792 7853.68739950
0.23900001 142989.33670457 6691.90127430
0.24000001 139982.46612984 6578.47630694
0.24100001 137027.81995107 6963.75413931
0.24200001 134122.88869928 4888.77952434
0.24300001 131267.97947011 7206.61241380
0.24400001 128462.11249312 4720.98285744
0.24500001 125705.98537822 4638.55107988
0.24600001 122998.71924581 5924.23359272
0.24700001 120340.13967376 5819.64942993
0.24800001 117728.43882584 5716.30461761
0.24900001 115164.06477359 4318.65263331
0.25000001 112647.21732726 5513.51831292
0.25100001 110176.07095754 4581.12124714
0.25200001 107752.20304161 4907.03555867
0.25300001 105373.83298762 4817.69187212
0.25400001 103039.65984559 5517.77404578
0.25500001 100750.39156456 4255.69674103
0.25600001 98505.61965447  4177.13099908
0.25700001 96304.34115221  4099.67599682
0.25800001 94146.11519029  5486.36512230
0.25900001 92031.13689164  4665.97886118
0.26000001 89958.89363725  4578.45810830
0.26100001 87926.44766164  4837.71337925
0.26200001 85937.58178585  4407.30909043
0.26300001 83988.29545380  3991.12398881
0.26400001 82079.43867660  5220.25254684
0.26500001 80211.29209619  4160.55991790
0.26600001 78381.67511003  5022.69797872
0.26700001 76592.26523453  3694.81104975
0.26800001 74841.01204465  3623.80197468
0.26900001 73127.28185518  3257.82056081
0.27000001 71451.90379069  3194.97202919
0.27100001 69813.36035631  3133.22376106
0.27200001 68211.90718892  3631.26105105
0.27300001 66645.99943203  3560.89591817
0.27400001 65114.93320443  3223.18934616
0.27500001 63621.25064957  3160.70388185
0.27600001 62160.39456054  3615.87032271
0.27700001 60735.61092075  3292.47762384
0.27800001 59343.48016718  3725.28714380
0.27900001 57985.42284367  2678.92666217
0.28000001 56660.01541850  2865.86371550
0.28100001 55366.81877065  2576.21819933
0.28200001 54106.38906278  2526.49795686
0.28300001 52877.39391282  2477.83479603
0.28400001 51679.62089969  2430.23428783
0.28500001 50512.79851434  2600.39899060
0.28600001 49375.43525981  2338.17384740
0.28700001 48268.53119025  2293.72071073
0.28800001 47190.23594044  3068.54523727
0.28900001 46142.29884078  2609.34712296
0.29000001 45121.59201146  2166.51334298
0.29100001 44130.23466856  1932.90436998
0.29200001 43165.66719566  2086.84427936
0.29300001 42228.44883596  2234.72961818
0.29400001 41317.99487788  1828.32135989
0.29500001 40434.93064564  2333.90430735
0.29600001 39576.59325920  1939.45104448
0.29700001 38743.67965450  2770.94810006
0.29800001 37936.57345756  1871.60094013
0.29900001 37154.04529122  2006.31854070
0.30000001 36395.62052884  2136.24104807
0.30100001 35661.82599248  1938.57695272
0.30200001 34950.53845518  2223.90286718
0.30300001 34262.91515399  2187.34460698
0.30400001 33598.50224554  1844.55786060
0.30500001 32955.32969340  2420.23952726
0.30600001 32334.39799010  1786.79891753
0.30700001 31735.44900293  1612.79559468
0.30800001 31157.46390663  1444.14852044
0.30900001 30599.96427235  2845.79681206
0.31000001 30063.95838446  1823.22884255
0.31100001 29546.18247415  1521.03754578
0.31200001 29049.34163643  1363.86665440
0.31300001 28570.93110088  1345.69091856
0.31400001 28113.07074264  1461.17692103
0.31500001 27672.84484278  2098.70865224
0.31600002 27250.71978015  1684.50332297
0.31700002 26846.17143138  1664.73116928
0.31800002 26459.67606578  1392.70511566
0.31900002 26090.45494606  1377.57608638
0.32000002 25737.70361736  1734.97868300
0.32100002 25401.86544717  1594.98320695
0.32200002 25082.45016171  1215.24476788
0.32300002 24777.99764713  1445.05289120
0.32400002 24489.54106219  2148.95732996
0.32500002 24215.75424917  1302.56548274
0.32600002 23957.32836262  1292.61771301
0.32700002 23713.32463551  1166.69562731
0.32800002 23484.13969200  1390.73081842
0.32900002 23267.72044474  1497.27788152
0.33000002 23066.49454398  1259.77665918
0.33100002 22876.31027175  1367.08836658
0.33200002 22701.35977876  2154.47265183
0.33300002 22538.21660163  1129.16470521
0.33400002 22387.99332162  1462.49573299
0.33500002 22249.33021895  1345.63955537
0.33600002 22122.67998470  1341.96183142
0.33700002 22006.67074367  1338.88591145
0.33800002 21903.57465847  1336.55618896
0.33900002 21810.02855058  1223.54265963
0.34000002 21728.16911344  1222.53549306
0.34100002 21656.33196562  1222.06687070
0.34200002 21595.71136673  1111.09940244
0.34300002 21543.57424109  1222.81333184
0.34400002 21502.07134343  1446.55191814
0.34500002 21469.55302308  1559.97779654
0.34600002 21447.45655016  1227.97418294
0.34700002 21432.18714756  1230.63624430
0.34800002 21427.05191175  1233.87684278
0.34900002 21430.10495518  1350.09667612
0.35000002 21441.38654925  1241.77796081
0.35100002 21460.58549524  1133.11896782
0.35200002 21487.01159216  1251.51104946
0.35300002 21521.14673391  1485.60482940
0.35400002 21563.05654752  1607.52594176
0.35500002 21611.73394324  1846.50663557
0.35600002 21666.78190761  1740.38433916
0.35700002 21728.54719490  1400.18764756
0.35800002 21797.44457049  1291.17169029
0.35900002 21871.96339368  1299.19468712
0.36000002 21953.30356360  1545.40287756
0.36100002 22039.37394641  1196.73806198
0.36200002 22132.43752944  1566.64466473
0.36300002 22228.87802044  1456.43615689
0.36400002 22331.55921268  1467.18350977
0.36500002 22438.61507576  1601.44403381
0.36600002 22551.25047552  1489.73567698
0.36700002 22667.87310947  1751.77331688
0.36800002 22790.35629154  1513.73553659
0.36900002 22916.13523222  1399.03012220
0.37000002 23045.18080673  1410.71080991
0.37100002 23178.58220357  1293.36494823
0.37200002 23316.16336602  1826.35516297
0.37300002 23456.62651094  1447.50849056
0.37400002 23601.51550214  1593.10237186
0.37500002 23748.65855473  1473.36684653
0.37600002 23899.80219890  1892.14742972
0.37700002 24052.64035927  1772.92020487
0.37800002 24209.30909870  1651.55914495
0.37900002 24368.25955112  1388.99086021
0.38000002 24529.72741282  1401.87398805
0.38100002 24693.04961987  1556.40299127
0.38200002 24858.78579618  1713.76477398
0.38300002 25026.30652669  1441.51532423
0.38400002 25196.51606707  2182.64830771
0.38500002 25367.06725191  1909.37924251
0.38600002 25540.73596603  1779.16775168
0.38700002 25714.57749441  1945.56502540
0.38800002 25889.89264305  1963.87789948
0.38900002 26066.55908045  1982.36191198
0.39000002 26245.02992625  2770.68794058
0.39100002 26423.51916135  1864.44360036
0.39200002 26603.42573512  1725.09922352
0.39300002 26783.64750802  1899.49637126
0.39400002 26965.29246677  1597.69365435
0.39500002 27146.59155321  1773.75837612
0.39600002 27328.21506893  1952.87434135
0.39700002 27509.96205652  1806.57929384
0.39800002 27692.69821553  1823.14887340
0.39900002 27874.58558443  2341.46530003
0.40000002 28056.68157815  1856.37042457
0.40100002 28238.31181744  1873.04731159
0.40200002 28420.82600575  2061.64681614
0.40300002 28601.94765305  2946.57278683
0.40400002 28782.49976654  1923.39063803
0.40500002 28962.91225629  1763.84143998
0.40600002 29142.69198496  1957.07757298
0.40700002 29321.72557292  1973.93865910
0.40800002 29500.21652081  2533.77371703
0.40900002 29677.06609146  2190.16758132
0.41000002 29853.69349850  2392.62437880
0.41100002 30028.98598188  3526.00370106
0.41200002 30202.57336133  2245.25941007
0.41300002 30375.38052766  1886.31122015
0.41400002 30546.91588933  3422.78208758
0.41500002 30717.45221155  3066.83057412
0.41600002 30885.35114676  2511.44244750
0.41700002 31052.63065358  1947.00003424
0.41800002 31219.12476777  2354.54650155
0.41900002 31382.09498608  2174.77928559
0.42000002 31544.06058193  2589.60977618
0.42100002 31704.91452257  2608.99753969
0.42200002 31863.77308464  2426.10779763
0.42300002 32020.25818167  2851.08392360
0.42400002 32174.77297563  2461.37024927
0.42500002 32327.83642446  2065.74884541
0.42600002 32477.49052569  2496.22004009
0.42700002 32626.41191040  3141.92361586
0.42800002 32772.51088902  2530.69341077
0.42900002 32917.07165701  2760.09658923
0.43000002 33059.34327672  2351.01530853
0.43100002 33197.89391301  3011.71307851
0.43200002 33335.13432837  2598.14049267
0.43300002 33469.58979413  2614.64447862
0.43400002 33601.95977131  2850.28637267
0.43500002 33731.56426923  2426.64884852
0.43600002 33859.49351925  2219.48990537
0.43700002 33983.98894404  3125.84745120
0.43800002 34105.11633993  3593.31522786
0.43900002 34224.88022394  2484.72642201
0.44000002 34341.11348987  2498.83124151
0.44100002 34455.40101446  2512.83251507
0.44200002 34566.73057713  2986.04716241
0.44300002 34675.59262871  3233.15240992
0.44400002 34781.03720781  3714.61494983
0.44500002 34883.05587018  2800.41185797
0.44600002 34982.97664321  3283.85217312
0.44700002 35080.30541141  2357.39663537
0.44800002 35173.77341243  2842.74450191
0.44900002 35265.58041255  3094.55482786
0.45000002 35354.12839525  2391.70689929
0.45100002 35438.60624547  3604.10642597
0.45200002 35521.03866771  2896.38563023
0.45300002 35600.09697199  3636.55007804
0.45400002 35676.55752010  3408.89523260
0.45500002 35749.95443519  2445.29699926
0.45600002 35819.81998478  2946.53853159
0.45700002 35886.97720421  2958.52254093
0.45800002 35950.43914036  3712.78177818
0.45900002 36011.10919549  3478.67331315
0.46000002 36069.49705143  3990.72934291
0.46100002 36123.54878389  3004.03445924
0.46200002 36175.35831869  2763.61662974
0.46300002 36223.50463866  2773.27164658
0.46400002 36268.24946989  2782.68157246
0.46500002 36310.76374352  3045.74700716
0.46600002 36349.37638859  3310.15611771
0.46700002 36384.91249854  2809.64307630
0.46800002 36417.87602338  4099.19631948
0.46900002 36447.07057992  4111.22975627
0.47000002 36472.91641441  3349.85516685
0.47100002 36496.02792534  3359.09456946
0.47200002 36515.81953614  3368.03677455
0.47300002 36532.93121174  3896.23729840
0.47400002 36545.69504712  2864.26898508
0.47500002 36556.41720035  2610.12831182
0.47600002 36564.19515935  3401.01877395
0.47700002 36567.82693424  3146.29597855
0.47800002 36568.51135499  5254.89533078
0.47900002 36566.78188483  3685.93178870
0.48000002 36561.04564282  4220.60730906
0.48100002 36553.66320237  2642.82997480
0.48200002 36541.11550410  3706.36552126
0.48300002 36526.13651975  3447.33692814
0.48400002 36508.36477341  3718.37712842
0.48500002 36487.52967748  3457.92335144
0.48600002 36464.12335727  4261.92694001
0.48700002 36437.28287076  4000.81384885
0.48800002 36406.49973327  2937.45857022
0.48900002 36373.72893106  2673.46920316
0.49000002 36337.53310755  3479.13727230
0.49100002 36298.85604594  2946.74127349
0.49200002 36256.42115936  3485.51121337
0.49300002 36211.36875920  4293.22008360
0.49400002 36163.44440438  3222.16304917
0.49500002 36111.97359234  2686.73096263
0.49600002 36058.78279875  2688.18238507
0.49700002 36001.70792059  3227.19325098
0.49800002 35942.11487789  3228.32091136
0.49900002 35879.66057554  2960.07213780
0.50000002 35814.14397152  3498.86296115
