# SAXS profile: number of points = 501, q_min = 0, q_max = 0.5, delta_q = 0.001
#    q    intensity    error
0.00000000 1664650.74656090 274.66737318
0.00100000 1664581.95273617 599.24951722
0.00200000 1664375.52041565 748.96900790
0.00300000 1664031.61358750 1497.62850558
0.00400000 1663550.11200297 1621.96142083
0.00500000 1662931.46191322 1945.62988745
0.00600000 1662175.40590222 2094.34109670
0.00700000 1661282.57631300 2192.89309187
0.00800000 1660252.45550146 2689.60909147
0.00900000 1659086.41101113 3732.94458435
0.01000000 1657783.54294385 3008.87726036
0.01100000 1656345.17674039 3279.56359274
0.01200000 1654770.71874287 3549.48334733
0.01300000 1653061.53954766 5207.14407924
0.01400000 1651216.96769670 3715.23834202
0.01500000 1649238.73256694 5541.44238818
0.01600000 1647125.69029084 7140.29018661
0.01700000 1644879.93161958 4885.29361606
0.01800000 1642501.17245985 7489.80568344
0.01900000 1639989.91036817 6887.95793435
0.02000000 1637347.00322269 5157.64329346
0.02100000 1634573.90613872 5933.50354830
0.02200000 1631668.87764140 6755.10946034
0.02300000 1628635.03274455 11139.86413104
0.02400000 1625471.89580755 7314.62386466
0.02500000 1622180.95168331 6959.15660055
0.02600000 1618762.64509901 6555.98901251
0.02700000 1615217.46927007 10175.87052247
0.02800000 1611545.76565641 10515.33660314
0.02900000 1607750.02063125 7234.87542502
0.03000000 1603830.37111778 8203.59272535
0.03100000 1599787.28185838 9214.77516751
0.03200000 1595621.63691144 9477.99295979
0.03300000 1591336.20313480 8927.39651114
0.03400000 1586929.13633099 15829.61886529
0.03500000 1582403.67632744 10253.97629611
0.03600000 1577759.64369825 11383.53635536
0.03700000 1572998.77892809 10759.31214546
0.03800000 1568122.43982137 17429.68172525
0.03900000 1563131.83467921 10316.67058665
0.04000000 1558025.96841497 12456.41819470
0.04100000 1552808.78404384 9782.69579307
0.04200000 1547480.61854137 9981.25045265
0.04300000 1542041.36120717 14248.46283894
0.04400000 1536495.08482903 11408.47653469
0.04500000 1530841.13364084 11619.08474421
0.04600000 1525079.72177767 17202.90006136
0.04700000 1519214.40205910 12032.17862390
0.04800000 1513245.13559479 15571.29316977
0.04900000 1507174.77625874 15825.33588735
0.05000000 1501002.78155501 12630.93899496
0.05100000 1494732.49941416 13990.69684626
0.05200000 1488362.17757992 13015.72784949
0.05300000 1481897.48457607 15604.38124003
0.05400000 1475336.41518125 17040.13638999
0.05500000 1468683.14867058 20972.79634138
0.05600000 1461935.99800409 13749.50870284
0.05700000 1455100.07195864 16457.18258205
0.05800000 1448174.12259375 12816.34158338
0.05900000 1441160.10086963 15564.52981635
0.06000000 1434060.56189247 15745.98570521
0.06100000 1426877.11991407 15923.94940239
0.06200000 1419610.45972055 13415.31947144
0.06300000 1412263.64857010 21692.37065627
0.06400000 1404834.72375240 13697.13919716
0.06500000 1397329.75823374 15216.92177898
0.06600000 1389747.11002772 13966.95910927
0.06700000 1382089.59662657 16916.77745440
0.06800000 1374359.81417736 14224.62474258
0.06900000 1366559.14478492 21523.30753806
0.07000000 1358686.49959037 23152.01903719
0.07100000 1350747.20950164 20423.29876425
0.07200000 1342739.84878923 24995.10345615
0.07300000 1334669.30535609 14814.82998361
0.07400000 1326535.29347892 16415.87502612
0.07500000 1318339.55425780 18034.88594759
0.07600000 1310082.76666221 16644.60233075
0.07700000 1301770.19838201 15230.71203521
0.07800000 1293400.11526114 18392.15050154
0.07900000 1284974.10057459 18503.62791616
0.08000000 1276497.33534709 18611.33202244
0.08100000 1267968.65509223 15596.01518937
0.08200000 1259389.85465148 23519.10663925
0.08300000 1250763.29939914 17335.58014327
0.08400000 1242090.13629960 23754.97497176
0.08500000 1233374.41378598 22274.74295867
0.08600000 1224614.80827520 17579.34639817
0.08700000 1215815.38801268 19258.51665046
0.08800000 1206974.42676051 19335.73122478
0.08900000 1198098.19562589 16174.32640065
0.09000000 1189185.23697324 22725.33094609
0.09100000 1180238.48781869 22802.20865593
0.09200000 1171258.77865755 17972.96680299
0.09300000 1162249.84641833 26220.35776735
0.09400000 1153209.36072517 18076.55757892
0.09500000 1144142.38827701 21418.34651527
0.09600000 1135049.51196022 23120.95964549
0.09700000 1125934.03067458 26481.96964646
0.09800000 1116796.47067502 18242.87120621
0.09900000 1107638.65417631 26583.32895025
0.10000000 1098460.67635742 21634.18403825
0.10100000 1089265.03313491 24998.63368618
0.10200000 1080054.00880960 21692.88578729
0.10300000 1070828.83574022 16704.93062336
0.10400000 1061591.89998222 18392.08053245
0.10500000 1052345.68599096 18405.52691395
0.10600001 1043086.93103686 20089.85523707
0.10700001 1033823.47332038 20097.52926709
0.10800001 1024551.83986293 20101.70804413
0.10900001 1015276.93462885 23452.89829375
0.11000001 1005998.41510471 20099.84927988
0.11100001 996718.88566246 18419.36587410
0.11200001 987440.54168413 18410.82976643
0.11300001 978161.83442173 21744.53860295
0.11400001 968887.98885578 16713.31859470
0.11500001 959618.67946456 16697.36580893
0.11600001 950355.11022248 20014.47956380
0.11700001 941100.41817495 28317.71291650
0.11800001 931852.51842563 16633.56823731
0.11900001 922616.32579107 24910.64196969
0.12000001 913391.50535259 19893.66792367
0.12100001 904181.24038432 19855.82097421
0.12200001 894984.52313178 16512.46522970
0.12300001 885804.38591026 18123.55858960
0.12400001 876641.19725686 16437.02322304
0.12500001 867496.67957871 18035.25681827
0.12600001 858373.81526333 21257.62853673
0.12700001 849271.73961702 21197.82361982
0.12800001 840191.25211249 17883.47164405
0.12900001 831135.41213836 21069.28369075
0.13000001 822104.78029295 21000.66760245
0.13100001 813099.30313752 22539.11374541
0.13200001 804122.71704131 22459.14854570
0.13300001 795175.66328166 15983.03158545
0.13400001 786257.07786124 23882.55986599
0.13500001 777370.66296074 15858.36227209
0.13600001 768515.38767342 20530.88954974
0.13700001 759694.48424929 20443.37953512
0.13800001 750906.45423383 23484.60046360
0.13900001 742156.46667923 24936.45845638
0.14000001 733441.47117903 20165.97420111
0.14100001 724764.55618899 16981.23435239
0.14200001 716125.16543564 18433.06262771
0.14300001 707528.11615655 18339.12963579
0.14400001 698967.45224286 18243.05136406
0.14500001 690452.25096802 19657.17651233
0.14600001 681977.03810726 15037.59439965
0.14700001 673547.92768790 16448.04117010
0.14800001 665160.91691528 16352.98191387
0.14900001 656818.80993563 16256.26631289
0.15000001 648523.43606986 17626.86782407
0.15100001 640274.81613739 20437.57309545
0.15200001 632074.62589913 24660.39269310
0.15300001 623922.72458065 14412.61561793
0.15400001 615818.35825023 17181.33300599
0.15500001 607765.75098161 19910.40694179
0.15600001 599761.59061437 16949.26335068
0.15700001 591812.68772346 15428.55749713
0.15800001 583911.04859027 18104.16291603
0.15900001 576065.29715801 17973.23811968
0.16000001 568270.16676313 19213.21524517
0.16100001 560532.66249358 17707.22764403
0.16200001 552847.11055489 17572.24623850
0.16300001 545218.11201063 17436.07604522
0.16400001 537644.12773778 15968.03134766
0.16500001 530126.98519371 17160.21132088
0.16600001 522666.08422379 13092.78602796
0.16700001 515262.00455943 12984.60312796
0.16800001 507914.84056705 16738.33436121
0.16900001 500627.99593315 15319.21739890
0.17000001 493398.56100543 16452.37579360
0.17100001 486228.37451468 12544.69265486
0.17200001 479117.99018872 12433.11243252
0.17300001 472067.03736180 20945.61543689
0.17400001 465077.23399441 13429.10576579
0.17500001 458147.33183438 18142.63519747
0.17600001 451276.47181926 13179.52998194
0.17700001 444469.37743064 13054.06623169
0.17800001 437722.57077895 16453.99221274
0.17900001 431037.20301591 12801.80553425
0.18000001 424414.77570394 13827.43404557
0.18100001 417855.40232774 14829.68892911
0.18200001 411355.50802030 14679.22199712
0.18300001 404920.78168440 13410.97692291
0.18400001 398547.58010976 11059.69587051
0.18500001 392238.00077602 12037.78481251
0.18600001 385991.37089826 11909.76431172
0.18700001 379807.44145285 13923.74146149
0.18800001 373686.60561652 12712.81892371
0.18900001 367631.11690446 11525.23605949
0.19000001 361634.93797179 11396.92560867
0.19100001 355707.39963707 10244.37359360
0.19200001 349839.69102341 14179.00334716
0.19300001 344038.07588946 17019.56441847
0.19400001 338299.01990210 10884.77147970
0.19500001 332623.95581930 10757.05923952
0.19600001 327011.61401154 10629.51301576
0.19700001 321463.62826233 12411.71127376
0.19800001 315978.98418965 12261.56506095
0.19900001 310558.60049483 10248.43430067
0.20000001 305199.82040540 12882.48502815
0.20100001 299906.08584591 10904.58579673
0.20200001 294674.20492338 13459.24494601
0.20300001 289506.37545836 11516.56416006
0.20400001 284401.54524271 13118.02189435
0.20500001 279358.52161509 10358.61447111
0.20600001 274379.21103511 11927.26486747
0.20700001 269461.77366426 8407.20773573
0.20800001 264606.69657961 9124.96236289
0.20900001 259815.92749783 8184.20210306
0.21000001 255084.55153027 8073.42643758
0.21100001 250415.38462987 9555.85152921
0.21200001 245807.56352159 9424.26243094
0.21300001 241261.04493924 10067.82388128
0.21400001 236776.18727124 9163.23888060
0.21500001 232352.90864059 8281.05805546
0.21600001 227988.58768737 7421.02888008
0.21700001 223685.22145095 8045.95779600
0.21800001 219441.92003451 9371.26763815
0.21900001 215257.18657429 7813.83624210
0.22000001 211131.56611502 9098.71527194
0.22100001 207067.36368856 6895.34353686
0.22200001 203060.71608226 7471.61940154
0.22300001 199112.25453725 10704.27531008
0.22400001 195220.18363687 11200.75856581
0.22500001 191389.30119546 12327.38547293
0.22600001 187613.37642590 7665.88292327
0.22700001 183895.93208502 6918.16529219
0.22800001 180234.25425081 8048.36100418
0.22900001 176628.35594099 9749.88570902
0.23000001 173078.79851898 7796.33484799
0.23100001 169586.22412730 8262.24123023
0.23200001 166146.67147852 8710.23966420
0.23300001 162763.12157905 7426.88158890
0.23400001 159433.79599934 10116.07483460
0.23500001 156157.06026248 7739.14427264
0.23600001 152935.00509623 5436.83968832
0.23700001 149765.64022642 5881.29696986
0.23800001 146648.77012988 8937.50971830
0.23900001 143584.46569863 7753.56151447
0.24000001 140571.47873084 7114.32287508
0.24100001 137611.24275968 4995.28834846
0.24200001 134700.97900616 6873.79128383
0.24300001 131841.39266872 5307.93471992
0.24400001 129031.36332844 7587.04452261
0.24500001 126271.08555740 5591.28393297
0.24600001 123560.28820425 4577.90889453
0.24700001 120898.51508155 5846.65246592
0.24800001 118284.03504088 5301.49070133
0.24900001 115717.26817828 5207.27731437
0.25000001 113198.32095381 5540.49208120
0.25100001 110725.56237857 4603.96910151
0.25200001 108300.14623529 5753.98704170
0.25300001 105920.83491585 5246.25920159
0.25400001 103585.93056226 4754.59443775
0.25500001 101296.20099522 5056.70659292
0.25600001 99051.24652967  5727.63860157
0.25700001 96850.16069556  5622.15209438
0.25800001 94692.34324038  4046.67747984
0.25900001 92578.00821803  4693.70523874
0.26000001 90506.73958557  4960.67463140
0.26100001 88475.27972665  4867.91012089
0.26200001 86487.98415307  5800.31693168
0.26300001 84540.45782473  3682.58251710
0.26400001 82633.39824843  3941.61328296
0.26500001 80767.34253599  3222.61711968
0.26600001 78940.08033029  4426.17051356
0.26700001 77153.14695179  3411.71231965
0.26800001 75404.70260599  3346.83788354
0.26900001 73693.82486293  3581.52005782
0.27000001 72021.39309251  4098.73767486
0.27100001 70386.13823286  2871.75457580
0.27200001 68788.05357978  3098.55802014
0.27300001 67225.76808206  3591.87295861
0.27400001 65698.35345377  3252.06864987
0.27500001 64208.48225061  3189.87754917
0.27600001 62751.43841666  2868.05462857
0.27700001 61330.76262831  3580.49009169
0.27800001 59942.93471450  4013.77909844
0.27900001 58589.30179532  2460.75079187
0.28000001 57268.24427323  3379.39925450
0.28100001 55979.75622926  2841.53256068
0.28200001 54723.85554463  3019.93611116
0.28300001 53499.53114317  3646.52821531
0.28400001 52306.72122724  2459.72368213
0.28500001 51144.71001298  2852.34061243
0.28600001 50012.38457839  2583.63990961
0.28700001 48910.43158703  2112.93074457
0.28800001 47837.27241774  3110.61878620
0.28900001 46794.63408431  2239.12334692
0.29000001 45779.08929622  2997.38601355
0.29100001 44793.03893663  1961.93519829
0.29200001 43833.90491863  2119.15023360
0.29300001 42902.08459761  2459.57662641
0.29400001 41996.98238366  2973.38649351
0.29500001 41119.38740626  2373.41115344
0.29600001 40266.59396496  2152.65221527
0.29700001 39439.25721940  1762.93488116
0.29800001 38637.56798635  2945.92151058
0.29900001 37860.61136740  1703.72759219
0.30000001 37107.83015862  2513.12791646
0.30100001 36379.82630708  2142.40807265
0.30200001 35674.03010017  1783.52321929
0.30300001 34991.97557373  2074.32441021
0.30400001 34333.25262708  2199.04493487
0.30500001 33695.71189587  1701.29657417
0.30600001 33080.46493075  1828.02657862
0.30700001 32487.10107104  1650.99455459
0.30800001 31914.68489582  1775.09485795
0.30900001 31362.93715936  1750.05197635
0.31000001 30832.35177906  1582.16220645
0.31100001 30320.32517959  1418.99128559
0.31200001 29829.04942083  1680.56872394
0.31300001 29356.24561015  1520.94715707
0.31400001 28903.93672419  1911.99550483
0.31500001 28469.15199104  1754.26922875
0.31600002 28052.66784241  1467.29486097
0.31700002 27653.53741167  1582.88855639
0.31800002 27272.37530397  1304.98322008
0.31900002 26908.73334905  1549.94311429
0.32000002 26561.34874992  1534.71480344
0.32100002 26230.97230963  1773.73843156
0.32200002 25916.75570880  1506.80024826
0.32300002 25617.69193109  1743.02784153
0.32400002 25334.43508853  1358.55914595
0.32500002 25065.83259994  1838.57890827
0.32600002 24812.73202111  1582.18393225
0.32700002 24573.76228304  1692.64082621
0.32800002 24349.76598259  1922.65761303
0.32900002 24138.41549777  1194.85162372
0.33000002 23942.18717576  1664.22150939
0.33100002 23756.97746415  1538.02679386
0.33200002 23587.15230072  1649.44963850
0.33300002 23428.62152067  1525.90619190
0.33400002 23283.31239764  1520.98245440
0.33500002 23149.43317010  1400.07778443
0.33600002 23027.54316254  1280.44659819
0.33700002 22916.24404179  1394.22435353
0.33800002 22817.72420416  1160.28133073
0.33900002 22728.83553685  1738.75600091
0.34000002 22651.39609216  1737.92844748
0.34100002 22584.06656403  1506.13147048
0.34200002 22527.83144999  1274.96268129
0.34300002 22480.14586493  1623.96581419
0.34400002 22442.81697373  1974.40691677
0.34500002 22414.65454855  1395.98475140
0.34600002 22396.72489184  1515.47446158
0.34700002 22385.52441068  1168.52442958
0.34800002 22384.44381485  1289.00825813
0.34900002 22391.44680675  1293.10611433
0.35000002 22406.69705091  1415.65518673
0.35100002 22429.80014509  1302.72285413
0.35200002 22459.97920209  1664.95833711
0.35300002 22497.95831460  1433.56997170
0.35400002 22543.50710358  1440.53017215
0.35500002 22595.76181715  1568.59785964
0.35600002 22654.32595101  1455.76705456
0.35700002 22719.66998583  1464.05560323
0.35800002 22791.82321156  1718.27563331
0.35900002 22869.80545204  1358.46650820
0.36000002 22954.28081513  1491.56923802
0.36100002 23043.65479424  1376.39756605
0.36200002 23139.75044751  1385.95541870
0.36300002 23239.28815929  1395.75171296
0.36400002 23344.89888696  1405.94660206
0.36500002 23454.80318532  1416.43563145
0.36600002 23570.24584856  1946.31314314
0.36700002 23689.65713709  1569.20296309
0.36800002 23814.85794781  1845.41342979
0.36900002 23943.19773457  2391.92556699
0.37000002 24074.69024503  2009.63486340
0.37100002 24210.49279462  1756.22923051
0.37200002 24350.39782140  1634.88578717
0.37300002 24493.14863864  1786.28541483
0.37400002 24640.28155823  1524.61749364
0.37500002 24789.36984676  1398.12052559
0.37600002 24942.57757566  2538.90509170
0.37700002 25097.24500101  1565.31524486
0.37800002 25255.79407186  1866.52954930
0.37900002 25416.42080367  1593.60965988
0.38000002 25579.54978266  2192.80700900
0.38100002 25744.43013972  1622.67150858
0.38200002 25911.63628439  1786.34829007
0.38300002 26080.52767810  1952.91000505
0.38400002 26251.93929623  1819.25947941
0.38500002 26423.69405426  2141.90474151
0.38600002 26598.35150607  2779.26188054
0.38700002 26773.26005934  2337.30571391
0.38800002 26949.44550967  1729.75024199
0.38900002 27126.77368647  1745.60796942
0.39000002 27305.93188231  1761.64227885
0.39100002 27485.01842577  1777.73107600
0.39200002 27665.30263280  2283.21753446
0.39300002 27845.88212915  2468.53756770
0.39400002 28027.78468648  2324.90484989
0.39500002 28209.16628788  1675.62455689
0.39600002 28390.88822081  2028.81296838
0.39700002 28572.35473163  2046.92358995
0.39800002 28755.09641847  2409.38964306
0.39900002 28936.65902495  1909.81958613
0.40000002 29118.23384464  2101.75421849
0.40100002 29299.26388334  2120.09483505
0.40200002 29481.18010351  2138.56490603
0.40300002 29661.53429838  2336.73578274
0.40400002 29841.31230702  1812.85980855
0.40500002 30020.56235109  2193.90280057
0.40600002 30199.29266136  3134.23373736
0.40700002 30377.08355973  1859.07760194
0.40800002 30554.16025180  2624.29694837
0.40900002 30729.49523862  2078.85045139
0.41000002 30904.58080487  2286.32099627
0.41100002 31078.07830183  2112.68786306
0.41200002 31249.84076975  2129.52050016
0.41300002 31420.66294781  2926.83489227
0.41400002 31590.00988214  2359.77385001
0.41500002 31758.36464624  2378.06645739
0.41600002 31923.87599767  2795.57395358
0.41700002 32088.63491406  2414.34900534
0.41800002 32252.51110809  2229.77746111
0.41900002 32412.66182795  2654.59712950
0.42000002 32571.83576262  2262.60267846
0.42100002 32729.64991753  2071.78693795
0.42200002 32885.29896684  2503.88678198
0.42300002 33038.56812982  2311.37833589
0.42400002 33189.65646476  2750.59290986
0.42500002 33339.12066385  2130.36991137
0.42600002 33485.09675468  3431.55287803
0.42700002 33630.16066785  2590.86770062
0.42800002 33772.35820907  2825.22675986
0.42900002 33912.81175476  2187.37646183
0.43000002 34050.86922551  2421.52767972
0.43100002 34185.05885672  2215.19191889
0.43200002 34317.84274194  2674.73279006
0.43300002 34447.57638922  2915.29852797
0.43400002 34575.22977754  2481.63723488
0.43500002 34699.94016318  2496.31381364
0.43600002 34822.83190490  3195.69143535
0.43700002 34942.04153114  3902.67680356
0.43800002 35057.94788169  2770.27917289
0.43900002 35172.21026268  2785.63918481
0.44000002 35282.90542723  2567.36073508
0.44100002 35391.52858239  2581.10430183
0.44200002 35496.96963898  2594.65111872
0.44300002 35599.84085551  2845.13941601
0.44400002 35699.20099905  2621.21395758
0.44500002 35794.90611393  3113.08313226
0.44600002 35888.53826601  4331.38788859
0.44700002 35979.22756254  2901.36504814
0.44800002 36066.11818346  3157.76912720
0.44900002 36151.17466518  2440.20440555
0.45000002 36232.88303586  2941.38558425
0.45100002 36310.29999077  2461.83845605
0.45200002 36385.63318513  2719.64428131
0.45300002 36457.26991989  2979.28823905
0.45400002 36526.39625440  2492.92666251
0.45500002 36592.25547502  3253.78351105
0.45600002 36654.63314790  4020.28035420
0.45700002 36713.96829853  3026.69968998
0.45800002 36769.52354637  2531.58181615
0.45900002 36822.12445469  3048.87204935
0.46000002 36872.42477064  2549.72829373
0.46100002 36918.21903328  3325.96251034
0.46200002 36961.62314831  3850.47727397
0.46300002 37001.41161669  3347.88788175
0.46400002 37037.56623522  2841.70740408
0.46500002 37071.35424460  2850.41656296
0.46600002 37101.27498758  4678.09998491
0.46700002 37127.84143168  2606.37459204
0.46800002 37151.88808985  3136.36254120
0.46900002 37171.94681451  3406.80908702
0.47000002 37188.54961977  2890.10827068
0.47100002 37202.42210330  2897.32477073
0.47200002 37212.73648079  3696.34128983
0.47300002 37220.40217527  2911.00779210
0.47400002 37223.62891846  3447.83879199
0.47500002 37224.63694982  2923.62312461
0.47600002 37222.69402265  2663.28388355
0.47700002 37216.48119263  4269.47492478
0.47800002 37207.25425237  2673.34134474
0.47900002 37195.51731970  2945.88511135
0.48000002 37179.72675755  3755.52437779
0.48100002 37162.17557865  3224.19050603
0.48200002 37139.44855800  2690.75317557
0.48300002 37114.12224767  2694.48540290
0.48400002 37085.97659941  2967.80541804
0.48500002 37054.69528199  3241.54489692
0.48600002 37020.87137166  2974.81226008
0.48700002 36983.41939705  4331.49828510
0.48800002 36942.06417110  3251.64064247
0.48900002 36898.65081724  2712.05096362
0.49000002 36851.74165541  3256.95708189
0.49100002 36802.34341052  3802.41830141
0.49200002 36749.10262759  3532.87514857
0.49300002 36693.17994208  2990.86123885
0.49400002 36634.47177856  3536.14255604
0.49500002 36571.96899327  3265.14554649
0.49600002 36507.84673364  3265.99212361
0.49700002 36439.79429758  3266.46331567
0.49800002 36369.19304398  3811.12791973
0.49900002 36295.67974833  3266.61133220
0.50000002 36219.15648640  2721.86973898
