# SAXS profile: number of points = 501, q_min = 0, q_max = 0.5, delta_q = 0.001
#    q    intensity    error
0.00000000 1682732.95097188 353.37391970
0.00100000 1682663.61529483 706.71873521
0.00200000 1682455.55587408 908.52602894
0.00300000 1682108.94049941 1412.97156035
0.00400000 1681623.63929814 1387.33955514
0.00500000 1681000.11019286 2118.06022268
0.00600000 1680238.08688780 1940.67506936
0.00700000 1679338.22306729 2216.72654658
0.00800000 1678299.96730663 3171.98707213
0.00900000 1677124.70986699 2767.25588957
0.01000000 1675811.55089662 3318.10701405
0.01100000 1674361.81334047 3918.00681380
0.01200000 1672774.95568370 4566.67582924
0.01300000 1671052.25055107 3509.20988093
0.01400000 1669193.08530162 4131.25306926
0.01500000 1667199.19082473 4401.40605977
0.01600000 1665069.42649579 5944.29811832
0.01700000 1662805.95262041 6285.40678286
0.01800000 1660408.26955819 6151.81291553
0.01900000 1657877.13296424 4973.63162332
0.02000000 1655213.23164177 6256.70629863
0.02100000 1652418.13115309 7088.87410405
0.02200000 1649490.12675061 6828.88943500
0.02300000 1646432.05700851 7705.30237753
0.02400000 1643243.74687323 7394.59719811
0.02500000 1639926.66955656 9593.57145505
0.02600000 1636481.01753297 7953.29810898
0.02700000 1632907.66466593 9601.49750799
0.02800000 1629206.71726611 10630.57431768
0.02900000 1625380.61526865 8045.63441499
0.03000000 1621429.61769896 8293.61287575
0.03100000 1617354.22497606 13973.94114678
0.03200000 1613155.15223384 8783.63020847
0.03300000 1608835.38052703 12307.59122842
0.03400000 1604392.92359100 11792.28853249
0.03500000 1599831.22587219 10366.90682238
0.03600000 1595149.75820957 8853.08156720
0.03700000 1590350.59901991 10877.99860038
0.03800000 1585434.83222974 12057.23245711
0.03900000 1580403.95379812 11378.90899430
0.04000000 1575256.90439323 11625.39649313
0.04100000 1569997.49240887 14836.47699118
0.04200000 1564626.09122614 10091.83875660
0.04300000 1559142.93789136 15435.51580161
0.04400000 1553551.43520253 13632.41447702
0.04500000 1547851.36616415 19224.31486101
0.04600000 1542043.20041968 14132.82658884
0.04700000 1536129.87042270 12166.14913957
0.04800000 1530111.94561348 16869.48498529
0.04900000 1523991.96828089 13715.92835297
0.05000000 1517769.36826368 13933.12344947
0.05100000 1511447.63729016 20041.79660410
0.05200000 1505025.07816296 11964.94992898
0.05300000 1498506.95574223 12137.90690736
0.05400000 1491891.80545240 13538.91876585
0.05500000 1485183.52438930 12475.54218685
0.05600000 1478380.52566396 16432.20030955
0.05700000 1471488.00198996 17922.72470084
0.05800000 1464504.49118902 16849.12495786
0.05900000 1457431.97755472 17051.95493382
0.06000000 1450273.37911043 14597.00224270
0.06100000 1443030.03334518 17446.23391843
0.06200000 1435702.51942054 14924.12838698
0.06300000 1428294.06307647 15082.78601129
0.06400000 1420802.72159572 18008.67533843
0.06500000 1413234.72778495 16789.22935145
0.06600000 1405588.08512644 18364.00919140
0.06700000 1397865.70712801 18535.70014397
0.06800000 1390070.70231018 18703.40217507
0.06900000 1382203.60788948 20318.39398726
0.07000000 1374264.12919413 16099.50502742
0.07100000 1366256.99383038 19182.24909183
0.07200000 1358181.25364235 17846.50250891
0.07300000 1350041.71663032 19481.10288377
0.07400000 1341837.86763506 18114.81206201
0.07500000 1333571.72005078 19763.53381752
0.07600000 1325243.78817454 18367.87976520
0.07700000 1316859.38204603 20029.43214007
0.07800000 1308416.61846052 17055.21142146
0.07900000 1299917.64821335 17158.91376123
0.08000000 1291366.91572286 18828.13051449
0.08100000 1282764.05449162 18933.59833263
0.08200000 1274110.13898663 15862.67197474
0.08300000 1265408.26655553 23916.21736034
0.08400000 1256658.83382307 19226.88105998
0.08500000 1247866.03718110 20926.71442593
0.08600000 1239029.02701635 22637.06138643
0.08700000 1230151.57056678 22733.20209157
0.08800000 1221232.02964956 17933.79319764
0.08900000 1212276.70377624 21275.45715057
0.09000000 1203284.21752426 19709.79640892
0.09100000 1194257.37984098 28017.27944735
0.09200000 1185197.12545600 33067.00135393
0.09300000 1176106.97451733 19899.73094396
0.09400000 1166984.91180023 18292.48935217
0.09500000 1157835.78111698 18340.11963493
0.09600000 1148660.29179148 20055.60963745
0.09700000 1139461.70163400 20100.10536179
0.09800000 1130240.66073831 20140.88952133
0.09900000 1120998.88351983 16814.98404348
0.10000000 1111736.39306280 30317.05286455
0.10100000 1102456.10256493 23614.61082758
0.10200000 1093160.02960414 18578.25557697
0.10300000 1083849.18069444 23671.26721988
0.10400000 1074526.37268677 16923.79116600
0.10500000 1065194.00035450 28792.19518424
0.10600001 1055848.55366997 27114.19213406
0.10700001 1046497.67241043 25429.89463624
0.10800001 1037139.03275291 27131.55837367
0.10900001 1027776.28806704 23741.63337176
0.11000001 1018410.05941364 20347.83394485
0.11100001 1009042.14653748 18647.09974579
0.11200001 999675.10583381 30500.08891485
0.11300001 990307.59356640 16934.26064726
0.11400001 980944.45448974 23689.80969135
0.11500001 971585.74261875 18596.15198938
0.11600001 962232.63430593 27019.49364370
0.11700001 952887.86769822 21925.95086834
0.11800001 943550.09327423 20210.84394983
0.11900001 934223.50684151 26905.63826434
0.12000001 924908.00623667 20144.49732474
0.12100001 915607.22723028 21782.29696193
0.12200001 906319.49839708 20065.91463984
0.12300001 897048.72265951 20022.12843309
0.12400001 887794.04306158 21639.98081925
0.12500001 878558.25050995 18265.22688877
0.12600001 869343.95034407 21529.30394481
0.12700001 860150.30959290 24772.33008371
0.12800001 850977.98560118 21406.35223666
0.12900001 841830.40657666 18057.26307215
0.13000001 832707.73830028 17998.97861174
0.13100001 823610.28435342 19568.98127867
0.13200001 814541.63710468 17875.11706890
0.13300001 805502.53103927 24285.90245574
0.13400001 796492.04059707 19354.75749900
0.13500001 787513.31522445 16065.27238803
0.13600001 778565.89306060 22399.34179950
0.13700001 769652.73849408 19118.17492568
0.13800001 760772.47455261 17448.31752665
0.13900001 751930.16258853 15790.53415901
0.14000001 743123.00771467 18860.46282527
0.14100001 734353.99960715 17205.91502228
0.14200001 725622.61602988 20233.98760234
0.14300001 716933.60496565 26325.80321606
0.14400001 708280.86688032 20026.64245570
0.14500001 699673.60597086 16855.13796293
0.14600001 691106.69573016 16762.79369571
0.14700001 682585.96178048 19699.43178634
0.14800001 674107.22975384 19586.18648455
0.14900001 665673.59287476 16475.42220097
0.15000001 657286.73358921 22331.31782735
0.15100001 648946.95455434 17755.18951438
0.15200001 640655.74546822 17643.66006275
0.15300001 632412.92086614 16069.61307752
0.15400001 624217.59118689 15964.36564798
0.15500001 616074.30238853 17299.36722748
0.15600001 607980.01517158 18613.30904293
0.15700001 599940.57379804 19906.02917812
0.15800001 591949.07396237 16941.58329642
0.15900001 584013.46438299 15417.95618745
0.16000001 576128.94468813 22261.62347355
0.16100001 568301.85667500 17952.65649981
0.16200001 560527.21060904 13704.89094634
0.16300001 552809.18952378 17678.83871555
0.16400001 545146.66603954 14841.61868359
0.16500001 537541.25856875 13384.77797027
0.16600001 529992.15892613 14603.93462871
0.16700001 522500.38301777 14483.71130110
0.16800001 515065.68283438 16973.99037926
0.16900001 507691.66914591 15535.36580941
0.17000001 500375.62689225 12834.63543583
0.17100001 493118.92803743 12722.46894414
0.17200001 485922.12392583 13870.64768247
0.17300001 478785.35920286 14995.55815839
0.17400001 471710.10534508 13620.62993509
0.17500001 464695.07433420 15948.33570435
0.17600001 457739.35253482 17014.17253728
0.17700001 450847.67427635 13241.39681890
0.17800001 444016.77532352 14306.22117664
0.17900001 437247.76231567 15347.39718219
0.18000001 430541.97085052 18702.74409717
0.18100001 423899.74808794 12729.71003639
0.18200001 417317.30249656 13746.43259359
0.18300001 410800.55729157 12471.90550854
0.18400001 404345.59284915 14586.76795112
0.18500001 397955.06539786 12213.24153404
0.18600001 391627.56296322 12083.66902610
0.18700001 385363.36296380 11953.97208390
0.18800001 379162.54913511 11824.18465343
0.18900001 373027.52234006 11694.41337789
0.19000001 366952.44846847 11564.50695989
0.19100001 360946.23033785 10395.25192491
0.19200001 355000.63966676 15415.90350595
0.19300001 349121.47692004 10159.43545843
0.19400001 343305.44585020 13054.19019532
0.19500001 337553.76005320 11908.89721743
0.19600001 331865.31638611 9806.62056263
0.19700001 326241.65172805 13565.12851991
0.19800001 320681.98539005 10529.59348790
0.19900001 315187.10215337 9455.61351147
0.20000001 309754.26888307 13074.72830748
0.20100001 304386.94539774 10145.21736959
0.20200001 299082.31351209 10928.46825225
0.20300001 293842.00697140 13487.34875746
0.20400001 288665.29358173 9764.10401691
0.20500001 283551.07896648 14018.76600673
0.20600001 278500.72833285 10376.93762818
0.20700001 273513.21590455 11947.05783544
0.20800001 268588.24220398 10104.29014935
0.20900001 263728.42966138 9138.19051974
0.21000001 258928.63636063 9014.60090104
0.21100001 254191.48263853 8891.61848303
0.21200001 249516.30047861 9566.45541260
0.21300001 244902.80689540 9433.65656759
0.21400001 240351.94581937 11627.02592870
0.21500001 235862.85280518 8406.15247140
0.21600001 231433.49965253 11299.74115477
0.21700001 227065.72188062 11137.57418482
0.21800001 222758.48638103 8049.37828596
0.21900001 218510.42275257 9374.09757931
0.22000001 214322.19677627 7815.25927497
0.22100001 210195.98224360 8399.43184761
0.22200001 206127.82145101 7584.47354892
0.22300001 202118.64098692 6791.18665828
0.22400001 198166.23385105 8025.73285048
0.22500001 194275.65363866 11196.10644863
0.22600001 190440.84126228 8429.86423711
0.22700001 186664.96383640 8299.12468462
0.22800001 182945.59501528 6912.59963455
0.22900001 179282.58440793 9277.87418187
0.23000001 175676.53623154 7304.63072196
0.23100001 172128.07054460 7188.06856589
0.23200001 168633.19837238 7072.47667422
0.23300001 165195.03230540 6378.18049896
0.23400001 161811.75851477 7985.41066038
0.23500001 158481.75609666 6171.27987428
0.23600001 155206.81858766 5517.60266176
0.23700001 151985.25078718 7053.63582266
0.23800001 148817.11220763 5335.09372499
0.23900001 145701.87140063 5769.79438037
0.24000001 142638.77156704 6703.30938686
0.24100001 139628.86929919 6589.08665390
0.24200001 136669.79666875 6476.09862148
0.24300001 133761.86359471 5385.25288306
0.24400001 130904.11972388 6253.94461564
0.24500001 128096.89568872 5199.45324196
0.24600001 125339.56371521 5108.21416086
0.24700001 122632.14718669 5018.10770027
0.24800001 119972.66511827 4929.07717956
0.24900001 117361.37808710 7921.89339564
0.25000001 114798.56339752 6051.03256295
0.25100001 112282.62702532 7215.28195399
0.25200001 109814.68599331 6251.20129591
0.25300001 107393.24769521 5319.18781000
0.25400001 105017.08478939 4016.90368324
0.25500001 102686.70104488 4337.48645735
0.25600001 100401.80196379 4644.58757859
0.25700001 98161.17616477  4558.60523677
0.25800001 95964.61452164  3728.22545056
0.25900001 93812.05523275  4024.53735990
0.26000001 91703.16918096  3949.19716764
0.26100001 89634.74784578  5988.49778693
0.26200001 87611.29627982  3801.89238196
0.26300001 85628.01866641  3390.86969964
0.26400001 83685.90981892  4657.12110179
0.26500001 81785.31296161  3263.23414158
0.26600001 79924.21244195  5121.54377563
0.26700001 78103.92563964  3139.77795929
0.26800001 76322.82884623  4311.47680555
0.26900001 74579.93419502  4228.68246897
0.27000001 72876.14692259  3258.65706385
0.27100001 71210.03333322  3486.44339698
0.27200001 69581.67730627  5128.86567696
0.27300001 67989.79355967  3073.81871230
0.27400001 66433.18615191  3562.47977599
0.27500001 64914.86255733  4568.70824300
0.27600001 63430.12381538  2899.07394618
0.27700001 61981.93952681  3360.04110077
0.27800001 60567.46126149  2788.22321113
0.27900001 59187.49708851  2983.04999444
0.28000001 57840.88584037  3656.99018034
0.28100001 56527.28827508  2869.32528865
0.28200001 55246.94670137  2579.75629832
0.28300001 53998.74700850  2530.38140458
0.28400001 52782.44607752  2256.44967661
0.28500001 51597.59239076  3098.95154567
0.28600001 50443.03448823  3691.67365376
0.28700001 49319.47132022  2556.72151426
0.28800001 48225.08409942  3553.94774093
0.28900001 47161.86833723  2256.69550675
0.29000001 46126.14378635  2214.74689873
0.29100001 45120.45247014  2766.78627643
0.29200001 44142.34105219  2910.08397162
0.29300001 43191.86431078  3428.57035128
0.29400001 42268.78874170  2057.43338939
0.29500001 41373.51412481  2020.68252551
0.29600001 40503.77980960  2345.77651872
0.29700001 39659.84952658  3013.75210819
0.29800001 38842.21513332  2090.48811744
0.29900001 38049.67034114  3424.47049281
0.30000001 37281.79890353  1851.60063020
0.30100001 36539.26909176  1986.27476186
0.30200001 35819.46546480  2930.39060840
0.30300001 35123.72886490  2242.29895689
0.30400001 34451.82174173  1733.78801123
0.30500001 33801.57584591  1861.79088573
0.30600001 33173.95721459  1833.19296247
0.30700001 32568.84120600  2257.02080243
0.30800001 31985.06843471  1927.26038978
0.30900001 31422.46439582  2630.06039445
0.31000001 30881.44325681  1728.74327536
0.31100001 30359.30613227  1562.89715368
0.31200001 29858.30468740  1962.58646002
0.31300001 29376.44890913  1383.63080913
0.31400001 28915.35734033  2049.37604853
0.31500001 28472.16314548  1349.58059699
0.31600002 28047.64160381  1600.39850569
0.31700002 27641.03281357  1582.17279316
0.31800002 27252.70214226  1956.06278888
0.31900002 26882.22689488  1290.34695205
0.32000002 26528.47060036  1660.54969586
0.32100002 26192.01334225  1518.08916520
0.32200002 25872.15000474  1504.20687250
0.32300002 25567.74851749  1366.85190047
0.32400002 25279.56576709  1355.61677845
0.32500002 25006.32129568  1467.37100311
0.32600002 24748.99897223  1820.90768561
0.32700002 24506.05628131  1687.97723659
0.32800002 24278.54207335  1198.14610806
0.32900002 24063.89930205  1191.16307186
0.33000002 23864.85733531  1303.37924509
0.33100002 23677.03070878  1414.93942216
0.33200002 23504.87948819  1291.47566464
0.33300002 23344.35250612  1637.37296232
0.33400002 23197.46953533  1282.24018929
0.33500002 23062.16289541  1511.03298446
0.33600002 22939.18216334  1391.49085592
0.33700002 22827.16327352  1273.07095605
0.33800002 22728.08304253  1271.29538519
0.33900002 22639.00969045  1270.04850378
0.34000002 22561.53080596  1500.22906199
0.34100002 22494.48000890  1269.36356702
0.34200002 22438.86433292  1269.92758706
0.34300002 22391.88454064  1848.67407523
0.34400002 22355.75127893  1156.91018348
0.34500002 22328.82477720  1274.75266690
0.34600002 22312.40028241  1161.36048970
0.34700002 22302.95617173  1164.21436730
0.34800002 22303.86437448  1634.65029742
0.34900002 22313.05316462  1171.43534662
0.35000002 22330.67070804  1528.42282900
0.35100002 22356.46526008  1298.46356380
0.35200002 22389.32660584  1185.51489993
0.35300002 22430.35704475  1310.15721704
0.35400002 22479.06258747  1436.41216737
0.35500002 22534.74994991  2045.70469735
0.35600002 22596.85362632  1452.07388280
0.35700002 22665.95263440  1825.74257118
0.35800002 22742.02941125  1592.05584434
0.35900002 22824.02759279  1602.24681291
0.36000002 22912.65013603  1364.79207000
0.36100002 23006.46720831  1499.10147430
0.36200002 23107.07931617  1509.81663403
0.36300002 23211.37019873  1520.80904746
0.36400002 23321.75463633  1532.23935218
0.36500002 23436.63162743  1544.00536475
0.36600002 23557.02425934  1685.85852098
0.36700002 23681.70307200  1568.67608579
0.36800002 23812.15155020  1713.40344596
0.36900002 23945.88282935  1860.59518398
0.37000002 24082.90314360  2144.34179748
0.37100002 24224.25131333  1351.71328731
0.37200002 24369.91091817  1499.84623851
0.37300002 24518.46853560  1375.48615000
0.37400002 24671.40932239  1665.32020815
0.37500002 24826.50225233  1400.21479336
0.37600002 24985.77378843  1836.82924707
0.37700002 25146.58339448  1425.81134601
0.37800002 25311.23807338  2158.41592896
0.37900002 25478.19387413  1887.93425551
0.38000002 25647.62312306  2052.06642329
0.38100002 25818.82185778  1479.41856254
0.38200002 25992.47216703  1642.59435641
0.38300002 26167.73832623  1959.44033869
0.38400002 26345.67540398  1977.90167466
0.38500002 26524.06975057  1842.89245358
0.38600002 26705.17075898  1860.28228320
0.38700002 26886.66595918  1721.28443625
0.38800002 27069.43045486  1737.45147606
0.38900002 27253.50913638  2232.06250401
0.39000002 27439.20618474  2735.82618226
0.39100002 27624.90688652  1949.21352226
0.39200002 27811.94119525  2787.17381893
0.39300002 27999.21715400  2316.65533708
0.39400002 28187.80563450  2171.16583186
0.39500002 28375.76882627  2191.17697258
0.39600002 28564.09363663  2041.19022798
0.39700002 28752.27145644  2231.46389346
0.39800002 28941.62036224  2251.80287897
0.39900002 29129.84231751  2097.34874623
0.40000002 29317.92304089  2292.51510080
0.40100002 29505.63152506  2135.02759831
0.40200002 29694.02576949  1974.50433709
0.40300002 29880.84214071  2716.16867928
0.40400002 30067.06293954  2374.54640816
0.40500002 30252.81394620  2763.59468493
0.40600002 30437.90031139  2044.05729226
0.40700002 30622.07277224  2061.47803670
0.40800002 30805.36708139  2078.90029599
0.40900002 30986.93055166  2477.40521499
0.41000002 31168.17991538  1921.51838283
0.41100002 31347.86162876  3099.67670472
0.41200002 31525.58916081  3124.81654568
0.41300002 31702.46063523  1968.72289873
0.41400002 31877.74184559  2778.14533348
0.41500002 32051.91904617  2000.03984325
0.41600002 32223.31126332  2821.79550104
0.41700002 32393.77258327  2843.52549210
0.41800002 32563.31017657  2660.58538405
0.41900002 32729.03883576  2268.12249879
0.42000002 32893.69946810  2284.96094182
0.42100002 33056.93561051  2720.25536029
0.42200002 33217.88254306  3372.27959557
0.42300002 33376.37338983  2547.28493782
0.42400002 33532.65577897  2351.47759793
0.42500002 33687.16699203  3659.43712375
0.42600002 33838.09750617  2167.33024797
0.42700002 33987.99233230  3273.04381670
0.42800002 34134.99771617  2196.58720712
0.42900002 34280.16422376  2874.39190637
0.43000002 34422.78638046  2893.06321844
0.43100002 34561.50582671  2239.58568370
0.43200002 34698.57841946  2253.67277514
0.43300002 34832.62343252  2494.36428221
0.43400002 34964.47622031  4334.72114483
0.43500002 35093.12988611  3213.12712464
0.43600002 35219.99171821  2770.40467984
0.43700002 35343.16037012  2322.04574636
0.43800002 35462.67457717  2568.73895473
0.43900002 35580.63724116  3522.48325380
0.44000002 35694.82113864  2597.33378324
0.44100002 35806.81901644  2611.39143462
0.44200002 35915.54168068  2625.24664356
0.44300002 36021.53504931  2878.84121757
0.44400002 36123.92624844  2893.52662963
0.44500002 36222.59434141  2665.62084391
0.44600002 36318.96364786  2922.22395359
0.44700002 36412.51252738  3180.99724514
0.44800002 36501.82263386  2950.07744508
0.44900002 36589.31703840  2963.73482057
0.45000002 36673.39488779  5210.00609165
0.45100002 36753.00806261  2741.03947121
0.45200002 36830.42652654  2752.89036119
0.45300002 36904.03915877  2764.48170440
0.45400002 36975.00250110  3028.25284836
0.45500002 37042.55569148  3040.45311525
0.45600002 37106.58934873  2798.02250245
0.45700002 37167.34811204  2808.73662994
0.45800002 37224.23262953  2819.17739181
0.45900002 37278.10266341  3343.84596739
0.46000002 37329.48921913  3613.86802258
0.46100002 37376.18117743  3885.25421753
0.46200002 37420.52182818  3118.62643697
0.46300002 37460.99078843  3128.74209894
0.46400002 37497.79031975  3138.56519852
0.46500002 37532.10586423  2885.84375668
0.46600002 37562.30594486  3946.85948422
0.46700002 37589.14996634  2902.63429797
0.46800002 37613.34865007  3704.53888413
0.46900002 37633.38737076  3183.78472247
0.47000002 37649.85218632  3191.95461964
0.47100002 37663.43535582  3733.19988941
0.47200002 37673.40922086  2940.22136200
0.47300002 37680.70041114  2947.00771884
0.47400002 37683.22046295  3221.91550229
0.47500002 37683.56757495  2690.60685238
0.47600002 37680.80213716  4044.09228105
0.47700002 37673.61101470  3241.43764534
0.47800002 37663.34249427  2706.11128648
0.47900002 37650.40146928  4337.32645484
0.48000002 37633.31473724  3801.34130179
0.48100002 37614.35203862  3263.42133755
0.48200002 37590.06522624  3540.42046115
0.48300002 37563.16537739  4090.62890349
0.48400002 37533.23474610  3549.70584437
0.48500002 37500.18408720  2733.76354954
0.48600002 37464.35359147  2736.77115958
0.48700002 37424.85403122  4383.19911190
0.48800002 37381.30288236  4387.06991422
0.48900002 37335.63992699  2744.16966471
0.49000002 37286.38038066  3295.37045425
0.49100002 37234.45849351  3572.27411720
0.49200002 37178.60726888  3024.29395164
0.49300002 37120.06496689  3025.65663887
0.49400002 37058.58823603  3577.08039904
0.49500002 36993.18728662  4403.66922334
0.49600002 36926.08848394  3303.40803236
0.49700002 36854.92764863  3578.98219361
0.49800002 36781.17820495  4404.91411063
0.49900002 36704.39353167  3303.39557444
0.50000002 36624.54826930  3027.56842620
