# SAXS profile: number of points = 501, q_min = 0, q_max = 0.5, delta_q = 0.001
#    q    intensity    error
0.00000000 1664650.74656090 349.57665678
0.00100000 1664582.02849677 649.18700653
0.00200000 1664375.82482454 823.86605938
0.00300000 1664032.29469122 1098.26135362
0.00400000 1663551.31290720 1871.49529813
0.00500000 1662933.35292635 1496.64007687
0.00600000 1662178.12486626 1919.81581238
0.00700000 1661286.27615421 2192.89797566
0.00800000 1660257.29000570 2465.48217975
0.00900000 1659092.49838171 2737.50273935
0.01000000 1657791.07642590 3008.89093364
0.01100000 1656354.27035968 3875.86916139
0.01200000 1654781.51626577 5485.60096693
0.01300000 1653074.20724000 4165.74718597
0.01400000 1651231.64748813 3715.27137155
0.01500000 1649255.52819418 4354.03478831
0.01600000 1647144.80127530 4620.24137412
0.01700000 1644901.48498895 4441.23420870
0.01800000 1642525.28000219 4681.19725865
0.01900000 1640016.73770227 5904.06052213
0.02000000 1637376.66458669 5157.73672676
0.02100000 1634606.55468176 7012.46243752
0.02200000 1631704.67490181 6755.25766100
0.02300000 1628674.01263311 6449.54938360
0.02400000 1625514.27905019 6095.67882439
0.02500000 1622226.86262908 7592.02206384
0.02600000 1618812.10218109 9178.66503918
0.02700000 1615270.71636850 8140.96478336
0.02800000 1611602.93600966 7711.52040245
0.02900000 1607811.15706465 7235.15053899
0.03000000 1603895.63933010 8203.92657227
0.03100000 1599856.71301632 10751.03760616
0.03200000 1595695.35800607 12637.90781749
0.03300000 1591414.50311125 8116.21434003
0.03400000 1587011.96798960 9164.99453802
0.03500000 1582491.15592667 11109.08842760
0.03600000 1577851.88514101 12259.90971412
0.03700000 1573095.84607913 12553.30543227
0.03800000 1568224.50451808 14678.58204161
0.03900000 1563238.95262153 15007.09464015
0.04000000 1558138.21618278 9582.55047357
0.04100000 1552926.26350844 11740.12309647
0.04200000 1547603.38226486 10980.24650657
0.04300000 1542169.59257481 11196.15176180
0.04400000 1536628.83778745 13483.91867780
0.04500000 1530980.33439881 16902.02367711
0.04600000 1525224.69105279 10752.83457179
0.04700000 1519365.03002035 14221.25734239
0.04800000 1513401.57201975 20022.30372942
0.04900000 1507337.05719084 15827.03983721
0.05000000 1501170.98359197 13780.75027109
0.05100000 1494906.67191223 13992.32710092
0.05200000 1488542.32526645 17750.86805602
0.05300000 1482083.68636773 16806.82978691
0.05400000 1475528.76920290 14607.73549632
0.05500000 1468881.62368304 13572.46683598
0.05600000 1462140.73288648 13751.43423450
0.05700000 1455310.99127728 16459.56807965
0.05800000 1448391.23289953 16663.74191258
0.05900000 1441383.50363291 14269.69735244
0.06000000 1434290.46988208 14436.13425380
0.06100000 1427113.40721662 15926.58636881
0.06200000 1419853.21746223 20126.42029831
0.06300000 1412512.64938797 16272.14648176
0.06400000 1405090.20787612 17809.51921772
0.06500000 1397591.75897855 17987.00677945
0.06600000 1390015.46558731 16763.58729933
0.06700000 1382364.24657967 18330.15076748
0.06800000 1374640.96546937 18495.79505616
0.06900000 1366846.63702576 17222.26843285
0.07000000 1358980.53411613 21709.71504914
0.07100000 1351047.50682423 18968.70788426
0.07200000 1343046.54892497 16176.99643964
0.07300000 1334982.48447535 20745.62878080
0.07400000 1326854.73650779 17912.53978231
0.07500000 1318665.38181113 18039.34326873
0.07600000 1310414.88617656 24216.46823183
0.07700000 1302108.66970365 15234.67214986
0.07800000 1293744.67026844 15330.87506164
0.07900000 1285325.02655243 20051.07135469
0.08000000 1276854.14611993 18616.53432375
0.08100000 1268331.61769548 15600.47962960
0.08200000 1259758.95638116 15683.99974292
0.08300000 1251138.43219179 17340.77948402
0.08400000 1242471.27561777 15841.50950771
0.08500000 1233761.31226866 19098.62601051
0.08600000 1225007.45290520 28775.42641979
0.08700000 1216213.72940798 22475.63077486
0.08800000 1207378.35765978 17730.35201492
0.08900000 1198507.83018520 17797.84211421
0.09000000 1189600.31863589 17861.84962339
0.09100000 1180659.12733543 22810.33541178
0.09200000 1171684.75419030 21248.50401564
0.09300000 1162680.99383570 24590.70417520
0.09400000 1153645.84749179 16439.45409937
0.09500000 1144583.89112513 29667.61585242
0.09600000 1135495.99241036 23130.05445269
0.09700000 1126385.36362253 23181.01187316
0.09800000 1117252.76707272 21568.56568244
0.09900000 1108099.58635688 21607.94295002
0.10000000 1098926.16138706 16648.73212796
0.10100000 1089734.95684129 20007.53474860
0.10200000 1080528.30747840 26710.66101724
0.10300000 1071307.36256459 20054.87477061
0.10400000 1062074.60792934 23418.74620658
0.10500000 1052832.48740859 18414.04107115
0.10600001 1043577.58721888 21774.24738188
0.10700001 1034317.70960311 20107.13722088
0.10800001 1025049.87113781 16759.56618184
0.10900001 1015778.55049012 21788.45093350
0.11000001 1006503.33442570 20109.93756839
0.11100001 997227.04464746 23454.78119420
0.11200001 987951.73244398 18420.36091860
0.11300001 978676.20789767 20082.43673156
0.11400001 969405.07038378 18394.46207662
0.11500001 960138.46193911 20047.69202929
0.11600001 950877.64429369 16687.90344321
0.11700001 941625.11710134 18333.44189338
0.11800001 932379.67820052 23300.16925563
0.11900001 923145.52719621 18278.28229942
0.12000001 913922.49575629 28199.07993488
0.12100001 904714.14894682 18211.89667623
0.12200001 895519.06768269 18174.56033485
0.12300001 886340.56746479 16485.93533157
0.12400001 877178.66348034 26315.36114432
0.12500001 868035.46199889 24608.80650725
0.12600001 858913.53029365 19634.76422777
0.12700001 849812.24402204 21211.31461040
0.12800001 840732.69544093 21148.63195054
0.12900001 831677.38685756 21083.02275053
0.13000001 822647.05298769 22631.02149440
0.13100001 813641.86022946 19332.13151032
0.13200001 804665.49512771 17658.38512300
0.13300001 795718.29968907 19192.72629330
0.13400001 786799.49631030 17525.95960658
0.13500001 777912.73706522 17456.36264278
0.13600001 769057.03321083 18964.94733319
0.13700001 760235.30510401 20457.93302501
0.13800001 751446.35524199 17234.42297018
0.13900001 742695.35312330 20275.58409643
0.14000001 733979.15811511 17076.02591886
0.14100001 725300.82354294 16993.79909709
0.14200001 716660.13578188 16909.59670132
0.14300001 708061.23456653 21411.77274323
0.14400001 699498.86249639 15214.10097694
0.14500001 690981.46591129 18158.99378075
0.14600001 682504.12209615 22573.82490324
0.14700001 674072.72634510 16460.85675391
0.14800001 665683.32254805 16365.82525696
0.14900001 657338.62821501 20706.16776571
0.15000001 649040.27327250 14700.76288325
0.15100001 640788.64307362 20453.97445203
0.15200001 632585.54976733 15969.62295744
0.15300001 624430.48477128 14424.34487889
0.15400001 616322.54775117 18628.34988487
0.15500001 608266.24080320 14233.43070651
0.15600001 600258.46878094 18376.91388903
0.15700001 592305.62662597 15441.40841492
0.15800001 584400.03910167 16725.52990851
0.15900001 576550.07094966 16604.64282710
0.16000001 568750.80136850 19229.46550195
0.16100001 561008.71232165 16359.01482351
0.16200001 553318.60886422 22998.68906312
0.16300001 545684.71955286 13423.84473471
0.16400001 538106.06125540 19977.18846722
0.16500001 530583.74927592 15853.84317685
0.16600001 523117.80643624 17035.33217089
0.16700001 515708.51274918 14295.44064836
0.16800001 508355.81791604 14175.50265191
0.16900001 501063.41407776 21721.10002590
0.17000001 493828.46165270 13933.37070346
0.17100001 486652.44051131 15066.76026970
0.17200001 479536.21739742 13688.36197201
0.17300001 472479.38606073 13564.88381440
0.17400001 465483.34905817 17106.51388576
0.17500001 458547.19601062 20579.59912888
0.17600001 451669.90817514 19186.93860546
0.17700001 444856.23213367 15440.96054665
0.17800001 438102.87071008 14115.67516099
0.17900001 431411.00735998 12812.90752379
0.18000001 424781.60449254 14992.66743874
0.18100001 418215.29178803 13700.73360615
0.18200001 411708.59658335 19212.38256711
0.18300001 405266.71488214 13422.43423096
0.18400001 398886.30629358 14389.82417933
0.18500001 392569.51370542 16429.03492471
0.18600001 386315.56183288 11919.76722348
0.18700001 380124.22399581 15007.30507237
0.18800001 373995.86545293 11663.06161518
0.18900001 367932.68095983 15729.12285419
0.19000001 361928.97132604 11406.19207027
0.19100001 355993.67466940 13328.40380939
0.19200001 350118.17724435 14190.29039422
0.19300001 344308.69115349 12023.26006321
0.19400001 338561.70375441 12873.80939360
0.19500001 332878.66128009 12722.62303533
0.19600001 327258.29496008 13538.67630229
0.19700001 321702.18831444 11465.46653336
0.19800001 316209.43608439 9438.85211319
0.19900001 310780.93986187 13985.14295472
0.20000001 305413.94871032 10129.05408769
0.20100001 300111.87434009 12730.74631119
0.20200001 294871.72557676 11672.49780864
0.20300001 289695.63441333 10637.62419844
0.20400001 284582.38543816 12251.27227218
0.20500001 279531.12333117 10365.01454304
0.20600001 274543.13670845 8524.56479774
0.20700001 269617.38624231 13459.30055743
0.20800001 264753.88607924 9960.04166511
0.20900001 259954.62231966 9007.42808917
0.21000001 255214.97213760 8077.55425000
0.21100001 250537.15574335 8763.79012220
0.21200001 245920.91608211 9428.60836832
0.21300001 241365.81126414 8522.62719865
0.21400001 236872.72773373 8403.06041362
0.21500001 232440.91509079 8284.19460549
0.21600001 228068.04306948 8908.33818347
0.21700001 223756.25319776 8048.51280805
0.21800001 219504.47778865 12258.22814168
0.21900001 215311.35251042 9947.38495631
0.22000001 211177.39596203 11900.90271214
0.22100001 207104.75686322 7586.24760260
0.22200001 203089.74086493 7472.68736847
0.22300001 199132.90640264 8698.12576296
0.22400001 195232.67909401 7248.01355410
0.22500001 191393.45262761 9083.53369124
0.22600001 187609.49561467 8943.34507887
0.22700001 183883.96682125 6288.83196268
0.22800001 180214.10378276 8666.49666075
0.22900001 176600.13674309 9139.05750865
0.23000001 173042.57896111 5995.92564456
0.23100001 169541.98145308 8260.08572704
0.23200001 166094.56082743 6385.50569300
0.23300001 162703.12079664 7424.14375307
0.23400001 159366.05604900 5617.65374142
0.23500001 156081.69730641 6630.35081517
0.23600001 152851.82152631 8694.21201963
0.23700001 149674.88986613 6946.41196724
0.23800001 146550.58800161 6304.60659403
0.23900001 143478.81714142 6198.28519369
0.24000001 140458.40226766 7108.60007501
0.24100001 137490.88954499 4990.91952656
0.24200001 134573.51548250 4905.20487136
0.24300001 131706.78583845 5302.51544868
0.24400001 128889.59930670 6157.70089816
0.24500001 126122.47431771 5584.70342697
0.24600001 123404.81867424 5486.57849780
0.24700001 120736.28283719 5389.66792082
0.24800001 118115.17652731 6176.24287279
0.24900001 115541.97656966 6499.23648951
0.25000001 113016.44698075 4680.57637314
0.25100001 110537.39759387 4596.14520939
0.25200001 108105.65530488 4923.13177550
0.25300001 105720.11677531 5236.31763161
0.25400001 103379.29740240 4745.10997527
0.25500001 101083.58971289 5046.09303721
0.25600001 98832.74632705  5334.00357164
0.25700001 96625.93605219  4861.25107279
0.25800001 94462.48126828  5504.80135636
0.25900001 92342.64611106  4681.77237935
0.26000001 90265.95396547  4594.08594444
0.26100001 88229.32144916  3467.41249702
0.26200001 86236.94625991  3742.25246002
0.26300001 84284.26759839  5006.48573224
0.26400001 82372.28590806  3601.72837176
0.26500001 80501.52338815  3533.21202869
0.26600001 78669.54552258  3465.78699200
0.26700001 76878.06691753  3399.54827996
0.26800001 75125.12467296  3637.55870880
0.26900001 73409.97445406  3567.72492730
0.27000001 71733.47191185  2915.96577121
0.27100001 70094.01668584  4003.77042256
0.27200001 68492.14276997  4207.13006874
0.27300001 66925.99471372  3850.92191807
0.27400001 65394.91380659  4316.06451549
0.27500001 63901.54019642  2910.07627827
0.27600001 62441.13893582  3372.75827924
0.27700001 61017.16558612  3307.74070297
0.27800001 59626.20005531  3243.96356754
0.27900001 58269.53443328  3670.98084304
0.28000001 56945.61222717  2880.30920277
0.28100001 55654.30838992  3766.68377010
0.28200001 54395.74020042  2770.91913696
0.28300001 53169.00275671  2264.99962464
0.28400001 51973.64675724  2888.43555525
0.28500001 50809.45981659  2833.64370809
0.28600001 49675.15021030  2138.51531777
0.28700001 48571.20639821  2308.10383729
0.28800001 47496.18357933  2676.64755231
0.28900001 46451.80430734  2626.84965792
0.29000001 45434.73981155  1983.22648665
0.29100001 44447.12858314  2141.46275650
0.29200001 43486.75331639  2293.49147847
0.29300001 42553.72269506  2064.28118565
0.29400001 41647.54311331  2580.06541800
0.29500001 40768.98053101  2172.17138552
0.29600001 39915.36950863  2667.34469368
0.29700001 39087.24512271  2271.35992160
0.29800001 38285.05048818  1888.79305525
0.29900001 37507.66848414  2025.41419402
0.30000001 36754.50018011  1991.35891403
0.30100001 36026.26260764  1958.38772806
0.30200001 35320.38360907  1765.84266213
0.30300001 34638.44308993  2211.31831155
0.30400001 33979.83784130  1865.49318580
0.30500001 33342.49100243  1989.54653230
0.30600001 32727.65248653  1959.24100886
0.30700001 32134.74627913  1484.62534838
0.30800001 31562.98730924  1755.53343725
0.30900001 31011.96933826  2163.08496375
0.31000001 30482.26627982  1564.19756821
0.31100001 29971.15044000  1823.44487910
0.31200001 29480.89082936  1799.36625696
0.31300001 29009.30426164  1639.60595450
0.31400001 28558.27982625  2159.00605709
0.31500001 28124.87072250  1333.11893537
0.31600002 27709.81472260  1449.36192769
0.31700002 27312.26827324  1563.35430998
0.31800002 26932.82576765  1675.35650620
0.31900002 26570.90477307  1402.94383845
0.32000002 26225.42070691  1515.30488019
0.32100002 25896.96880563  2126.40020932
0.32200002 25584.88056208  1363.54627412
0.32300002 25287.90084443  1351.89124316
0.32400002 25006.92673932  1706.72283077
0.32500002 24740.67195431  1451.78269902
0.32600002 24489.94003133  1441.47793850
0.32700002 24253.48388097  1193.27146345
0.32800002 24032.07345132  1423.17945718
0.32900002 23823.34356136  1179.25556213
0.33000002 23629.89697864  1290.54688460
0.33100002 23447.56012476  1517.99511436
0.33200002 23280.54451528  1511.72222969
0.33300002 23125.01222658  1158.56316742
0.33400002 22982.69240874  1385.85641788
0.33500002 22851.94707085  1497.25964299
0.33600002 22733.20649855  1608.82910009
0.33700002 22625.27713902  1605.94224738
0.33800002 22530.02078974  1260.21677255
0.33900002 22444.48947434  1373.60282088
0.34000002 22370.46985537  1601.94942221
0.34100002 22306.61452936  1373.19525546
0.34200002 22253.93998332  1373.95831964
0.34300002 22209.82236688  1260.62957725
0.34400002 22176.21745418  1377.14316913
0.34500002 22151.69967759  1379.60792126
0.34600002 22137.47724486  1382.70689420
0.34700002 22130.10455345  1617.26811736
0.34800002 22132.91642320  1158.65822963
0.34900002 22143.79293472  1395.05902096
0.35000002 22162.96483876  1400.25618483
0.35100002 22190.02779642  1523.12358009
0.35200002 22224.08797556  1529.79516825
0.35300002 22266.14370925  1300.56551566
0.35400002 22315.73369618  1307.14416316
0.35500002 22372.16424198  1553.07571524
0.35600002 22434.83261596  1441.66241218
0.35700002 22504.31871759  1450.17836685
0.35800002 22580.73206175  1459.16697494
0.35900002 22662.85740277  1346.17379349
0.36000002 22751.57058285  1478.39712650
0.36100002 22845.13997779  1488.58939146
0.36200002 22945.49529464  1624.19696136
0.36300002 23049.31346502  1258.49257480
0.36400002 23159.28746404  1394.76815359
0.36500002 23273.47697925  1533.25673602
0.36600002 23393.18755011  1545.35404276
0.36700002 23516.93067938  1427.94809849
0.36800002 23646.43391233  1570.59621485
0.36900002 23779.07710754  1715.66049458
0.37000002 23914.95598604  1463.95410003
0.37100002 24055.07996313  1476.50087808
0.37200002 24199.34812136  1760.13966899
0.37300002 24346.42226418  1775.58465984
0.37400002 24497.90340024  1791.40927100
0.37500002 24651.30618986  1529.36710847
0.37600002 24808.84451165  2244.70435775
0.37700002 24967.84576820  1698.81230654
0.37800002 25130.64719387  1714.41283278
0.37900002 25295.60500834  2018.58937529
0.38000002 25463.00230518  1455.21065068
0.38100002 25632.14564515  1615.59421655
0.38200002 25803.60638659  2223.62588570
0.38300002 25976.73886784  2094.76432154
0.38400002 26152.35681940  1812.35841344
0.38500002 26328.38648181  1981.73774437
0.38600002 26507.20427707  1846.49193742
0.38700002 26686.19414650  2019.07754478
0.38800002 26866.57510036  2037.96415079
0.38900002 27048.01018765  1740.53953803
0.39000002 27231.26086054  1916.53623016
0.39100002 27414.40767918  2095.55742228
0.39200002 27598.71793792  2277.72229933
0.39300002 27783.32575151  2134.59301862
0.39400002 27969.23976574  1988.61304156
0.39500002 28154.54540124  2675.80812171
0.39600002 28340.16177741  1856.42238518
0.39700002 28525.60496040  1873.27656650
0.39800002 28712.11945137  1890.26247364
0.39900002 28897.56900217  2600.78133342
0.40000002 29082.93791591  2624.00819779
0.40100002 29267.70046081  2294.29514783
0.40200002 29453.30509254  2136.54285264
0.40300002 29637.33337849  1975.62473662
0.40400002 29820.73285029  1811.60960649
0.40500002 30003.60245527  2375.38531893
0.40600002 30185.86083901  2395.70095900
0.40700002 30367.22247725  3345.25338660
0.40800002 30547.73566581  2623.74514065
0.40900002 30726.56192202  2078.65201251
0.41000002 30905.01420592  2476.88248089
0.41100002 31081.91715571  2112.94882836
0.41200002 31256.91800232  2130.00277819
0.41300002 31431.05657578  1951.86870584
0.41400002 31603.57467258  2950.98392488
0.41500002 31775.10840441  2181.04354422
0.41600002 31943.78196127  2797.31711889
0.41700002 32111.62417779  3221.43829016
0.41800002 32278.56463315  2637.32024832
0.41900002 32441.77461614  2043.83189766
0.42000002 32603.90055494  2882.51098465
0.42100002 32764.55309746  3318.39409495
0.42200002 32923.15485932  2506.76912977
0.42300002 33079.14388861  2524.60038121
0.42400002 33233.02206053  2754.18683378
0.42500002 33385.27435979  2559.98295922
0.42600002 33533.96622715  2792.20583022
0.42700002 33681.62839485  3676.01309721
0.42800002 33826.41116926  2176.72966189
0.42900002 33969.38872189  2191.02567639
0.43000002 34109.93595070  2205.20746371
0.43100002 34246.62226263  2219.18122778
0.43200002 34381.78597058  2456.40681507
0.43300002 34513.94766586  2471.54390947
0.43400002 34643.87298532  3842.87179300
0.43500002 34770.85684282  2728.81697434
0.43600002 34895.92446270  2973.65634401
0.43700002 35017.35138500  3220.89613303
0.43800002 35135.42454255  3239.13494208
0.43900002 35251.70251021  3024.59621871
0.44000002 35364.47130941  2807.23186557
0.44100002 35475.07042025  3057.59646442
0.44200002 35582.45791918  2364.45444078
0.44300002 35687.28375502  3327.48249501
0.44400002 35788.52496532  3822.21464743
0.44500002 35886.01810594  2880.92967007
0.44600002 35981.39528840  3136.31846895
0.44700002 36073.87276110  2908.99723732
0.44800002 36162.40102585  2679.09160697
0.44900002 36249.14488632  3180.86261452
0.45000002 36332.41332064  2949.46545315
0.45100002 36411.48036389  2962.43818280
0.45200002 36488.33089923  3471.13508295
0.45300002 36561.43586666  2738.81729057
0.45400002 36632.01533899  3000.16219845
0.45500002 36699.29815233  3012.27853511
0.45600002 36762.98994524  3780.15462027
0.45700002 36823.67410695  2782.76518415
0.45800002 36880.50985176  2793.14554600
0.45900002 36934.40997840  2803.32185022
0.46000002 36985.90999148  3069.09095655
0.46100002 37032.90110649  3592.93223564
0.46200002 37077.42284787  3090.03256659
0.46300002 37118.33061684  2841.77952671
0.46400002 37155.56109336  2591.60050909
0.46500002 37190.41441139  3639.45412679
0.46600002 37221.31220136  3650.29426060
0.46700002 37248.84122712  4968.25067835
0.46800002 37273.83336667  3146.65716195
0.46900002 37294.76829858  4469.77819244
0.47000002 37312.26408688  3163.33389922
0.47100002 37326.96852540  3699.84929560
0.47200002 37338.16855347  2914.05750287
0.47300002 37346.58563136  2655.34236425
0.47400002 37350.55195063  2661.22695262
0.47500002 37352.28526872  3200.34395351
0.47600002 37351.06194345  2939.71546960
0.47700002 37345.49922229  4016.50863173
0.47800002 37336.94580493  3219.19161989
0.47900002 37325.79922974  3762.44074069
0.48000002 37310.59301515  2961.15535500
0.48100002 37293.60676725  2696.32789707
0.48200002 37271.42817985  2970.34660959
0.48300002 37246.63070278  3785.74772407
0.48400002 37218.94045470  2978.44585106
0.48500002 37188.16438000  2982.11904298
0.48600002 37154.73710351  4342.64587850
0.48700002 37117.72273898  3803.82440659
0.48800002 37076.76214005  2991.53869507
0.48900002 37033.68627633  3538.56889143
0.49000002 36987.20589642  3541.34019642
0.49100002 36938.10484852  3816.44517385
0.49200002 36885.18083780  3818.72295315
0.49300002 36829.55033780  2729.06980939
0.49400002 36771.12329310  3276.30724072
0.49500002 36708.87328439  4096.71045273
0.49600002 36645.01274805  3278.26299584
0.49700002 36577.18723332  3552.01082060
0.49800002 36506.81963410  2732.53557914
0.49900002 36433.47733156  3552.26420821
0.50000002 36357.11410298  2732.23725435
