# SAXS profile: number of points = 501, q_min = 0, q_max = 0.5, delta_q = 0.001
#    q    intensity    error
0.00000000 1682732.95097188 277.65093691
0.00100000 1682663.65147636 605.75892892
0.00200000 1682455.70619427 832.81560094
0.00300000 1682109.26939657 1816.67807566
0.00400000 1681624.22538285 1639.58368205
0.00500000 1681001.04781628 1815.48120350
0.00600000 1680239.41633838 1764.25145898
0.00700000 1679340.03626401 2216.72894000
0.00800000 1678302.34727835 3171.99157028
0.00900000 1677127.71511656 3521.96835230
0.01000000 1675815.27663669 3318.11439102
0.01100000 1674366.30528247 3315.24542880
0.01200000 1672780.25131751 4240.49812301
0.01300000 1671058.47442410 4561.98983638
0.01400000 1669200.28523225 4882.41105075
0.01500000 1667207.44206997 6001.94705871
0.01600000 1665078.81544558 6368.92675379
0.01700000 1662816.48200333 5836.48611365
0.01800000 1660420.05737092 4732.19737644
0.01900000 1657890.23400347 4973.67092644
0.02000000 1655227.75417387 6778.15795996
0.02100000 1652434.09054164 7088.94256983
0.02200000 1649507.55479607 7398.04171937
0.02300000 1646451.08551010 5927.22417763
0.02400000 1643264.40881167 8627.13853964
0.02500000 1639949.05347235 8954.12224090
0.02600000 1636505.09270063 8616.19970716
0.02700000 1632933.54950675 7544.15334425
0.02800000 1629234.50502599 9213.32154844
0.02900000 1625410.24375334 8045.78107599
0.03000000 1621461.24337629 12063.67220523
0.03100000 1617387.73915454 9316.15380620
0.03200000 1613190.79882344 8783.82430416
0.03300000 1608873.21416165 8205.25377049
0.03400000 1604432.95153965 12634.91007635
0.03500000 1599873.26669468 9503.24764301
0.03600000 1595194.11044959 12394.65881100
0.03700000 1590397.14744757 11784.84340761
0.03800000 1585483.75298934 12057.60449950
0.03900000 1580455.25452502 11379.27835955
0.04000000 1575310.46214261 15501.05566579
0.04100000 1570053.52141450 13847.87270095
0.04200000 1564684.55979796 11101.43746679
0.04300000 1559203.67417903 16465.19156361
0.04400000 1553614.83227226 11535.59066536
0.04500000 1547917.31462154 14952.88195403
0.04600000 1542111.63739422 13046.26505884
0.04700000 1536200.93045514 13272.77665642
0.04800000 1530185.51565518 13496.23687603
0.04900000 1524068.10686652 14859.66473363
0.05000000 1517848.19104583 16256.15488309
0.05100000 1511529.01635459 14147.91225215
0.05200000 1505109.06647842 15555.30292695
0.05300000 1498593.59692915 16994.05218140
0.05400000 1491981.11988497 14770.61377567
0.05500000 1485275.43588541 12476.31424345
0.05600000 1478475.14600751 15169.15570589
0.05700000 1471585.14305523 12802.79134220
0.05800000 1464604.25675424 15554.09793299
0.05900000 1457534.37816560 17053.15302102
0.06000000 1450378.44725667 15925.15609488
0.06100000 1443137.72444579 18789.65405035
0.06200000 1435812.87222265 13568.43227674
0.06300000 1428406.90621189 15083.97763485
0.06400000 1420918.27829719 13853.95386130
0.06500000 1413352.69249298 15391.41154122
0.06600000 1405708.52644581 21191.05702767
0.06700000 1397988.67494201 17111.38218209
0.06800000 1390196.04261565 21582.79457188
0.06900000 1382331.53791666 18868.82637598
0.07000000 1374394.40789712 14637.30112955
0.07100000 1366389.75968128 22135.51514361
0.07200000 1358316.19105614 17848.27558661
0.07300000 1350179.10943213 16485.68769861
0.07400000 1341977.34472228 18116.69500277
0.07500000 1333713.47223705 19765.63458502
0.07600000 1325387.68054639 19900.69695636
0.07700000 1317005.43199043 21572.54998751
0.07800000 1308564.72303497 17057.14196468
0.07900000 1300067.82559587 20281.05903055
0.08000000 1291519.01014618 20399.54372222
0.08100000 1282917.97873793 17357.88106672
0.08200000 1274265.91291787 17451.07249631
0.08300000 1265565.78877754 19135.35562438
0.08400000 1256818.22729714 24036.64972531
0.08500000 1248027.05674232 17709.50476655
0.08600000 1239191.82975284 21022.89037881
0.08700000 1230315.69848508 19488.20157912
0.08800000 1221397.80786131 17936.22765080
0.08900000 1212443.87362796 19641.59167533
0.09000000 1203452.58212503 21355.26707298
0.09100000 1194427.07294806 18131.40381919
0.09200000 1185368.05838133 26457.41630622
0.09300000 1176278.86936280 24878.29925611
0.09400000 1167158.03493260 18295.20305740
0.09500000 1158009.72964962 23345.47724704
0.09600000 1148835.02304895 16715.55037112
0.09700000 1139637.33008498 23453.73735577
0.09800000 1130417.04976713 26858.71036530
0.09900000 1121175.86786590 21862.93045143
0.10000000 1111913.98477207 21899.14695994
0.10100000 1102634.02999455 20244.36174283
0.10200000 1093338.31230538 20270.49326359
0.10300000 1084027.78705151 18601.91770085
0.10400000 1074705.07348667 25389.90855559
0.10500000 1065372.64675596 25409.13882061
0.10600001 1056027.30976567 18644.16303119
0.10700001 1046676.39394409 23738.62173174
0.10800001 1037317.36335339 25440.20953350
0.10900001 1027954.48156733 18657.37471857
0.11000001 1018587.64966147 20351.38219817
0.11100001 1009219.34685228 28823.30590291
0.11200001 999851.51774218 32200.21964478
0.11300001 990483.51650739 18630.99582267
0.11400001 981119.50361187 18616.74345759
0.11500001 971759.94399165 21981.21096814
0.11600001 962405.94976015 18579.24773504
0.11700001 953060.21113854 18556.08318476
0.11800001 943721.08996197 18529.96447413
0.11900001 934393.35941305 21864.80564013
0.12000001 925076.31853931 20148.16316686
0.12100001 915774.18642297 23462.13576141
0.12200001 906484.82028649 31776.82687219
0.12300001 897212.06043805 21694.58864352
0.12400001 887955.71929699 23308.83872980
0.12500001 878718.05496918 18268.54922363
0.12600001 869501.63027554 18220.40752103
0.12700001 860305.72235868 24776.80597157
0.12800001 851131.36215552 18116.33189729
0.12900001 841981.34896653 16418.63707869
0.13000001 832856.38616122 19638.75451135
0.13100001 823756.43063701 17941.41590499
0.13200001 814685.28861464 17878.26950144
0.13300001 805643.36967531 21051.46224204
0.13400001 796629.80740809 19358.10523267
0.13500001 787648.27138812 17674.82804329
0.13600001 778697.90149202 20802.91541923
0.13700001 769781.65469939 20714.82530473
0.13800001 760898.11587114 23797.08969604
0.13900001 752052.63869554 18951.72738886
0.14000001 743242.09234973 15719.57099454
0.14100001 734469.56709099 20337.46327192
0.14200001 725734.67738453 21793.81338977
0.14300001 717041.89916128 23232.15862863
0.14400001 708385.57044014 16948.12557222
0.14500001 699774.42334044 18390.07271289
0.14600001 691203.57204537 15241.03948259
0.14700001 682678.69841102 15155.46781971
0.14800001 674196.08138213 21095.59638171
0.14900001 665758.27549730 16477.51809598
0.15000001 657367.18143136 16378.30409814
0.15100001 649022.85882360 20716.81063117
0.15200001 640727.39262104 20586.57209633
0.15300001 632480.15683177 17532.35077471
0.15400001 624280.28546449 21771.77598301
0.15500001 616132.29148708 18742.74519156
0.15600001 608033.38466150 20046.86163840
0.15700001 599989.30312312 15641.72187066
0.15800001 591992.77950758 16942.83414919
0.15900001 584052.18387048 16820.70368942
0.16000001 576162.81904200 15305.76601032
0.16100001 568330.83073646 22096.70374209
0.16200001 560551.13554028 17817.11868422
0.16300001 552828.00570375 21759.31133171
0.16400001 545160.44249965 18889.81022439
0.16500001 537549.63213497 17400.48241371
0.16600001 529995.29533464 19914.57416243
0.16700001 522498.38670515 15800.35195997
0.16800001 515058.06301166 13056.72251384
0.16900001 507678.68321869 14240.38773669
0.17000001 500357.26496511 16684.41378809
0.17100001 493094.97375334 13994.03601594
0.17200001 485892.88906347 20174.27370660
0.17300001 478750.70496808 12495.39398976
0.17400001 471669.72368096 14857.59699762
0.17500001 464649.11721869 13493.41100129
0.17600001 457687.71060759 13366.77021960
0.17700001 450790.39563574 16850.54578473
0.17800001 443954.08052595 11920.16762514
0.17900001 437179.46097542 15344.99980504
0.18000001 430467.93322671 18699.52790264
0.18100001 423819.87786853 11570.28321235
0.18200001 417231.89203762 11453.01597745
0.18300001 410709.54935380 15869.81773671
0.18400001 404248.70859777 12339.69241288
0.18500001 397852.35186011 12210.08925542
0.18600001 391519.23375750 10982.11502573
0.18700001 385249.45549165 10864.03515813
0.18800001 379042.84194479 11820.45158452
0.18900001 372902.18608747 11690.48408619
0.19000001 366821.50136185 11560.38016163
0.19100001 360809.67754446 11430.45112470
0.19200001 354858.74150745 14382.42547289
0.19300001 348973.75638882 15232.70518616
0.19400001 343152.09582721 12044.63913269
0.19500001 337394.93666353 9919.41160665
0.19600001 331701.08982031 11762.12120086
0.19700001 326071.81029157 10652.76654565
0.19800001 320506.81464624 9567.12886932
0.19900001 315006.61682138 16065.33821714
0.20000001 309568.37535682 12133.53304556
0.20100001 304195.80886505 12903.98682193
0.20200001 298885.82639739 10921.28861274
0.20300001 293640.37623396 10782.47512494
0.20400001 288458.47363872 12418.13787710
0.20500001 283339.17963413 9630.69917098
0.20600001 278283.73182966 10368.85233809
0.20700001 273291.30919087 14495.37172467
0.20800001 268361.48380625 10937.07278952
0.20900001 263496.83364433 9960.18078259
0.21000001 258692.29646406 14737.70082624
0.21100001 253950.30653358 12920.99220725
0.21200001 249270.52452301 8760.61299851
0.21300001 244652.52626597 7853.34646441
0.21400001 240097.23564949 9291.76345892
0.21500001 235603.91144262 9160.28050996
0.21600001 231169.95619291 9781.95715878
0.21700001 226797.99711478 10382.81279881
0.21800001 222486.59472534 8770.42197874
0.21900001 218234.51538827 10082.43508765
0.22000001 214042.34478307 9224.15528457
0.22100001 209912.17758183 8388.09101279
0.22200001 205840.30023211 7573.89420517
0.22300001 201827.45188909 8137.68324496
0.22400001 197871.63002915 7345.98461220
0.22500001 193977.42795102 8548.58565404
0.22600001 190139.47806459 7769.09944111
0.22700001 186360.24775281 7010.87285200
0.22800001 182637.69103588 8155.68647889
0.22900001 178971.59016690 9879.23224441
0.23000001 175362.62950791 8506.84155973
0.23100001 171811.26973752 7174.83896356
0.23200001 168313.81447372 7059.08171288
0.23300001 164873.04221308 6944.45286645
0.23400001 161487.24524294 9677.12362887
0.23500001 158154.93553355 6158.55348095
0.23600001 154877.74032261 6056.49432177
0.23700001 151654.12600459 5414.05255444
0.23800001 148484.02111497 5855.46764962
0.23900001 145366.93439879 5756.53087447
0.24000001 142302.08745644 5658.64277536
0.24100001 139290.54588195 6573.12117109
0.24200001 136330.02225549 6956.92136477
0.24300001 133420.78995432 7813.12182931
0.24400001 130561.75540106 5757.77368555
0.24500001 127753.51471707 6128.33639087
0.24600001 124995.15626750 6020.39198642
0.24700001 122287.00365325 5458.89210132
0.24800001 119626.73606554 4914.86468376
0.24900001 117015.03335785 7020.90233361
0.25000001 114451.74527104 4740.01925464
0.25100001 111935.54360373 4654.28012323
0.25200001 109467.41428932 5400.57513946
0.25300001 107046.02283747 4486.29902937
0.25400001 104670.11997513 5204.72196200
0.25500001 102339.85198086 4322.83555219
0.25600001 100055.34480916 6557.12733230
0.25700001 97815.35312806  4921.09064871
0.25800001 95619.36054933  4829.25603304
0.25900001 93467.71672171  4009.76523708
0.26000001 91359.75519160  4649.75496048
0.26100001 89292.43742436  4211.03154818
0.26200001 87270.22976225  5164.21609054
0.26300001 85288.28611049  4728.38280570
0.26400001 83347.60765100  3975.68107307
0.26500001 81448.75239915  3899.76644940
0.26600001 79589.40583779  3506.31144010
0.26700001 77771.11238094  3439.03875222
0.26800001 75992.01306743  3986.16123408
0.26900001 74251.30290546  3307.89570097
0.27000001 72549.78929571  3833.89379676
0.27100001 70886.10284282  4338.22969928
0.27200001 69260.38150502  3687.07658391
0.27300001 67671.10578963  2781.28257958
0.27400001 66117.44841604  3000.07936386
0.27500001 64602.11419066  3476.88595029
0.27600001 63120.42356573  3147.18446793
0.27700001 61675.50590194  3343.42933318
0.27800001 60264.33214399  3026.47490351
0.27900001 58887.91955315  2967.95128595
0.28000001 57544.92255678  3395.72604079
0.28100001 56235.08942242  2854.49327418
0.28200001 54958.51267271  3032.88566539
0.28300001 53714.37662620  2288.23255258
0.28400001 52502.03037271  3142.24666653
0.28500001 51321.60602657  2421.86670302
0.28600001 50171.27374265  2159.87343685
0.28700001 49052.10960249  2119.05123513
0.28800001 47962.33789183  2702.91767983
0.28900001 46903.77847138  2040.31446008
0.29000001 45872.88387109  2402.82177090
0.29100001 44871.99427555  2358.47213076
0.29200001 43898.92631960  2894.03685461
0.29300001 42953.67108244  2083.68268284
0.29400001 42035.70077157  2232.09581663
0.29500001 41145.76535837  2374.93368891
0.29600001 40281.37370846  1794.53528366
0.29700001 39442.96540620  2115.72076454
0.29800001 38630.88874765  1905.85498659
0.29900001 37844.12879618  2213.88163938
0.30000001 37081.98897534  2009.10225779
0.30100001 36345.29835824  1646.44209357
0.30200001 35631.35889813  1781.38987244
0.30300001 34941.72195942  2071.34537581
0.30400001 34276.00189819  2352.19074162
0.30500001 33631.85667410  2006.81298275
0.30600001 33010.64746845  2280.21058183
0.30700001 32411.85901996  1647.17075338
0.30800001 31834.48783536  1623.08143913
0.30900001 31278.39290847  1890.77894083
0.31000001 30743.87531662  1434.20185142
0.31100001 30228.40485771  1980.56518005
0.31200001 29734.09584993  1954.42221275
0.31300001 29258.98902266  1791.52798268
0.31400001 28804.72365237  1361.02325701
0.31500001 28368.34666894  1479.12566535
0.31600002 27950.81231259  1860.68566375
0.31700002 27551.13093156  1577.02680919
0.31800002 27169.83469178  1690.09964703
0.31900002 26806.37282214  1544.04714766
0.32000002 26459.71685996  1401.43896985
0.32100002 26130.44278747  1766.94062495
0.32200002 25817.75259421  1876.30525863
0.32300002 25520.54708719  1240.29864717
0.32400002 25239.61968895  1845.64727715
0.32500002 24973.69479154  1343.33510645
0.32600002 24723.56590660  1576.49825469
0.32700002 24488.07149639  2168.66371441
0.32800002 24267.91784062  1317.38398236
0.32900002 24060.64687416  1667.40290734
0.33000002 23868.95331701  1303.60294714
0.33100002 23688.52038388  1415.62604518
0.33200002 23523.78573911  1527.51709930
0.33300002 23370.69034699  1287.95880601
0.33400002 23231.07620504  1284.09779804
0.33500002 23103.30321067  1280.84719066
0.33600002 22987.65539646  1394.43124238
0.33700002 22883.17091468  1276.19450235
0.33800002 22791.42913728  1738.41633977
0.33900002 22709.78249983  1737.29844351
0.34000002 22639.65279349  1621.22561332
0.34100002 22580.05021138  1158.35663070
0.34200002 22531.78121731  1507.03825809
0.34300002 22492.14391022  1392.71361688
0.34400002 22463.40764218  1511.22582070
0.34500002 22443.67092809  1281.30923397
0.34600002 22434.50348202  1634.80234616
0.34700002 22432.35616633  1522.25976154
0.34800002 22440.56975607  1527.19304708
0.34900002 22456.88076475  1178.98629599
0.35000002 22481.67030633  1302.02599746
0.35100002 22514.57419313  1307.64653107
0.35200002 22554.47045488  1313.68519386
0.35300002 22602.53775342  1560.25325502
0.35400002 22658.25651537  1327.20743825
0.35500002 22720.81135809  1455.94966079
0.35600002 22789.83950865  1586.51475254
0.35700002 22865.76206672  1227.89148114
0.35800002 22948.69277591  1853.68074677
0.35900002 23037.31426333  1368.41653206
0.36000002 23132.65659672  1503.16009685
0.36100002 23233.09872203  1766.18024851
0.36200002 23340.17087284  1397.95960065
0.36300002 23450.91557356  1536.50406116
0.36400002 23567.79583931  1419.37057165
0.36500002 23688.97654099  2080.83979793
0.36600002 23815.65956076  1442.15733301
0.36700002 23946.50308642  1454.03173628
0.36800002 24083.11917507  2132.80113517
0.36900002 24222.87341384  1882.11735341
0.37000002 24365.87434658  1355.96097162
0.37100002 24513.12461631  1367.83241838
0.37200002 24664.55932694  1655.97859165
0.37300002 24818.83468140  1392.33669158
0.37400002 24977.53537228  1685.98371750
0.37500002 25138.12603683  2410.24363859
0.37600002 25302.78897581  2003.22189811
0.37700002 25469.02093697  1877.32162220
0.37800002 25638.90814133  1457.57199688
0.37900002 25810.99487742  2059.71748879
0.38000002 25985.53199396  2227.60983571
0.38100002 26161.73125977  1948.78745386
0.38200002 26340.28102790  1513.24921674
0.38300002 26520.43906428  1985.85057121
0.38400002 26702.98931217  1850.51724700
0.38500002 26886.04705869  1868.04263814
0.38600002 27071.63746791  2042.96121830
0.38700002 27257.50295228  1903.66409637
0.38800002 27444.62356555  1921.67263310
0.38900002 27632.78358448  2424.77687441
0.39000002 27822.64107432  1958.15757158
0.39100002 28012.33609437  1647.12544038
0.39200002 28203.21982669  1995.09586506
0.39300002 28394.15995902  2349.33290631
0.39400002 28586.46134069  2371.24708055
0.39500002 28777.95856216  2051.29298350
0.39600002 28969.77091264  1725.14993958
0.39700002 29161.24487151  1915.01904144
0.39800002 29353.85336930  2459.55949034
0.39900002 29545.23522428  1949.98561719
0.40000002 29736.24227027  2146.36206876
0.40100002 29926.78327166  1985.04362846
0.40200002 30118.00551946  2002.69687190
0.40300002 30307.38471882  2203.95312118
0.40400002 30496.26434091  2408.44259044
0.40500002 30684.33858191  2429.27920063
0.40600002 30871.82094394  2261.66970951
0.40700002 31058.12711550  2470.98471039
0.40800002 31243.46787958  1916.78684523
0.40900002 31427.07344484  2705.87115181
0.41000002 31610.17669162  2338.52098245
0.41100002 31791.59828112  2554.13712693
0.41200002 31970.93033860  2772.83891965
0.41300002 32149.39108743  2795.06819358
0.41400002 32325.92315350  2817.20433631
0.41500002 32501.44456223  2230.89926046
0.41600002 32673.96816881  2861.25952812
0.41700002 32845.50659949  2059.41336137
0.41800002 33015.98873097  2075.05499007
0.41900002 33182.60070245  2299.55433764
0.42000002 33347.94309563  2316.51497691
0.42100002 33511.70803009  2121.29121882
0.42200002 33673.26666933  2136.56887141
0.42300002 33832.03164928  2151.71731485
0.42400002 33988.60497220  3033.48313751
0.42500002 34143.32042668  2399.93410651
0.42600002 34294.29997167  3075.17002418
0.42700002 34444.12841042  2432.44446361
0.42800002 34590.96505932  2893.70731916
0.42900002 34735.78424540  2464.50400900
0.43000002 34878.05583497  2931.32634156
0.43100002 35016.30375069  2949.77356774
0.43200002 35152.76634516  3653.07565170
0.43300002 35286.21943568  2526.84629353
0.43400002 35417.21283990  3235.36254624
0.43500002 35544.99837925  3254.50020583
0.43600002 35670.81703202  3273.51103416
0.43700002 35792.87512698  2351.59200728
0.43800002 35911.26567022  2364.75695645
0.43900002 36027.87332978  2615.62372770
0.44000002 36140.65765775  3107.91600256
0.44100002 36251.16379230  2643.79750066
0.44200002 36358.29112703  3382.41198384
0.44300002 36462.64314180  2671.25336316
0.44400002 36563.30123082  2928.72056738
0.44500002 36660.02193922  3188.32225915
0.44600002 36754.51703406  3203.70762910
0.44700002 36845.94765175  3218.86213940
0.44800002 36933.10099332  2736.18891676
0.44900002 37018.46859819  3248.37077344
0.45000002 37100.22668364  2760.81349950
0.45100002 37177.51916247  3024.76310241
0.45200002 37252.44335623  3543.82510443
0.45300002 37323.41975650  2795.89750646
0.45400002 37391.79770766  2807.18934594
0.45500002 37456.67265305  3074.44383707
0.45600002 37517.91108903  3857.77939056
0.45700002 37575.81678576  3097.75048263
0.45800002 37629.75366026  2849.88952853
0.45900002 37680.65425388  3379.95484676
0.46000002 37728.88917204  3130.74337188
0.46100002 37772.52464229  3141.16329813
0.46200002 37813.52852095  2888.76464827
0.46300002 37850.84130641  5005.39549159
0.46400002 37884.25127808  3170.91198226
0.46500002 37915.22922916  2915.30211360
0.46600002 37941.90538817  2923.61365825
0.46700002 37965.18203243  3198.18708599
0.46800002 37985.79681998  3473.99121283
0.46900002 38002.23622982  3482.90511554
0.47000002 38014.95554853  2954.33241048
0.47100002 38024.80410393  2961.37188397
0.47200002 38031.01624027  3237.96087617
0.47300002 38034.44435045  2704.24912149
0.47400002 38033.01641866  3793.79356758
0.47500002 38029.39729779  3258.35891491
0.47600002 38022.68905712  2992.57588408
0.47700002 38011.41032256  3543.04372410
0.47800002 37997.02924650  3003.09534884
0.47900002 37979.96535115  3554.92492537
0.48000002 37958.73924940  3286.46779999
0.48100002 37935.55668904  2742.74087862
0.48200002 37907.02533679  3295.63693899
0.48300002 37875.78099886  4124.67274628
0.48400002 37841.55751228  3028.27078346
0.48500002 37804.16313136  2755.92362291
0.48600002 37763.92741601  3310.38603420
0.48700002 37720.00761147  3037.21515684
0.48800002 37672.04166539  3039.56882585
0.48900002 37621.85040368  3318.24736289
0.49000002 37568.14791261  3043.58364741
0.49100002 37511.71957554  3875.71105026
0.49200002 37451.37545760  3046.48228100
0.49300002 37388.23118461  4432.74889937
0.49400002 37322.18338790  2771.17224791
0.49500002 37252.20029800  4157.34575032
0.49600002 37180.48593579  3880.52750106
0.49700002 37104.78516894  3603.24585856
0.49800002 37026.39545998  2771.42583155
0.49900002 36944.98908710  3325.04917545
0.50000002 36860.44784681  3047.06906570
