# SAXS profile: number of points = 501, q_min = 0, q_max = 0.5, delta_q = 0.001
#    q    intensity    error
0.00000000 1700912.83420644 357.19169518
0.00100000 1700842.59281688 663.32862695
0.00200000 1700631.81491330 918.34120913
0.00300000 1700280.67534900 1224.20212986
0.00400000 1699789.04075012 1912.26274351
0.00500000 1699157.37372817 2140.93837564
0.00600000 1698385.37270005 2496.62659951
0.00700000 1697473.78521348 2648.05921499
0.00800000 1696421.96856545 2977.22068053
0.00900000 1695231.39157463 2542.84719606
0.01000000 1693901.08122418 3074.43059517
0.01100000 1692432.40193608 3046.37845612
0.01200000 1690824.85440634 3956.53033278
0.01300000 1689079.67766761 4611.18772341
0.01400000 1687196.24464916 4555.43006250
0.01500000 1685176.38094132 4853.30819322
0.01600000 1683018.85778570 6008.37759089
0.01700000 1680725.87590876 6806.94010278
0.01800000 1678296.91471687 5739.77570661
0.01900000 1675732.79112712 8043.51776035
0.02000000 1673034.19901275 5270.05796528
0.02100000 1670202.75448797 6062.83627367
0.02200000 1667236.67347522 8627.95017722
0.02300000 1664138.75862288 8387.25972523
0.02400000 1660908.98350262 7474.09076656
0.02500000 1657548.78692383 8403.77273351
0.02600000 1654058.28163583 7368.82998173
0.02700000 1650438.60913121 8318.21097100
0.02800000 1646689.55601600 7163.09989717
0.02900000 1642813.74217868 7392.66217923
0.03000000 1638811.45663196 8382.52098598
0.03100000 1634683.15436065 10200.42335256
0.03200000 1630429.74905606 9684.75315545
0.03300000 1626053.95709216 9951.45067617
0.03400000 1621553.96017294 9364.47455208
0.03500000 1616933.17057153 11350.87138157
0.03600000 1612191.11167586 10737.19329997
0.03700000 1607329.96139802 9161.78120368
0.03800000 1602350.51525273 12185.87623245
0.03900000 1597254.73248407 9583.52883872
0.04000000 1592041.28562038 12728.37066835
0.04100000 1586713.98052748 12995.18810306
0.04200000 1581273.28546164 15298.81974660
0.04300000 1575719.41636718 16639.59780921
0.04400000 1570055.89930479 12717.45337499
0.04500000 1564282.52315374 16190.32486692
0.04600000 1558399.59731940 10986.71767184
0.04700000 1552410.36662724 11177.35515955
0.04800000 1546315.11932549 12501.95832144
0.04900000 1540116.56244889 18481.39960965
0.05000000 1533814.20338776 12907.04712254
0.05100000 1527411.40532428 11913.80951652
0.05200000 1520906.67308358 13300.32947593
0.05300000 1514305.09852314 15945.63343080
0.05400000 1507605.37547810 16169.06840603
0.05500000 1500811.39005598 12606.81626457
0.05600000 1493921.65239731 12773.03072404
0.05700000 1486941.24016130 16817.30621123
0.05800000 1479868.82088225 20954.94348213
0.05900000 1472706.20105346 14579.79207139
0.06000000 1465456.50133577 17431.60589777
0.06100000 1458121.15981641 16272.63290399
0.06200000 1450700.73221110 15080.03481623
0.06300000 1443198.37031108 15240.17550304
0.06400000 1435612.11710479 15396.94067601
0.06500000 1427948.35557929 16964.02725782
0.06600000 1420205.08515918 18554.98030577
0.06700000 1412385.19920847 15846.96267674
0.06800000 1404491.88285594 18897.43916840
0.06900000 1396525.76039555 21995.28175603
0.07000000 1388486.29923951 29574.75955874
0.07100000 1380378.51628718 16398.89754158
0.07200000 1372201.40173386 19533.28786875
0.07300000 1363959.92421891 16653.95145504
0.07400000 1355653.11349914 16776.20806575
0.07500000 1347283.67623160 19966.74501764
0.07600000 1338851.68219761 15463.73765433
0.07700000 1330362.63409325 18678.29225847
0.07800000 1321814.58270875 20362.55460156
0.07900000 1313210.01374069 20486.07717523
0.08000000 1304552.91489981 19020.38239151
0.08100000 1295843.40161901 19126.64950528
0.08200000 1287082.08647431 17626.59000140
0.08300000 1278272.58425135 22548.72944445
0.08400000 1269415.04854232 17803.54689148
0.08500000 1260513.78435111 19512.75429778
0.08600000 1251567.95115850 24499.44379421
0.08700000 1242581.17570656 16402.07228953
0.08800000 1233552.15622144 19761.50647074
0.08900000 1224487.08245427 24795.86458435
0.09000000 1215384.28667610 19907.99555094
0.09100000 1206247.13242079 23304.69569325
0.09200000 1197076.22451794 23378.89976333
0.09300000 1187875.38715613 21773.75686977
0.09400000 1178642.45761940 21834.35255356
0.09500000 1169382.14206857 21890.83472845
0.09600000 1160095.48854982 18567.32916705
0.09700000 1150785.57585444 16916.54876035
0.09800000 1141453.26680000 18645.63998985
0.09900000 1132100.08135596 27170.40323016
0.10000000 1122726.21506497 17009.30295813
0.10100000 1113334.34040827 25551.02431408
0.10200000 1103926.79449519 23877.93768806
0.10300000 1094504.69306305 20489.12881796
0.10400000 1085070.58632835 23925.80755413
0.10500000 1075626.95418848 23943.45712676
0.10600001 1066170.35284380 23956.84895565
0.10700001 1056708.51896238 18830.54669403
0.10800001 1047238.95838764 23971.30088562
0.10900001 1037765.80416658 22260.07754706
0.11000001 1028289.08453000 17121.01406330
0.11100001 1018811.00741068 22250.83344927
0.11200001 1009333.86720619 23951.49379637
0.11300001 999856.69988882 20517.06044768
0.11400001 990384.07908909 18792.53878555
0.11500001 980916.50838584 20481.53765953
0.11600001 971454.40490764 22163.73329169
0.11700001 962001.45133381 25541.13973577
0.11800001 952555.51211727 25504.67503817
0.11900001 943121.41073348 25464.27928921
0.12000001 933698.54767869 22030.61827023
0.12100001 924290.98086979 16914.52574673
0.12200001 914897.09124615 18567.83734160
0.12300001 905520.21968819 16842.67687973
0.12400001 896160.13967482 16803.00341062
0.12500001 886819.32746460 21789.15190252
0.12600001 877500.52056075 23402.93998618
0.12700001 868202.94985722 23337.29639196
0.12800001 858927.24013210 19944.29145583
0.12900001 849677.00496376 18225.57261548
0.13000001 840452.15748580 16514.88567302
0.13100001 831253.11036292 24688.21854152
0.13200001 822083.55816859 19680.68131031
0.13300001 812943.98383561 17974.19232996
0.13400001 803833.68379358 17905.39615066
0.13500001 794755.98507602 25940.83657595
0.13600001 785710.13212425 20990.24716941
0.13700001 776699.21767624 20900.97693322
0.13800001 767721.87387638 17607.70200766
0.13900001 758783.32921855 22308.23093104
0.14000001 749880.45141167 23789.95844298
0.14100001 741016.79884127 18940.39027167
0.14200001 732191.20046904 20417.15258806
0.14300001 723409.01464052 21875.88963456
0.14400001 714663.51493029 17098.32540123
0.14500001 705964.50990146 17006.68584577
0.14600001 697306.60234302 21525.85582980
0.14700001 688695.57373289 18346.85094978
0.14800001 680127.54953070 21281.19202883
0.14900001 671605.15333407 21155.56332816
0.15000001 663130.68923724 15019.91081991
0.15100001 654703.69502069 16419.96944589
0.15200001 646326.56532399 23733.11259859
0.15300001 637998.56055972 17685.32093327
0.15400001 629718.84671696 16105.06026480
0.15500001 621491.79184015 15997.19947692
0.15600001 613315.08013308 15887.92790068
0.15700001 605193.87694305 14343.09556050
0.15800001 597121.26722682 19937.88005375
0.15900001 589105.76459645 14138.53901766
0.16000001 581142.14555984 15438.04182551
0.16100001 573236.88538045 16715.58836674
0.16200001 565384.87228185 13823.66077985
0.16300001 557590.55583686 15088.40115324
0.16400001 549852.46602327 14969.73409420
0.16500001 542172.54010530 18900.13564037
0.16600001 534549.70420869 14729.51779490
0.16700001 526985.44856369 18592.04750315
0.16800001 519478.77622591 14485.66635902
0.16900001 512033.99350197 15668.24094098
0.17000001 504648.02377858 14238.64466326
0.17100001 497322.21414075 14114.00510380
0.17200001 490057.26453263 12716.98661515
0.17300001 482853.56194074 17643.46998652
0.17400001 475712.03272580 12487.44144878
0.17500001 468631.68780946 17320.62799945
0.17600001 461611.60581751 14706.94645594
0.17700001 454656.50231600 15781.12794074
0.17800001 447763.12485806 13224.68451731
0.17900001 440932.60620933 13095.69902297
0.18000001 434166.14849754 12966.37263735
0.18100001 427464.19856450 17504.65975807
0.18200001 420823.06483351 15017.07177796
0.18300001 414248.51077970 12576.58538138
0.18400001 407736.60252384 11314.69125455
0.18500001 401290.13493174 12315.59482287
0.18600001 394907.47281417 12184.87064934
0.18700001 388589.09211332 17533.14066450
0.18800001 382334.89142512 21678.38936802
0.18900001 376147.62034241 16080.31152939
0.19000001 370021.12750997 11661.21638445
0.19100001 363964.28190101 10482.17181403
0.19200001 357969.23384199 14508.49373316
0.19300001 352041.27540234 13317.72207777
0.19400001 346177.21937559 11138.25255974
0.19500001 340378.49109460 15010.69216660
0.19600001 334643.94662496 11866.47490809
0.19700001 328974.96854542 14655.83554130
0.19800001 323370.91239012 16409.45772473
0.19900001 317832.52393051 19069.95233708
0.20000001 312356.88039772 9417.56038908
0.20100001 306947.77396955 11160.62158901
0.20200001 301602.18261833 10102.16558426
0.20300001 296321.69150383 11787.67744516
0.20400001 291105.62667780 8951.49844344
0.20500001 285952.87830979 8835.94435742
0.20600001 280864.62482891 11337.10111710
0.20700001 275840.33008152 13769.94992856
0.20800001 270879.12802951 11888.88549120
0.20900001 265983.91580621 10054.19249275
0.21000001 261149.66576602 11571.54223711
0.21100001 256378.73192758 8968.12846678
0.21200001 251670.50122155 12061.30934123
0.21300001 247024.75062200 9515.39384380
0.21400001 242442.50070490 9382.52522085
0.21500001 237922.67803309 13104.78172562
0.21600001 233463.00519633 9878.98753195
0.21700001 229065.90366362 11984.72864631
0.21800001 224729.99877606 7382.38080884
0.21900001 220454.06824987 8002.48305584
0.22000001 216238.60626261 7885.14115020
0.22100001 212085.94421582 7768.70850396
0.22200001 207991.86620184 9740.25955480
0.22300001 203957.50989790 8223.56718794
0.22400001 199980.61606423 9449.08455585
0.22500001 196066.08590732 7311.30468922
0.22600001 192208.14706207 8508.09403204
0.22700001 188409.60896727 7087.96982453
0.22800001 184668.25787854 7612.02594973
0.22900001 180983.77368668 6868.33453622
0.23000001 177357.07526098 7374.50753811
0.23100001 173788.43286327 6047.83774966
0.23200001 170274.00435201 7736.39975362
0.23300001 166816.90470467 7611.85572167
0.23400001 163415.03154224 6912.45616116
0.23500001 160067.19725238 6233.01695581
0.23600001 156774.86957583 7245.35094013
0.23700001 153536.54048778 6577.50570560
0.23800001 150352.15100827 7007.16232917
0.23900001 147221.17264344 7949.94369877
0.24000001 144142.85547783 8337.22315519
0.24100001 141118.12243700 5634.84689544
0.24200001 138144.86742092 7049.53291795
0.24300001 135223.16541026 5444.08489694
0.24400001 132352.06719737 5836.72643950
0.24500001 129531.98573925 5735.67659986
0.24600001 126762.21941673 5635.84854187
0.24700001 124042.90662438 6921.59451707
0.24800001 121371.91756295 5439.88960251
0.24900001 118749.64758871 5343.73439429
0.25000001 116176.09905401 5248.83640357
0.25100001 113649.80381175 5155.15534479
0.25200001 111171.98594081 5906.56789247
0.25300001 108741.09060634 4557.33932292
0.25400001 106355.84882064 6915.78939676
0.25500001 104016.72347027 5991.36355535
0.25600001 101723.47730917 4313.58425938
0.25700001 99474.90503698  4234.64690778
0.25800001 97270.59060472  3778.96262379
0.25900001 95110.82731139  4080.25468471
0.26000001 92994.68683450  4004.81637802
0.26100001 90919.63953625  3930.45620313
0.26200001 88889.89331249  4208.04774852
0.26300001 86900.57884461  3785.38939359
0.26400001 84952.58479125  4052.23848629
0.26500001 83046.49733998  3313.55540066
0.26600001 81180.25566920  3901.52327208
0.26700001 79354.99051872  3828.08492377
0.26800001 77569.22441976  5320.86120086
0.26900001 75821.93200397  3377.86723062
0.27000001 74113.76539601  3615.26964710
0.27100001 72443.75838111  3546.84657819
0.27200001 70811.72081504  3189.71411506
0.27300001 69216.32682812  3982.70763417
0.27400001 67656.43210375  3628.07634326
0.27500001 66135.09721761  3285.59178526
0.27600001 64647.49564224  4029.15535659
0.27700001 63196.63088646  3162.35955922
0.27800001 61779.63971006  3102.57365308
0.27900001 60397.33700767  2790.35710182
0.28000001 59048.64000282  3484.46041148
0.28100001 57733.02205840  2686.31764352
0.28200001 56450.93027288  2635.97631385
0.28300001 55201.08530697  2351.56634538
0.28400001 53983.26617049  2769.34168562
0.28500001 52797.17688180  2717.99879452
0.28600001 51641.30311905  2223.15820450
0.28700001 50516.62941179  2618.78219266
0.28800001 49421.35627612  3213.62384397
0.28900001 48357.37670868  2313.90058504
0.29000001 47321.00635102  2685.23063249
0.29100001 46314.53074362  2434.29185111
0.29200001 45336.03181939  2191.77056206
0.29300001 44385.21937263  3523.29888058
0.29400001 43461.79028705  2692.45803573
0.29500001 42566.30549115  3212.90489056
0.29600001 41696.48063038  2414.85179002
0.29700001 40852.48693981  2739.15937898
0.29800001 40034.88803274  2513.79073858
0.29900001 39242.49785170  1765.91248692
0.30000001 38474.68388917  1737.13205983
0.30100001 37732.45543180  1880.20834318
0.30200001 37012.94274608  2355.13365843
0.30300001 36317.52392315  1821.68708623
0.30400001 35646.03047952  1793.88656881
0.30500001 34996.18831725  2248.85516773
0.30600001 34369.08087041  1740.96587391
0.30700001 33764.48622396  1715.91127114
0.30800001 33181.26171517  1999.33701930
0.30900001 32619.24971439  1668.47470188
0.31000001 32078.82940110  1646.12520865
0.31100001 31557.32244219  1919.94758828
0.31200001 31056.94198603  1895.56054386
0.31300001 30575.87559383  1584.13618952
0.31400001 30115.47953473  1707.54777047
0.31500001 29672.85117285  1547.14253341
0.31600002 29249.17513973  1529.87817812
0.31700002 28843.25372248  2201.31722833
0.31800002 28455.62818820  1906.24262259
0.31900002 28085.87000622  1752.55837137
0.32000002 27732.94328475  1602.40953887
0.32100002 27397.14547768  1323.28218923
0.32200002 27077.96103170  1836.69818375
0.32300002 26774.32150625  1431.35529550
0.32400002 26486.79253798  1420.35431710
0.32500002 26214.26171692  1794.62844212
0.32600002 25957.53098376  1400.53865055
0.32700002 25715.24760370  1771.26633882
0.32800002 25488.41878350  1509.42423183
0.32900002 25274.37004551  1251.08137650
0.33000002 25076.01926318  2365.54638921
0.33100002 24888.65300304  1735.23696954
0.33200002 24717.06807310  1728.46465220
0.33300002 24557.04390062  1230.30795768
0.33400002 24410.56500968  1839.94642474
0.33500002 24275.75710779  1590.54768102
0.33600002 24153.12095199  1465.12838633
0.33700002 24041.51823839  2072.13855510
0.33800002 23942.73807127  1582.73477516
0.33900002 23854.03287198  1338.21130749
0.34000002 23776.71707259  1459.41496303
0.34100002 23709.93746394  1337.95183445
0.34200002 23654.60490483  2190.65306398
0.34300002 23607.71272136  1827.23705117
0.34400002 23571.69257885  1707.76920822
0.34500002 23544.75550177  1344.17015526
0.34600002 23528.38521593  1592.04826104
0.34700002 23518.86432054  1964.29564108
0.34800002 23519.79342932  1600.63961764
0.34900002 23528.82377588  1235.26330674
0.35000002 23546.30235876  1487.65545349
0.35100002 23571.87298817  1369.05444799
0.35200002 23604.37669035  1749.79252693
0.35300002 23645.07475649  1381.10888194
0.35400002 23693.44560327  1387.84364194
0.35500002 23748.57793877  1521.80894640
0.35600002 23810.31015573  1657.55482000
0.35700002 23878.83595810  1923.44032753
0.35800002 23954.36712684  1418.93700397
0.35900002 24035.68182454  1427.71956800
0.36000002 24123.56221883  1698.17824283
0.36100002 24216.65264939  1709.45359149
0.36200002 24316.39701910  1456.43066844
0.36300002 24419.85486070  1599.98896626
0.36400002 24529.27943183  2014.46716876
0.36500002 24643.14199330  2435.23540713
0.36600002 24762.51001141  1772.12911291
0.36700002 24886.07984381  1373.71167245
0.36800002 25015.32604565  2215.35737954
0.36900002 25147.75406995  1535.27045870
0.37000002 25283.49819746  1688.43208961
0.37100002 25423.47911962  1418.63020208
0.37200002 25567.76961048  1573.56845522
0.37300002 25714.80488896  1875.38080939
0.37400002 25866.21094025  1600.47187774
0.37500002 26019.63187235  1761.00876854
0.37600002 26177.19472172  1628.35247480
0.37700002 26336.33105076  2239.90506198
0.37800002 26499.04336941  1506.47068692
0.37900002 26664.12751860  1823.82640867
0.38000002 26831.64829407  1533.42877265
0.38100002 27000.76467967  2011.28705627
0.38200002 27172.37848923  2185.47450542
0.38300002 27345.55368849  1575.10396708
0.38400002 27521.18371331  2066.15296516
0.38500002 27697.33434599  1603.67573461
0.38600002 27876.04035379  1941.84506304
0.38700002 28055.06410808  2449.20721267
0.38800002 28235.30918740  1977.03644296
0.38900002 28416.83137764  1828.62318578
0.39000002 28599.91313513  2348.33897878
0.39100002 28782.87121405  2538.64936135
0.39200002 28967.19467712  1707.61620712
0.39300002 29151.52021558  2239.71140427
0.39400002 29337.19857818  2259.69782754
0.39500002 29522.09987817  1753.61281585
0.39600002 29707.39777983  2122.89074592
0.39700002 29892.40028418  1784.57638152
0.39800002 30078.59698597  1800.20411490
0.39900002 30263.50875716  1997.39167261
0.40000002 30448.11003167  2747.18085777
0.40100002 30632.46068795  2031.85121370
0.40200002 30817.22868788  1862.90156245
0.40300002 31000.42222924  2254.35081132
0.40400002 31183.02327084  2841.55313019
0.40500002 31365.01768549  2865.19450132
0.40600002 31546.27857984  2503.67051811
0.40700002 31726.53892278  2718.32998370
0.40800002 31905.70929651  2348.89842970
0.40900002 32083.27159684  2762.36981537
0.41000002 32260.35419768  2585.50620968
0.41100002 32435.84710601  2004.53544613
0.41200002 32609.18575263  2424.16698371
0.41300002 32781.73013995  2442.89464578
0.41400002 32952.45296584  2051.29029432
0.41500002 33122.11469073  2480.18406556
0.41600002 33288.82889073  2498.65961493
0.41700002 33454.60606651  2097.60389976
0.41800002 33619.37111011  2535.57308927
0.41900002 33780.20071631  2128.15274597
0.42000002 33939.92981535  2143.30666940
0.42100002 34098.07651933  2805.93084973
0.42200002 34253.89613323  2608.09177517
0.42300002 34407.15596713  3282.44283480
0.42400002 34558.14288146  2864.00622701
0.42500002 34707.32135118  2439.57773338
0.42600002 34852.71707613  2902.01162486
0.42700002 34997.04996727  2696.17285724
0.42800002 35138.43580667  2261.15845131
0.42900002 35277.83054779  2502.96219597
0.43000002 35414.69323184  3434.34003890
0.43100002 35547.52824700  2994.52392143
0.43200002 35678.61060702  2549.05845561
0.43300002 35806.58825146  3030.31170732
0.43400002 35932.33751391  2813.50216067
0.43500002 36054.73881105  2829.57603598
0.43600002 36175.27806401  2608.41854841
0.43700002 36292.08174628  2622.82887210
0.43800002 36405.11188725  2876.73207766
0.43900002 36516.46041637  2651.09515186
0.44000002 36624.02597529  2664.94737638
0.44100002 36729.24437242  3409.20862421
0.44200002 36831.19450876  3915.89278575
0.44300002 36930.25376187  2951.46602052
0.44400002 37025.64921989  2965.75464306
0.44500002 37117.25455124  4221.34556017
0.44600002 37206.50636121  2993.63564369
0.44700002 37292.83015181  2506.07830497
0.44800002 37374.70413756  3272.34237585
0.44900002 37454.86461652  3539.48487400
0.45000002 37531.43527223  3554.60240309
0.45100002 37603.55882313  2549.52140904
0.45200002 37673.31548254  3327.87248087
0.45300002 37739.16147339  3084.04442177
0.45400002 37802.29183501  2838.00719401
0.45500002 37861.95847923  3107.70969926
0.45600002 37918.09626120  3898.92843284
0.45700002 37970.80732477  3391.17296290
0.45800002 38019.52540393  3926.46667218
0.45900002 38065.27081571  2626.50381077
0.46000002 38108.29815401  3162.22673069
0.46100002 38146.60004832  3172.27141037
0.46200002 38182.48054923  3182.12807979
0.46300002 38214.57803538  2659.73475732
0.46400002 38242.74584579  3200.91797900
0.46500002 38268.52386635  2942.46693954
0.46600002 38289.95761548  3218.65398971
0.46700002 38307.97289618  3227.06378972
0.46800002 38323.34445626  3235.25689234
0.46900002 38334.50618971  3513.35765881
0.47000002 38341.90906900  3521.51280535
0.47100002 38346.48271038  2986.42421503
0.47200002 38347.31291756  2992.81617850
0.47300002 38345.55795258  4089.55394948
0.47400002 38338.71375539  2731.63348454
0.47500002 38329.80434403  4652.47187179
0.47600002 38317.71040573  3564.12200232
0.47700002 38301.01501602  3570.03777886
0.47800002 38281.27142165  2750.50948201
0.47900002 38258.82539582  3856.48978269
0.48000002 38232.16267849  4413.52106880
0.48100002 38203.51220434  3038.32546962
0.48200002 38169.55091605  3318.46091393
0.48300002 38132.90189228  2768.44880860
0.48400002 38093.15606295  3048.40495843
0.48500002 38050.33468604  3051.25648310
0.48600002 38004.59432936  3331.48289682
0.48700002 37955.20489031  3333.98535560
0.48800002 37901.68850387  3058.09788189
0.48900002 37845.97423218  3338.01508550
0.49000002 37786.69523788  2782.99023619
0.49100002 37724.73345881  4454.53673796
0.49200002 37658.80321263  3063.35549254
0.49300002 37590.13481088  3899.60077013
0.49400002 37518.49067446  3064.32287109
0.49500002 37442.84276571  3621.47192396
0.49600002 37365.50495484  3342.71823171
0.49700002 37284.13490474  3342.15001129
0.49800002 37200.11358055  4455.08581359
0.49900002 37113.04675006  4453.56582112
0.50000002 37022.91525170  3060.49943436
