# SAXS profile: number of points = 501, q_min = 0, q_max = 0.5, delta_q = 0.001
#    q    intensity    error
0.00000000 1682732.95097188 277.65093691
0.00100000 1682663.43422536 656.23875493
0.00200000 1682454.82928654 832.81516687
0.00300000 1682107.30567153 1110.19086129
0.00400000 1681620.74160953 1891.82340620
0.00500000 1680995.58654796 1815.47530533
0.00600000 1680231.56716566 2117.09186082
0.00700000 1679329.33532209 3022.79292921
0.00800000 1678288.37813875 3171.96516860
0.00900000 1677110.06580954 5031.33041251
0.01000000 1675793.48009852 4700.60091465
0.01100000 1674339.98202511 3013.81209886
0.01200000 1672748.94165157 3588.04663716
0.01300000 1671021.76622982 4561.88962301
0.01400000 1669157.80726447 4882.28680269
0.01500000 1667158.70841838 5601.65350972
0.01600000 1665023.46617244 5519.55303710
0.01700000 1662754.05945285 5836.26701049
0.01800000 1660350.21148413 6624.79764192
0.01900000 1657812.53861268 6465.46919233
0.02000000 1655141.77017340 5735.06649308
0.02100000 1652339.45372650 5452.72044452
0.02200000 1649403.90540584 8535.66559827
0.02300000 1646338.04595622 7112.18068227
0.02400000 1643141.57404410 6777.95930199
0.02500000 1639816.00293648 7674.33924423
0.02600000 1636361.52588526 7289.99093125
0.02700000 1632779.12838337 7543.43991863
0.02800000 1629068.69415811 8503.73897348
0.02900000 1625232.96888094 10238.96817406
0.03000000 1621271.97638557 11308.37255508
0.03100000 1617186.24743570 9314.99321384
0.03200000 1612976.57716866 8782.65786720
0.03300000 1608645.96642767 9844.91376839
0.03400000 1604192.43450584 11790.81493765
0.03500000 1599619.23346312 9501.73868554
0.03600000 1594926.13698936 8851.84046937
0.03700000 1590115.03573190 9970.02173513
0.03800000 1585187.11906646 12055.34859842
0.03900000 1580143.83313058 10428.94978163
0.04000000 1574984.05624123 9686.15239473
0.04100000 1569711.79393783 16811.61409257
0.04200000 1564327.23757566 12107.89338056
0.04300000 1558830.64668428 14403.59584395
0.04400000 1553225.64560576 10484.27359475
0.04500000 1547511.80181255 10677.83192865
0.04600000 1541689.54811188 19564.04127501
0.04700000 1535762.15825254 17691.98088589
0.04800000 1529729.75148801 14616.56845555
0.04900000 1523595.08325778 13712.35638760
0.05000000 1517357.65197756 11607.78657816
0.05100000 1511020.97147969 16500.34977721
0.05200000 1504583.46291273 11961.43908757
0.05300000 1498050.07332998 12134.20615964
0.05400000 1491419.45564159 15995.47440769
0.05500000 1484695.69072688 16212.87769906
0.05600000 1477876.88051988 15163.01750170
0.05700000 1470968.60740160 19196.14122264
0.05800000 1463968.99154070 14251.73879810
0.05900000 1456880.49155833 15734.31004371
0.06000000 1449705.55387164 13264.80643764
0.06100000 1442445.98162146 18780.64755836
0.06200000 1435102.05197127 13561.71502505
0.06300000 1427677.11463520 20558.55141197
0.06400000 1420169.26867925 13846.65101719
0.06500000 1412584.67224054 15383.04780028
0.06600000 1404921.21154025 18355.29648759
0.06700000 1397182.07443645 15676.38360882
0.06800000 1389370.25583565 15817.98110311
0.06900000 1381486.34340012 15956.16801332
0.07000000 1373529.91802201 19016.52260553
0.07100000 1365506.08367049 17696.95967326
0.07200000 1357413.28857024 25268.24955047
0.07300000 1349256.83969359 23962.80259575
0.07400000 1341035.87777496 18103.98519839
0.07500000 1332752.73609637 21270.73466511
0.07600000 1324407.81643504 21415.67539573
0.07700000 1316006.42062430 20016.45859624
0.07800000 1307546.77761780 17043.87304554
0.07900000 1299030.96847341 21823.72129397
0.08000000 1290463.37641279 15679.13075894
0.08100000 1281843.69812449 20496.68169468
0.08200000 1273172.78624047 15851.00193251
0.08300000 1264454.31024247 22304.97507949
0.08400000 1255688.17778627 19212.03002192
0.08500000 1246878.86951894 24127.10725784
0.08600000 1238025.47358844 24234.34978333
0.08700000 1229131.51240770 19469.44407078
0.08800000 1220195.65369560 17918.57401604
0.08900000 1211224.31760150 17986.68196121
0.09000000 1202215.54228353 18051.26721535
0.09100000 1193172.73958851 23052.09841186
0.09200000 1184096.57331880 26429.03675829
0.09300000 1174990.63877452 26507.79005641
0.09400000 1165853.03464253 23258.76913422
0.09500000 1156688.40113211 19987.57651103
0.09600000 1147497.68667497 18365.70133856
0.09700000 1138284.00440962 16732.77565148
0.09800000 1129047.91375768 21796.27099990
0.09900000 1119791.34813542 20156.24521423
0.10000000 1110514.19170935 16824.29079560
0.10100000 1101219.40549622 18533.52346617
0.10200000 1091909.00814480 16869.99496934
0.10300000 1082583.92754577 21954.80308340
0.10400000 1073247.23969678 16903.64482046
0.10500000 1063901.15517047 21990.83791203
0.10600001 1054542.26549629 20310.48498914
0.10700001 1045178.17321815 20318.26464349
0.10800001 1035806.33922358 18628.97788765
0.10900001 1026430.80028456 22016.94170235
0.11000001 1017051.79624986 25400.86980695
0.11100001 1007671.58334840 20314.66007658
0.11200001 998292.40831671 18613.16282932
0.11300001 988912.95256222 23674.57719896
0.11400001 979538.09693372 21966.14285800
0.11500001 970168.04538106 23633.29469833
0.11600001 960803.84024521 18548.31900940
0.11700001 951448.38785232 21892.82843552
0.11800001 942099.74615940 21861.42563927
0.11900001 932762.84019109 16789.73191426
0.12000001 923437.17896954 16760.38558779
0.12100001 914126.68216697 25092.77860756
0.12200001 904829.61146456 16694.10711800
0.12300001 895549.29330576 26651.54822445
0.12400001 886285.74261806 26588.57353133
0.12500001 877041.24552578 21548.90441796
0.12600001 867818.33649689 18185.13409824
0.12700001 858616.64359024 16485.44033383
0.12800001 849436.60323192 16436.59904718
0.12900001 840281.49517095 18024.03892093
0.13000001 831151.62663731 21231.76930321
0.13100001 822047.38380360 19531.84675986
0.13200001 812972.30045069 17840.67797441
0.13300001 803926.88163526 19390.71729918
0.13400001 794910.29145958 19316.32099315
0.13500001 785926.01550668 19239.46976671
0.13600001 776973.27963729 17563.48181433
0.13700001 768055.14142753 23848.11326584
0.13800001 759170.12504842 25325.91656588
0.13900001 750323.47976858 18908.15258184
0.14000001 741512.33950413 17251.28539214
0.14100001 732739.51073501 15607.35231474
0.14200001 724004.57352759 17082.88871810
0.14300001 715312.57312338 18540.90276989
0.14400001 706657.23486008 15369.79558320
0.14500001 698047.69521097 16815.96977088
0.14600001 689478.49706467 16723.30173521
0.14700001 680955.82227943 19652.38595812
0.14800001 672475.86014643 16532.81980170
0.14900001 664040.94936047 17929.10647864
0.15000001 655653.41834160 16335.60568874
0.15100001 647312.91973264 17710.48231955
0.15200001 639021.71174018 20531.76856704
0.15300001 630779.06940645 16028.09690997
0.15400001 622584.18450212 20265.11616188
0.15500001 614441.73467860 18691.31845102
0.15600001 606348.44951585 15707.45732602
0.15700001 598310.51315280 19851.94376336
0.15800001 590320.63688919 15487.06263976
0.15900001 582387.04727955 13977.28979445
0.16000001 574504.87094730 13874.29328828
0.16100001 566680.58165787 16524.40654117
0.16200001 558908.96097624 19131.45463734
0.16300001 551194.34494227 14915.31967826
0.16400001 543535.52000827 17488.25618188
0.16500001 535933.81352365 17348.17836279
0.16600001 528389.09098807 19854.22103125
0.16700001 520901.81047309 17064.74411681
0.16800001 513471.78531869 14318.16140966
0.16900001 506103.07906068 19358.44368814
0.17000001 498792.26992315 14073.42456042
0.17100001 491541.35039610 17754.47441470
0.17200001 484350.54463799 13825.78694959
0.17300001 477219.86153633 13700.98287173
0.17400001 470151.23943859 16043.91180353
0.17500001 463143.16278746 17117.77210506
0.17600001 456194.41690112 12111.96234076
0.17700001 449310.10501858 16795.21251884
0.17800001 442486.86187616 11880.77280253
0.17900001 435725.80437968 12941.05700133
0.18000001 429028.16870018 19801.79606170
0.18100001 422394.29201673 13837.63766011
0.18200001 415820.61272866 14838.55926616
0.18300001 409312.83315221 12426.73820153
0.18400001 402866.87293689 16769.33437819
0.18500001 396485.62266313 12168.14433438
0.18600001 390167.78241239 10944.20681371
0.18700001 383913.72239547 12991.64097965
0.18800001 377722.66255053 13920.96938601
0.18900001 371598.06379996 15885.81797801
0.19000001 365533.57880099 13614.29878570
0.19100001 359538.06166060 11390.16633159
0.19200001 353603.34158843 12284.18066723
0.19300001 347735.59326187 10119.10624207
0.19400001 341930.59091410 11001.61728253
0.19500001 336190.61443852 10872.40498472
0.19600001 330513.93621082 14650.03091485
0.19700001 324902.17270695 10614.55448395
0.19800001 319354.58766664 12392.55536006
0.19900001 313872.18933581 10357.78273759
0.20000001 308451.71422326 11159.78354802
0.20100001 303097.12111113 11020.61184446
0.20200001 297805.14713037 9974.98387458
0.20300001 292577.82934862 8952.88200122
0.20400001 287414.26706328 10605.58695592
0.20500001 282313.35355604 9595.83134093
0.20600001 277276.44768891 10331.32092923
0.20700001 272302.42138572 10195.00313859
0.20800001 267391.14470792 12574.06917427
0.20900001 262545.17149611 11578.24261030
0.21000001 257759.28280687 8158.08168649
0.21100001 253036.20058881 8046.55155911
0.21200001 248375.22220088 8729.14759692
0.21300001 243776.01722538 9390.25262745
0.21400001 239239.38315804 9258.56456593
0.21500001 234764.93072869 8367.02252674
0.21600001 230350.03610449 8247.68343266
0.21700001 225997.04111066 8868.12431246
0.21800001 221704.47516893 8739.59082437
0.21900001 217471.24472719 7894.20655685
0.22000001 213297.84689252 8484.98875058
0.22100001 209186.56190348 8359.09540891
0.22200001 205133.49703704 8920.23054044
0.22300001 201139.49068366 8785.77336850
0.22400001 197202.35396043 7986.69571306
0.22500001 193326.76134842 8519.91077551
0.22600001 189507.34286674 7743.27039570
0.22700001 185746.72300924 6352.53822732
0.22800001 182042.59671568 7503.79619148
0.22900001 178394.97206985 8001.01487571
0.23000001 174804.33503290 7874.06164394
0.23100001 171271.06781415 6556.25678599
0.23200001 167791.69059070 7623.61582254
0.23300001 164368.95036006 6923.22051660
0.23400001 161001.19214645 6242.82152073
0.23500001 157686.44419937 7256.73050527
0.23600001 154427.05148968 6587.85832814
0.23700001 151220.97226775 7018.16565489
0.23800001 148068.18427431 7431.54252023
0.23900001 144968.49512992 6262.63928583
0.24000001 141920.85058483 6669.57068871
0.24100001 138926.31556172 10086.05098686
0.24200001 135982.50105487 4956.56239791
0.24300001 133089.92263528 7306.63709830
0.24400001 130247.48485274 6222.57388319
0.24500001 127455.43763443 6584.34821966
0.24600001 124713.19262639 6468.87360754
0.24700001 122021.11148943 8170.53401185
0.24800001 119376.55997736 4904.58619869
0.24900001 116780.40988757 4817.19213575
0.25000001 114232.72154691 4730.94838668
0.25100001 111731.55132827 4223.45284002
0.25200001 109278.59763912 4561.83527426
0.25300001 106872.00329257 5700.55292532
0.25400001 104510.58764913 5996.29525006
0.25500001 102194.73080908 5886.41677310
0.25600001 99924.41754621  4237.29512652
0.25700001 97698.40126483  5293.29963097
0.25800001 95516.17773046  4081.88404844
0.25900001 93377.96304540  5462.61109662
0.26000001 91283.34349534  4288.49168032
0.26100001 89229.08831619  6312.06600615
0.26200001 87219.60714366  3784.89503109
0.26300001 85250.29226760  4726.27642695
0.26400001 83322.00741954  5299.27992264
0.26500001 81435.30026544  4873.90295151
0.26600001 79587.73608011  4462.48457317
0.26700001 77781.08733256  3752.15983048
0.26800001 76013.40836622  3987.28352453
0.26900001 74283.84951219  3911.04486189
0.27000001 72593.22856021  2950.91488062
0.27100001 70940.18814551  3473.23177597
0.27200001 69324.75765359  3406.61875231
0.27300001 67745.68889799  3619.65232912
0.27400001 66201.92713692  3003.91258600
0.27500001 64696.32606012  3749.79923590
0.27600001 63223.78333543  3677.72765067
0.27700001 61788.00031944  3607.18362936
0.27800001 60385.72576057  3285.28556549
0.27900001 59017.90917964  2478.75230286
0.28000001 57683.22973950  2674.48307345
0.28100001 56381.55868600  2861.92805435
0.28200001 55112.84605241  2573.49446822
0.28300001 53876.13505943  5049.27161675
0.28400001 52671.24169189  2476.86525779
0.28500001 51497.73825725  2209.25307580
0.28600001 50354.29968814  2818.07851543
0.28700001 49241.63451530  2765.41032527
0.28800001 48158.09566039  2296.41890026
0.28900001 47105.47582391  2663.81478393
0.29000001 46080.46951965  4022.82517948
0.29100001 45085.21671388  3554.51865398
0.29200001 44117.31811921  2714.53871237
0.29300001 43177.05683223  2094.51912608
0.29400001 42263.83772256  2805.26236163
0.29500001 41378.49497283  2572.08736927
0.29600001 40518.40838778  2166.11421495
0.29700001 39683.98986833  2128.64931730
0.29800001 38875.71247047  1917.93336552
0.29900001 38092.45399160  2571.24076615
0.30000001 37333.68403638  1854.17750544
0.30100001 36600.02576232  1657.98124552
0.30200001 35888.95103772  2120.49877245
0.30300001 35201.89553833  2247.28911756
0.30400001 34538.55631960  1896.16683171
0.30500001 33896.68110654  2333.78660467
0.30600001 33277.29613517  1532.41955957
0.30700001 32680.20919159  2415.72117781
0.30800001 32104.36208192  1785.64470354
0.30900001 31549.50728092  2053.87302123
0.31000001 31016.12871963  1880.97321526
0.31100001 30501.43630969  1855.70747294
0.31200001 30007.79717013  1831.52598699
0.31300001 29533.05102856  1391.00676930
0.31400001 29079.05020069  2473.17333667
0.31500001 28642.75406566  1900.73324979
0.31600002 28225.02937269  1476.31023124
0.31700002 27824.96822649  1459.97615197
0.31800002 27443.16719825  1838.41785766
0.31900002 27078.86648749  1299.78565294
0.32000002 26731.43491865  1673.25424796
0.32100002 26400.97580601  1402.68391099
0.32200002 26087.02544655  1643.09137555
0.32300002 25788.42662946  1754.64463095
0.32400002 25505.79082281  1616.42956994
0.32500002 25238.20363773  1357.56303796
0.32600002 24986.15312862  2083.47047729
0.32700002 24748.56237811  1339.39225933
0.32800002 24526.17237657  1452.43999692
0.32900002 24316.48506055  1444.39928099
0.33000002 24122.27619927  1676.73949801
0.33100002 23939.06921861  1549.81541460
0.33200002 23771.65872207  1543.61273222
0.33300002 23615.52970393  1538.07952245
0.33400002 23472.90526368  1297.46489989
0.33500002 23341.90444731  1294.07524384
0.33600002 23222.94055555  1408.70364081
0.33700002 23114.90686265  1523.50358347
0.33800002 23019.77851190  1287.61137204
0.33900002 22934.34198469  1754.47724492
0.34000002 22860.51195527  1403.17829027
0.34100002 22796.98243756  1637.27935620
0.34200002 22744.72435363  1287.23773576
0.34300002 22701.05794037  1171.37464520
0.34400002 22668.05930641  1524.99376206
0.34500002 22644.14797566  1175.23133560
0.34600002 22630.76153966  1531.31055210
0.34700002 22624.07344711  1299.07435886
0.34800002 22627.85668989  1539.93885996
0.34900002 22639.53766684  1188.57578380
0.35000002 22659.71085953  1312.33721658
0.35100002 22687.89128567  1317.71278828
0.35200002 22723.13546483  1684.46611179
0.35300002 22766.35627753  1329.78293315
0.35400002 22817.24946220  1336.52045055
0.35500002 22874.94607920  1221.52217849
0.35600002 22938.93379315  1719.73194793
0.35700002 23009.98850429  1729.89101769
0.35800002 23087.85888128  1740.59376350
0.35900002 23171.43013671  1501.50874398
0.36000002 23261.72424325  1511.54691292
0.36100002 23356.96298345  1521.93978009
0.36200002 23458.94799851  1660.54171273
0.36300002 23564.56775791  1415.28800658
0.36400002 23676.20675759  1425.89961952
0.36500002 23792.21877868  1828.67002195
0.36600002 23913.75369641  1448.09742368
0.36700002 24039.36845134  1592.36784164
0.36800002 24170.83346697  1471.64126535
0.36900002 24305.33880248  1618.73564092
0.37000002 24443.17153056  1496.28881612
0.37100002 24585.24557653  1646.22812179
0.37200002 24731.45110284  1522.09723023
0.37300002 24880.62483292  1674.96374310
0.37400002 25034.08284906  1689.80067236
0.37500002 25189.61847710  1420.69454941
0.37600002 25349.25538259  1720.20055175
0.37700002 25510.39661704  1591.08351238
0.37800002 25675.25225932  2043.49342412
0.37900002 25842.31812621  1620.31342327
0.38000002 26011.86646711  1932.55171072
0.38100002 26183.16000440  1950.38368112
0.38200002 26356.80490854  1665.61836510
0.38300002 26532.05566476  1833.89577443
0.38400002 26709.79221352  1696.73963075
0.38500002 26887.98985794  1712.49615518
0.38600002 27068.90663976  1728.48511537
0.38700002 27250.08032086  1903.14569977
0.38800002 27432.59548773  2561.10723607
0.38900002 27616.22574120  1777.10421064
0.39000002 27801.50876315  1956.67027945
0.39100002 27986.74936781  2139.30722303
0.39200002 28173.22510439  2325.13637802
0.39300002 28359.84439608  2346.49363650
0.39400002 28547.91367907  1860.61036218
0.39500002 28735.21285312  1706.87172434
0.39600002 28922.92403845  2066.83224971
0.39700002 29110.31460104  2259.25162323
0.39800002 29298.93464350  2981.02024654
0.39900002 29486.33134137  2653.76994646
0.40000002 29673.60999535  2320.32804352
0.40100002 29860.32980424  2700.86695876
0.40200002 30047.81603893  2179.66867874
0.40300002 30233.57222662  2565.01638924
0.40400002 30418.91425850  1847.94912876
0.40500002 30603.55911338  2236.50820597
0.40600002 30787.66920188  2255.50475260
0.40700002 30970.69886926  3032.65097697
0.40800002 31152.87042283  2675.72016740
0.40900002 31333.24542639  3083.19149604
0.41000002 31513.39704040  2719.92142743
0.41100002 31691.85398421  2154.41233593
0.41200002 31868.31236884  2171.66624927
0.41300002 32043.94950025  2188.92229408
0.41400002 32217.87679095  2406.67551032
0.41500002 32390.77833713  2021.18466401
0.41600002 32560.81973974  2647.68318259
0.41700002 32729.90806426  2873.03146602
0.41800002 32898.07820911  2481.17317610
0.41900002 33062.36896680  2499.51521233
0.42000002 33225.60174572  2937.47558953
0.42100002 33387.38838718  2536.10614206
0.42200002 33546.90994527  3192.82730533
0.42300002 33703.81843301  2143.56295391
0.42400002 33858.57779403  3021.87821131
0.42500002 34011.60158037  2608.00973277
0.42600002 34160.95900592  2844.41238641
0.42700002 34309.31365835  2863.45545362
0.42800002 34454.72809306  2882.31041521
0.42900002 34598.29178473  3124.22589621
0.43000002 34739.21337153  2470.47927599
0.43100002 34876.35689027  2259.98803358
0.43200002 35011.82337731  2274.01803612
0.43300002 35144.26400700  2745.47003433
0.43400002 35274.40873926  2761.98633517
0.43500002 35401.36519641  3472.87409034
0.43600002 35526.56673270  2561.64321565
0.43700002 35647.89277935  2810.47999991
0.43800002 35765.85319611  3532.77231686
0.43900002 35882.00108300  2841.85462045
0.44000002 35994.44977317  2857.23955840
0.44100002 36104.65487135  2633.11260455
0.44200002 36211.66378253  2646.89168962
0.44300002 36315.90152451  2660.50307177
0.44400002 36416.53552569  2916.96463384
0.44500002 36513.38221825  2687.01992478
0.44600002 36608.06459411  2700.02793210
0.44700002 36699.71077784  2712.84274926
0.44800002 36787.20095182  2477.61810152
0.44900002 36872.99136310  2737.81973846
0.45000002 36955.22407364  3750.03154059
0.45100002 37033.09211082  2761.92814052
0.45200002 37108.67598517  2521.53465269
0.45300002 37180.33257318  3038.37692188
0.45400002 37249.57084391  3304.96832976
0.45500002 37315.25891545  3828.54574617
0.45600002 37377.47358591  3074.67112290
0.45700002 37436.45851055  2829.07330372
0.45800002 37491.40835217  3097.54030486
0.45900002 37543.48625304  3367.65087650
0.46000002 37592.99424537  3119.46681033
0.46100002 37637.90349475  3129.96820297
0.46200002 37680.28833364  3140.27537856
0.46300002 37719.08102042  3937.87224517
0.46400002 37753.96970268  3423.34136504
0.46500002 37786.44164467  3697.78135461
0.46600002 37814.80377738  3443.60526920
0.46700002 37839.80642413  5312.70907375
0.46800002 37862.18817412  2929.96557072
0.46900002 37880.47290431  2937.63081296
0.47000002 37895.01870747  2945.01151843
0.47100002 37906.83987904  2683.80439064
0.47200002 37914.98798529  2690.06852506
0.47300002 37920.47224779  2696.14570461
0.47400002 37921.16997774  2972.07183787
0.47500002 37919.66288221  2707.46405812
0.47600002 37915.13985555  2712.82838525
0.47700002 37906.16595743  3805.02111916
0.47800002 37894.09640561  2722.69095579
0.47900002 37879.38421569  3000.04737208
0.48000002 37860.53640838  4097.45674701
0.48100002 37839.81051435  3009.40027285
0.48200002 37813.77527154  4109.41222242
0.48300002 37785.09047427  3840.47677784
0.48400002 37753.44582656  3570.53230829
0.48500002 37718.65643211  4124.53527635
0.48600002 37681.09753250  4954.68774940
0.48700002 37639.85604087  3030.76135207
0.48800002 37594.60230599  3309.07705182
0.48900002 37547.19778141  2759.71916775
0.49000002 37496.30898596  3037.76361649
0.49100002 37442.78643439  3039.60554682
0.49200002 37385.21385707  3870.49137409
0.49300002 37325.02641973  3042.36304768
0.49400002 37261.90264634  3043.36604290
0.49500002 37194.91958626  3320.76257807
0.49600002 37126.17389609  2767.75639515
0.49700002 37053.50398973  4428.63500678
0.49800002 36978.10199213  3044.59217184
0.49900002 36899.80095251  3044.23372289
0.50000002 36818.35786071  2766.89972439
