# SAXS profile: number of points = 501, q_min = 0, q_max = 0.5, delta_q = 0.001
#    q    intensity    error
0.00000000 1682732.95097188 302.89193117
0.00100000 1682663.54577264 605.75889086
0.00200000 1682455.28438485 757.10490195
0.00300000 1682108.32828840 1917.60356256
0.00400000 1681622.55070133 1261.21696095
0.00500000 1680998.40487515 1664.18848670
0.00600000 1680235.63699955 2293.52173788
0.00700000 1679334.90552281 2418.24236446
0.00800000 1678295.63196602 3398.54879822
0.00900000 1677119.23241425 2767.24685178
0.01000000 1675804.80022323 3594.60145169
0.01100000 1674353.60726823 3616.60394916
0.01200000 1672765.17481073 3914.27068067
0.01300000 1671040.83646959 4912.86027590
0.01400000 1669179.88244682 4131.22039220
0.01500000 1667184.02506460 5201.61438982
0.01600000 1665052.19083949 4670.47160409
0.01700000 1662786.53420289 5387.42861249
0.01800000 1660386.56436793 5678.52230566
0.01900000 1657852.96053135 4973.55910601
0.02000000 1655186.52859547 6777.98914121
0.02100000 1652388.77097202 7088.74814886
0.02200000 1649457.93979221 6828.75618099
0.02300000 1646396.93588806 10075.94970628
0.02400000 1643205.64918928 8626.83005161
0.02500000 1639885.43433870 8314.21953181
0.02600000 1636436.44598292 9278.59507311
0.02700000 1632859.81601614 7543.81269551
0.02800000 1629155.31892010 9212.87375099
0.02900000 1625325.59100610 8776.75859441
0.03000000 1621371.04067633 9047.25082283
0.03100000 1617291.73444904 10868.20095558
0.03200000 1613088.84847040 7984.79016769
0.03300000 1608765.07542193 10666.11294176
0.03400000 1604318.56768302 10107.20744275
0.03500000 1599752.61305060 18141.19546972
0.03600000 1595066.87215476 11508.40801444
0.03700000 1590263.38801414 9970.95190398
0.03800000 1585343.24796974 15766.23933071
0.03900000 1580307.88570527 12326.40207934
0.04000000 1575156.18624816 14530.81649148
0.04100000 1569892.15648601 9890.32104444
0.04200000 1564516.00590430 11100.24157686
0.04300000 1559027.97769976 12347.50215653
0.04400000 1553431.66802060 15728.49636917
0.04500000 1547726.67686299 11747.24602322
0.04600000 1541913.37031551 11957.53874267
0.04700000 1535995.18425586 13270.99900918
0.04800000 1529971.95262992 11245.29437505
0.04900000 1523846.81940273 11428.85167750
0.05000000 1517619.13075270 16253.70164723
0.05100000 1511292.07339890 11788.07872165
0.05200000 1504864.14487136 15552.77166202
0.05300000 1498340.64538864 12136.55979343
0.05400000 1491720.20378252 15998.69993165
0.05500000 1485006.36457863 16216.27025768
0.05600000 1478197.89979576 13902.45189633
0.05700000 1471299.99961685 15360.37271300
0.05800000 1464310.99164189 14255.06816924
0.05900000 1457232.74798289 15738.11441328
0.06000000 1450068.67289381 14594.94187453
0.06100000 1442819.81336950 14760.04738053
0.06200000 1435486.75603632 16278.42057436
0.06300000 1428072.68779759 17822.34797700
0.06400000 1420575.70095134 20775.92059803
0.06500000 1413002.19704876 20983.08360772
0.06600000 1405350.03573235 16948.52222393
0.06700000 1397622.03279907 15681.31994187
0.06800000 1389821.37007949 14384.65185366
0.06900000 1381948.68842660 20314.64667098
0.07000000 1374003.75421134 14633.14066760
0.07100000 1365991.01019796 17703.24432135
0.07200000 1357909.91693598 16356.02571572
0.07300000 1349765.05516935 14982.39281439
0.07400000 1341555.50979210 19620.25025020
0.07500000 1333284.09348454 22799.15906724
0.07600000 1324950.73044056 16833.49981941
0.07700000 1316560.82729281 16944.13864174
0.07800000 1308112.83059734 23251.70665428
0.07900000 1299608.83679627 17154.83745034
0.08000000 1291052.72385145 21960.80786292
0.08100000 1282444.81619944 20506.29357315
0.08200000 1273785.67520953 15858.63240053
0.08300000 1265078.68346297 15939.99215973
0.08400000 1256324.45160640 20823.57876281
0.08500000 1247526.80915937 24139.64489047
0.08600000 1238685.09492978 19397.80949736
0.08700000 1229802.52612631 17856.73351787
0.08800000 1220878.47317353 22818.21973524
0.08900000 1211918.71765790 22905.26483959
0.09000000 1202921.56446820 21345.84416422
0.09100000 1193890.41073664 23065.96381910
0.09200000 1184825.76111829 16528.32014421
0.09300000 1175731.29698320 21551.15568644
0.09400000 1166605.22097447 24936.18777027
0.09500000 1157451.88873244 16667.30798116
0.09600000 1148272.55954229 16707.36652672
0.09700000 1139069.93109967 18418.76165180
0.09800000 1129845.30107443 25167.30526474
0.09900000 1120599.81894550 23532.59730442
0.10000000 1111333.60037800 18520.37532126
0.10100000 1102049.86046246 20233.63638971
0.10200000 1092750.71528401 18571.29927978
0.10300000 1083436.69644980 27042.58121549
0.10400000 1074110.66244430 25375.86559406
0.10500000 1064775.31070896 20315.91388418
0.10600001 1055427.04227113 20327.52579062
0.10700001 1046073.57095555 22030.31044102
0.10800001 1036712.15418593 20340.29342238
0.10900001 1027347.01657426 27121.96251407
0.11000001 1017978.39439850 20339.20927744
0.11100001 1008608.25157514 18639.08136651
0.11200001 999239.13175357 18630.81448863
0.11300001 989869.73745207 23697.48263030
0.11400001 980504.84350689 20296.45121624
0.11500001 971144.67430998 20277.50175442
0.11600001 961789.90850060 23631.17916469
0.11700001 952443.92980790 16858.25835154
0.11800001 943105.01650476 21884.75293873
0.11900001 933777.12687143 21850.38579798
0.12000001 924460.76166867 16778.96361466
0.12100001 915159.18753758 18422.15531296
0.12200001 905870.92742248 25069.97909750
0.12300001 896599.53176180 23347.45290708
0.12400001 887344.69018442 23292.79921484
0.12500001 878108.60998340 26554.00561714
0.12600001 868894.23762128 19862.92320803
0.12700001 859700.64067829 23108.75431046
0.12800001 850528.89145362 19749.28179032
0.12900001 841381.57877169 18047.63571528
0.13000001 832259.65483585 19624.68358604
0.13100001 823162.97219838 17928.49037959
0.13200001 814095.17418602 16241.19949063
0.13300001 805057.16500346 19417.97973530
0.13400001 796047.81148416 27403.94720232
0.13500001 787070.49804092 20873.11059217
0.13600001 778124.65706666 25584.73993069
0.13700001 769213.16578669 23884.06992389
0.13800001 760334.76605911 15852.98061989
0.13900001 751494.68187458 15781.38906359
0.14000001 742689.34448354 17278.66841428
0.14100001 733922.86367604 17195.81350694
0.14200001 725193.85546812 21777.57250685
0.14300001 716507.54892854 15476.56378685
0.14400001 707857.65267007 16935.49513898
0.14500001 699253.31049883 16845.01304453
0.14600001 690689.46590687 19798.61447421
0.14700001 682171.99264691 16658.64084633
0.14800001 673696.88308913 16562.83865216
0.14900001 665266.77921340 16465.35356238
0.15000001 656883.62179381 29756.82947127
0.15100001 648547.66437515 20701.64242366
0.15200001 640260.33120175 16163.37282389
0.15300001 632021.92066459 24819.50199571
0.15400001 623830.77784245 17404.87952316
0.15500001 615691.86920881 17288.62850329
0.15600001 607602.23866669 17170.84007510
0.15700001 599567.67802968 18472.68103195
0.15800001 591580.78658783 18341.96315387
0.15900001 583650.25870891 21011.41030527
0.16000001 575770.94859372 13904.86906488
0.16100001 567949.03590605 16561.39466879
0.16200001 560179.81273867 13696.39706801
0.16300001 552467.39866260 13590.69864869
0.16400001 544810.49203601 17529.27840881
0.16500001 537210.68443689 16051.85600880
0.16600001 529667.78527073 14594.99651221
0.16700001 522182.06534292 15790.78640153
0.16800001 514753.44563027 18268.60064800
0.16900001 507385.75088614 15526.00471022
0.17000001 500076.05096049 14109.64644410
0.17100001 492825.85122069 12714.90756191
0.17200001 485635.57820304 23944.26331402
0.17300001 478505.70630828 17484.59933421
0.17400001 471437.33223238 13612.75361109
0.17500001 464429.03461290 13487.01980212
0.17600001 457480.44612268 14575.32770185
0.17700001 450595.89686852 16843.27542046
0.17800001 443772.31848721 19064.45970266
0.17900001 437010.73775333 12979.21952433
0.18000001 430312.28659133 17524.46869920
0.18100001 423677.43968379 11566.39464972
0.18200001 417102.71887415 16029.25824352
0.18300001 410593.76782319 13598.86623271
0.18400001 404146.41914528 12336.57002720
0.18500001 397763.65141298 12207.36703857
0.18600001 391444.08469685 15372.00993227
0.18700001 385187.84735982 13034.75737048
0.18800001 378995.01186917 12893.41091295
0.18900001 372868.12529132 14877.43890204
0.19000001 366801.39976918 13661.51877989
0.19100001 360803.44066376 11430.25354031
0.19200001 354865.96731122 11300.70726300
0.19300001 348995.19893753 10155.76076897
0.19400001 343187.42450642 11042.05590527
0.19500001 337444.29771775 11905.03538606
0.19600001 331764.23657467 12744.72375028
0.19700001 326149.04241665 9686.62701754
0.19800001 320597.97256886 11483.81992013
0.19900001 315111.77868545 12289.35994953
0.20000001 309687.45587819 10270.78495961
0.20100001 304328.91052807 11065.39970978
0.20200001 299032.83082007 10016.10514171
0.20300001 293801.12945453 15283.53547660
0.20400001 288633.01134196 12425.65172558
0.20500001 283527.52641281 9637.10107829
0.20600001 278485.92211475 9511.68711943
0.20700001 273507.16901950 11093.45129981
0.20800001 268590.85732818 8420.32377527
0.20900001 263739.70766322 8307.80118411
0.21000001 258948.72350485 9015.30023500
0.21100001 254220.30230713 9701.04719464
0.21200001 249553.74145320 7973.24241636
0.21300001 244949.01952118 14153.15501703
0.21400001 240406.83762469 11629.68131991
0.21500001 235926.39559675 9172.81869447
0.21600001 231505.47424385 9796.15460578
0.21700001 227146.41265886 10398.76326317
0.21800001 222847.66094843 9516.70981076
0.21900001 218608.22373246 7214.07172426
0.22000001 214428.42394417 7819.13284883
0.22100001 210310.60885498 10505.01540902
0.22200001 206250.87983463 8278.91070803
0.22300001 202249.98701663 10872.95981615
0.22400001 198306.08450591 8031.39680226
0.22500001 194423.65484319 7250.05843194
0.22600001 190597.24217978 11681.70552561
0.22700001 186829.37680033 7028.52148760
0.22800001 183118.07171108 8806.14848503
0.22900001 179463.03170341 8048.91735254
0.23000001 175864.92928682 6703.09209677
0.23100001 172324.22992362 7196.26018194
0.23200001 168837.33663207 7671.12475267
0.23300001 165406.91730558 8128.09630081
0.23400001 162031.29603474 6853.92414643
0.23500001 158708.86470443 8989.27052202
0.23600001 155441.36020551 6078.53467833
0.23700001 152227.33725030 7064.87105594
0.23800001 149066.47279834 5878.43663284
0.23900001 145958.52867685 6305.40873708
0.24000001 142902.51995339 5682.51897473
0.24100001 139899.64141474 7109.70011299
0.24200001 136947.51680747 5490.91094613
0.24300001 134046.52645738 5396.71341045
0.24400001 131195.40080413 4821.43120762
0.24500001 128394.84141308 6159.10083394
0.24600001 125643.89304475 6982.65968628
0.24700001 122943.04775014 4573.48159266
0.24800001 120289.79981216 6739.23635329
0.24900001 117684.81980856 4413.18095160
0.25000001 115128.05424198 4768.02859200
0.25100001 112617.98223504 4256.95992988
0.25200001 110155.94900455 4180.41846250
0.25300001 107740.20039426 8209.80365845
0.25400001 105369.71312701 4433.43088957
0.25500001 103044.72044608 5143.99268804
0.25600001 100765.18900780 4661.39786404
0.25700001 98529.71327809  3813.10008427
0.25800001 96338.25862473  4491.28982959
0.25900001 94190.65451803  4040.77927001
0.26000001 92086.58666508  3965.70904237
0.26100001 90022.92761660  4953.06171183
0.26200001 88004.01665703  4166.11034567
0.26300001 86025.10926483  4769.23228331
0.26400001 84087.28220951  4345.21051378
0.26500001 82190.95487588  3607.36118020
0.26600001 80333.71078708  4504.31137697
0.26700001 78517.43996015  4418.96173006
0.26800001 76740.02744781  3715.75230486
0.26900001 75000.68733333  4252.53917304
0.27000001 73300.28065816  3277.62220473
0.27100001 71637.35844273  3799.64567161
0.27200001 70012.20322414  4300.49978656
0.27300001 68423.26665353  3093.41603180
0.27400001 66869.69005306  3034.21232975
0.27500001 65354.09198481  2976.22548984
0.27600001 63871.79958807  3715.42275787
0.27700001 62426.08653606  2863.48472493
0.27800001 61013.84426129  3064.11540382
0.27900001 59635.96891074  2755.18189407
0.28000001 58291.33627996  3439.77191668
0.28100001 56979.62038573  2892.28566767
0.28200001 55700.92242273  3310.30597626
0.28300001 54454.18071783  2551.72302921
0.28400001 53239.22390945  2731.17231582
0.28500001 52055.81522851  2233.19457900
0.28600001 50902.16199501  2848.73963089
0.28700001 49779.58087505  2580.57359471
0.28800001 48685.91062737  2532.64119071
0.28900001 47623.37629384  3728.91054031
0.29000001 46588.17259734  2643.64597917
0.29100001 45582.72227849  1996.52333030
0.29200001 44604.81472289  2352.45803984
0.29300001 43654.45963910  2117.67793733
0.29400001 42731.26444265  2079.94439520
0.29500001 41835.80113128  2043.26062397
0.29600001 40965.55454596  2007.51709556
0.29700001 40121.13680932  1793.41490027
0.29800001 39302.82435041  2291.55128223
0.29900001 38509.48380700  1906.21953869
0.30000001 37740.70220617  2044.79134233
0.30100001 36997.06557834  1843.56386504
0.30200001 36275.94507854  1648.74178187
0.30300001 35578.91113647  1946.87810956
0.30400001 34905.49850229  1756.61929529
0.30500001 34253.59441639  2201.13608140
0.30600001 33624.24870131  2167.75541640
0.30700001 33017.37466937  1525.40278194
0.30800001 32431.41220030  2104.47443731
0.30900001 31866.66185819  2222.69976984
0.31000001 31323.38704602  1753.48328985
0.31100001 30798.81790440  1873.80017002
0.31200001 30295.30707620  1706.83768148
0.31300001 29810.74946309  1825.31227605
0.31400001 29346.85974141  1941.29486381
0.31500001 28900.76390772  2191.83403854
0.31600002 28473.23193059  1760.07291512
0.31700002 28063.50015287  1740.21772688
0.31800002 27671.93508304  1456.51237206
0.31900002 27297.95512184  1310.30190789
0.32000002 26940.78122391  1556.63841282
0.32100002 26600.74208971  1284.81590377
0.32200002 26277.13365422  1527.75262300
0.32300002 25968.98644654  1262.09280106
0.32400002 25676.85280140  1627.27062334
0.32500002 25399.69769198  1987.27244152
0.32600002 25138.16864160  1726.23812236
0.32700002 24891.11803075  1224.64306510
0.32800002 24659.24814426  1460.32074425
0.32900002 24440.23401176  1572.72913313
0.33000002 24236.66599130  1323.68557580
0.33100002 24044.27166617  1436.88574281
0.33200002 23867.47773752  1549.83474028
0.33300002 23702.16723423  1306.22649813
0.33400002 23550.32157407  1183.40371514
0.33500002 23410.27240337  1297.86556350
0.33600002 23282.13335772  1529.98546606
0.33700002 23165.11926511  1291.91876260
0.33800002 23060.83623973  1289.90793616
0.33900002 22966.51884100  1405.55101963
0.34000002 22883.71396951  1287.55222747
0.34100002 22811.40754088  1404.27031472
0.34200002 22750.35793891  1521.65776281
0.34300002 22697.94909007  1288.33565137
0.34400002 22656.22410491  1406.95158355
0.34500002 22623.59954491  1291.58135919
0.34600002 22601.47550466  1529.32891245
0.34700002 22586.28761022  1296.90469600
0.34800002 22581.60237290  1300.36163423
0.34900002 22584.93715584  1659.99295957
0.35000002 22596.61147573  1308.68281560
0.35100002 22616.55046620  1194.15392117
0.35200002 22643.41294189  1318.86564927
0.35300002 22678.44140035  1324.64782493
0.35400002 22721.21926189  1451.88597960
0.35500002 22770.76652555  1702.34258608
0.35600002 22826.75025844  1589.08429451
0.35700002 22889.77970872  1475.01747429
0.35800002 22959.67533473  1607.29214794
0.35900002 23035.49887545  1492.70039783
0.36000002 23117.93597236  1752.57080908
0.36100002 23205.53508059  1764.08486038
0.36200002 23299.82768502  1522.41081305
0.36300002 23397.90736942  1533.03096346
0.36400002 23501.92777267  2058.76897040
0.36500002 23610.60143610  1555.46649629
0.36600002 23724.70802126  1959.06785765
0.36700002 23843.04995492  1447.75006184
0.36800002 23967.21315065  1857.21943502
0.36900002 24094.70093281  1470.98156163
0.37000002 24225.33076267  1752.58163704
0.37100002 24360.38124659  1767.10213933
0.37200002 24499.69620965  1644.90968144
0.37300002 24642.00343046  1658.89974952
0.37400002 24788.64612019  1812.66983341
0.37500002 24937.43634705  1828.41291958
0.37600002 25090.46203919  1702.63883464
0.37700002 25245.08958668  1574.53631211
0.37800002 25403.39857471  2455.11157156
0.37900002 25564.06379092  2622.87306920
0.38000002 25727.31184033  1617.34753546
0.38100002 25892.38181701  2077.08696776
0.38200002 26059.86815860  1796.56739596
0.38300002 26229.10044567  2115.11476014
0.38400002 26400.75892021  1982.03706983
0.38500002 26573.17121265  1692.44535471
0.38600002 26748.22760177  1863.28162301
0.38700002 26923.73990629  1566.96173678
0.38800002 27100.51519635  1739.44665028
0.38900002 27278.61257706  2234.11847590
0.39000002 27458.49776647  1932.52916436
0.39100002 27638.34415088  1950.16165568
0.39200002 27819.48773788  1639.95887984
0.39300002 28000.99740785  2316.80263529
0.39400002 28183.89883348  2504.84412750
0.39500002 28366.26736854  2358.93890613
0.39600002 28548.97877280  2210.11929641
0.39700002 28731.55883874  1715.27414394
0.39800002 28915.36403161  1903.64308121
0.39900002 29098.22020280  2269.66128335
0.40000002 29280.84162912  2113.49124892
0.40100002 29463.17228222  2487.28112191
0.40200002 29646.30478802  1792.11920935
0.40300002 29827.78850644  2349.83328987
0.40400002 30009.00146241  2369.96100278
0.40500002 30189.50756424  2206.24931733
0.40600002 30369.64286570  2224.88014176
0.40700002 30548.72208345  2804.37282014
0.40800002 30727.13305545  2450.64261295
0.40900002 30903.82119985  2090.64360323
0.41000002 31080.36240065  2107.71487607
0.41100002 31255.30762398  2317.89372322
0.41200002 31428.40306962  2141.68862866
0.41300002 31600.79200438  2943.61391468
0.41400002 31771.41683565  2175.54787091
0.41500002 31941.27864496  2391.76305826
0.41600002 32108.24571116  2811.71921016
0.41700002 32274.40424423  2225.96576620
0.41800002 32439.83581890  3262.15004452
0.41900002 32601.43817608  2875.44698338
0.42000002 32761.98421619  2482.70328155
0.42100002 32921.26366712  2083.91608887
0.42200002 33078.41064743  3777.88545906
0.42300002 33232.95438583  3804.50879837
0.42400002 33385.58379423  2341.16417451
0.42500002 33536.45404445  2142.97951499
0.42600002 33683.80967749  2157.44811208
0.42700002 33830.19552448  2606.27838671
0.42800002 33973.78313871  2186.21304857
0.42900002 34115.60083150  2200.45635790
0.43000002 34255.00445068  2878.96198548
0.43100002 34390.51586106  2228.50553340
0.43200002 34524.57461636  2915.08259587
0.43300002 34655.67437164  2707.30141021
0.43400002 34784.59031937  3404.54193884
0.43500002 34910.45923383  2739.77297050
0.43600002 35034.60074726  2296.51818781
0.43700002 35155.03965531  2771.62345777
0.43800002 35272.12091886  3019.47005435
0.43900002 35387.49479381  3503.36215061
0.44000002 35499.28157088  2817.93310464
0.44100002 35608.97868370  3305.22555806
0.44200002 35715.50225331  2847.95428464
0.44300002 35819.38617466  2385.57123229
0.44400002 35919.75490816  3356.70125524
0.44500002 36016.38821500  3132.34543150
0.44600002 36110.93061163  3631.85701838
0.44700002 36202.66546989  2676.10115836
0.44800002 36290.20987084  2932.97490076
0.44900002 36376.20555761  2946.47278981
0.45000002 36458.73262252  2466.43337880
0.45100002 36536.84859990  2477.19845247
0.45200002 36612.95447140  3980.56059878
0.45300002 36685.22525905  2748.09035440
0.45400002 36755.00786363  3261.08822725
0.45500002 36821.47731640  3274.16591815
0.45600002 36884.46173083  3286.95896292
0.45700002 36944.28869754  3045.68730457
0.45800002 37000.31528045  3311.71337613
0.45900002 37053.37414178  3579.35611174
0.46000002 37104.03887901  2565.74441009
0.46100002 37150.13636403  3089.40548645
0.46200002 37193.89551689  3616.36263250
0.46300002 37234.01204036  3109.78483300
0.46400002 37270.36209826  4159.37260730
0.46500002 37304.46683077  3389.85706158
0.46600002 37334.37380476  3138.32761077
0.46700002 37361.06217549  3934.12003354
0.46800002 37385.24994291  3419.06819558
0.46900002 37405.32385656  4746.73582238
0.47000002 37421.86239439  3437.01111452
0.47100002 37435.59939710  2915.48461923
0.47200002 37445.84898205  3188.13973344
0.47300002 37453.44749027  2662.94024277
0.47400002 37456.29337084  3736.26544083
0.47500002 37457.09982235  2941.88075949
0.47600002 37454.92830597  3751.86034624
0.47700002 37448.30886117  3222.05264713
0.47800002 37438.73716463  2958.97073206
0.47900002 37426.43970225  3503.11492217
0.48000002 37410.25270707  3238.97983290
0.48100002 37392.16958291  2703.45398898
0.48200002 37368.81755584  2978.10805627
0.48300002 37342.89460497  3253.31313219
0.48400002 37314.11916448  2714.60229789
0.48500002 37282.17613454  4620.38030736
0.48600002 37247.56537206  3809.30869116
0.48700002 37209.30724781  2723.72141964
0.48800002 37167.13682717  3816.69346169
0.48900002 37122.80981880  3274.23198122
0.49000002 37074.99327198  4915.03209104
0.49100002 37024.63546575  4371.86916303
0.49200002 36970.39764061  3280.75324214
0.49300002 36913.42194588  3282.34163501
0.49400002 36853.60614728  2736.38038614
0.49500002 36789.98168158  3284.60972023
0.49600002 36724.61844339  3285.38452168
0.49700002 36655.33796599  3011.96926344
0.49800002 36583.48101448  4381.23789397
0.49900002 36508.64677429  3011.96350165
0.50000002 36430.76308777  3011.54917341
