# SAXS profile: number of points = 501, q_min = 0, q_max = 0.5, delta_q = 0.001
#    q    intensity    error
0.00000000 1700912.83420644 331.67800267
0.00100000 1700842.85253678 561.27815467
0.00200000 1700632.85940537 1071.39873535
0.00300000 1700283.01940503 1428.23778718
0.00400000 1699793.19930351 1402.32944271
0.00500000 1699163.87272265 1835.09705518
0.00600000 1698394.74831981 1961.64601417
0.00700000 1697486.53220244 2648.07910029
0.00800000 1696438.62475931 2519.21146413
0.00900000 1695252.44500722 3051.45453146
0.01000000 1693927.05535462 3633.47369063
0.01100000 1692463.79996917 4265.00896162
0.01200000 1690862.15763999 3626.89948715
0.01300000 1689123.44264939 4256.59126321
0.01400000 1687246.98482966 4555.56706099
0.01500000 1685234.50568419 6471.30078999
0.01600000 1683084.89454579 4721.05334025
0.01700000 1680800.36487967 6807.24178313
0.01800000 1678380.30008045 5261.72247752
0.01900000 1675825.55483930 5027.47689137
0.02000000 1673136.82013674 8432.60995494
0.02100000 1670315.70109637 8268.06309529
0.02200000 1667360.38772786 6327.63295891
0.02300000 1664273.75320224 7189.66294110
0.02400000 1661055.71753756 6851.85514727
0.02500000 1657707.71973511 7758.07248268
0.02600000 1654229.77129975 6699.63088019
0.02700000 1650623.16706630 8319.14114304
0.02800000 1646887.57468384 9313.14966193
0.02900000 1643025.62538982 8872.33878447
0.03000000 1639037.80478217 9145.83137108
0.03100000 1634924.17990611 10201.92735204
0.03200000 1630685.91033330 11300.65387910
0.03300000 1626325.68157854 9123.68749426
0.03400000 1621841.59753394 8514.66877992
0.03500000 1617237.09705860 8733.08072739
0.03600000 1612511.74066342 8949.44057427
0.03700000 1607667.63808773 9163.70596090
0.03800000 1602705.75022860 12188.57779457
0.03900000 1597627.70955292 12461.49671160
0.04000000 1592432.28749653 13710.84263069
0.04100000 1587123.47428172 9998.87835159
0.04200000 1581701.62031488 12242.37110920
0.04300000 1576166.89515864 12483.24238910
0.04400000 1570522.81253980 14841.44126777
0.04500000 1564769.02149066 11876.59742496
0.04600000 1558906.03798039 16485.43211800
0.04700000 1552937.16603818 12299.26292704
0.04800000 1546862.33519407 11369.43869267
0.04900000 1540684.68119842 15021.67634091
0.05000000 1534403.41731136 18781.09870245
0.05100000 1528021.93383885 16686.00029482
0.05200000 1521538.72268843 14515.48009089
0.05300000 1514958.80160983 18406.75029764
0.05400000 1508281.12979907 18664.97985168
0.05500000 1501509.28672943 16396.48217597
0.05600000 1494641.77669269 17890.86290187
0.05700000 1487683.99637858 14237.13650991
0.05800000 1480634.25593319 17034.69790990
0.05900000 1473494.27222441 15913.73888329
0.06000000 1466267.70418867 18782.89016817
0.06100000 1458955.57765646 25779.74626191
0.06200000 1451558.33662220 26062.73115232
0.06300000 1444079.28642714 16635.79415745
0.06400000 1436516.47361967 15406.63990009
0.06500000 1428876.34077516 18389.63936600
0.06600000 1421156.72972395 14282.62580199
0.06700000 1413360.52855273 21624.41709886
0.06800000 1405490.96315781 18910.88179449
0.06900000 1397548.59933823 16141.68707809
0.07000000 1389533.13886158 17758.23434624
0.07100000 1381449.12520445 20887.51175142
0.07200000 1373295.99603442 18045.11023325
0.07300000 1365078.48869198 21213.32070824
0.07400000 1356795.46844657 16790.34470889
0.07500000 1348449.98653703 18446.79668047
0.07600000 1340041.77031672 24763.97307640
0.07700000 1331576.41405133 15579.44477490
0.07800000 1323052.18487558 17245.98603862
0.07900000 1314471.43002566 18928.38948018
0.08000000 1305837.89300146 17452.52425868
0.08100000 1297151.95297854 19145.96372426
0.08200000 1288414.06169128 24061.13373116
0.08300000 1279627.87411065 33858.95513804
0.08400000 1270793.58239527 19443.14272328
0.08500000 1261915.46369652 26045.93639343
0.08600000 1252992.63465650 16351.55465000
0.08700000 1244028.37973785 22989.64553710
0.08800000 1235022.09623805 23082.56406273
0.08900000 1225979.68052600 21515.94440383
0.09000000 1216899.17579800 23254.94434191
0.09100000 1207784.23054531 21667.65011395
0.09200000 1198635.28335122 21737.25188494
0.09300000 1189456.07320652 20125.59770440
0.09400000 1180244.74428228 16818.48839645
0.09500000 1171005.63317806 18548.73010138
0.09600000 1161740.10701843 25354.97902756
0.09700000 1152450.82023428 28799.74735161
0.09800000 1143139.18572024 27160.98832976
0.09900000 1133806.18285816 18707.80289685
0.10000000 1124452.06815505 22146.08452378
0.10100000 1115079.89668681 23885.01251039
0.10200000 1105692.16093402 18791.23915894
0.10300000 1096289.01568571 22232.74228395
0.10400000 1086873.75350283 20541.91490760
0.10500000 1077448.65476671 18844.57785850
0.10600001 1068010.34534524 20569.88021924
0.10700001 1058566.16533636 18863.64995397
0.10800001 1049114.32620249 20583.62404879
0.10900001 1039658.13134187 27446.97595924
0.11000001 1030198.31221584 29159.76459981
0.11100001 1020736.65418928 20578.05191713
0.11200001 1011275.53134386 29139.90580750
0.11300001 1001814.07409905 22270.32791573
0.11400001 992356.79585781 17118.15553455
0.11500001 982904.25905624 18812.78840419
0.11600001 973456.84262223 18792.58523179
0.11700001 964017.89543556 18769.42930808
0.11800001 954585.81878080 18743.29343454
0.11900001 945164.81513164 23818.15446319
0.12000001 935754.84064844 18682.34627358
0.12100001 926359.95215876 23733.34309234
0.12200001 916977.83446801 21993.71439587
0.12300001 907612.76253959 23634.23745004
0.12400001 898263.87554728 16842.44846009
0.12500001 888933.83897863 23521.19048770
0.12600001 879625.35468794 18432.55017609
0.12700001 870337.55638774 18381.53005716
0.12800001 861071.41123854 19994.07911126
0.12900001 851829.85602188 18271.75127286
0.13000001 842613.64786354 21524.56664923
0.13100001 833422.50692725 16501.76641501
0.13200001 824260.45493420 21377.19590645
0.13300001 815127.95201355 21299.29439023
0.13400001 806024.32755179 22850.79076341
0.13500001 796952.70369241 26012.53747496
0.13600001 787912.43233180 17810.76137265
0.13700001 778906.78928064 19348.04555805
0.13800001 769934.09891157 25685.00275089
0.13900001 760999.89320863 30363.89717093
0.14000001 752100.44009476 20679.00257564
0.14100001 743240.11221751 22163.42119162
0.14200001 734417.18897589 17328.57439119
0.14300001 725637.30986829 17241.14329569
0.14400001 716893.72426293 20270.17100968
0.14500001 708195.80803758 15509.48892764
0.14600001 699538.80309378 23137.24700381
0.14700001 690928.07281331 16872.46433409
0.14800001 682359.98550149 16775.82103502
0.14900001 673836.85419937 16677.46292829
0.15000001 665361.19112043 19591.56119693
0.15100001 656932.70765555 20969.29301780
0.15200001 648553.31232835 17861.15906434
0.15300001 640222.80483346 17746.97698745
0.15400001 631939.89106899 23508.16505714
0.15500001 623709.34869069 14594.79944813
0.15600001 615528.63983579 15945.27016748
0.15700001 607402.90987548 14395.44964347
0.15800001 599325.22334087 14293.90725133
0.15900001 591304.24805596 15610.43288550
0.16000001 583334.78389799 18313.79640493
0.16100001 575423.17592208 20974.17575243
0.16200001 567564.29829518 15264.64252323
0.16300001 559762.68922086 15147.17908538
0.16400001 552016.84970590 16394.90121026
0.16500001 544328.59307016 14909.16086807
0.16600001 536697.17524712 13444.26487468
0.16700001 529123.79707278 13333.92031579
0.16800001 521607.62774909 17189.58018410
0.16900001 514152.79746857 13110.89695452
0.17000001 506756.38496382 18197.62264334
0.17100001 499419.94848132 18039.04939097
0.17200001 492143.58046870 15325.35181950
0.17300001 484928.15925576 12656.62555428
0.17400001 477774.73976042 15049.90501320
0.17500001 470681.79650554 19881.60002335
0.17600001 463648.88118534 17233.82972760
0.17700001 456680.45152887 14632.04235807
0.17800001 449773.50337716 14491.70296329
0.17900001 442928.98675286 16742.71649008
0.18000001 436148.03097573 14209.70352039
0.18100001 429431.29738230 12895.82246954
0.18200001 422774.99864154 17407.76139137
0.18300001 416185.04408118 13784.04931112
0.18400001 409657.20903765 12504.78689661
0.18500001 403194.46224987 15748.77643949
0.18600001 396795.31748292 14469.14193559
0.18700001 390460.07735853 14314.26711224
0.18800001 384188.50984858 17426.79163008
0.18900001 377983.80869516 12927.04686814
0.19000001 371839.55680533 10653.20380582
0.19100001 365764.54086470 10534.01927464
0.19200001 359750.90979768 13539.22612998
0.19300001 353804.26334112 17502.69773453
0.19400001 347921.10124646 11194.36196158
0.19500001 342103.26648992 10057.83651009
0.19600001 336349.09109306 11926.93933378
0.19700001 330660.18908431 11784.72969588
0.19800001 325036.09417880 10672.56065673
0.19900001 319477.49508178 12459.62289703
0.20000001 313981.23772288 11359.84171769
0.20100001 308551.45179104 13088.75320358
0.20200001 303184.67546965 10155.17118482
0.20300001 297882.87353247 9115.21636092
0.20400001 292645.32406861 12598.38179663
0.20500001 287471.02721725 10659.42619305
0.20600001 282361.00319381 13150.96434537
0.20700001 277314.64119731 10382.66065721
0.20800001 272331.11427708 11952.61317062
0.20900001 267413.55741155 11792.93843932
0.21000001 262556.83673131 12464.88641306
0.21100001 257763.25528702 11475.62066787
0.21200001 253032.16609568 8892.81589784
0.21300001 248363.43522350 7972.46664758
0.21400001 243758.09085735 8647.31868198
0.21500001 239214.98671085 8525.62252945
0.21600001 234731.89205898 8404.57579253
0.21700001 230311.53391074 9037.42501794
0.21800001 225951.94567421 8164.77394297
0.21900001 221652.37381272 8777.43441799
0.22000001 217413.11625697 10090.14320257
0.22100001 213236.63211973 8520.93622240
0.22200001 209118.79412127 8394.02879294
0.22300001 205060.46919796 8957.04171810
0.22400001 201059.63414170 10178.64445973
0.22500001 197120.95619479 8018.88087720
0.22600001 193239.08744250 6579.79123856
0.22700001 189416.41900532 7773.65020359
0.22800001 185650.83719966 7652.52787126
0.22900001 181942.27581394 9415.51321864
0.23000001 178291.30765120 8031.13233296
0.23100001 174698.42618997 7295.40662271
0.23200001 171159.84035053 7776.64771411
0.23300001 167678.58644398 6474.07052879
0.23400001 164252.73066604 6947.89083578
0.23500001 160880.76869066 6834.21537721
0.23600001 157564.29595040 8962.25757755
0.23700001 154301.99082351 7161.15573283
0.23800001 151093.58454104 5958.37578820
0.23900001 147938.73589201 7456.11264163
0.24000001 144836.49633304 7853.75938515
0.24100001 141787.92349158 7205.66261268
0.24200001 138790.85131268 5564.81944661
0.24300001 135845.52342343 5469.14103173
0.24400001 132950.81079631 5374.53678068
0.24500001 130107.20642132 4800.95614405
0.24600001 127313.89837569 5660.37618955
0.24700001 124571.46337741 6487.68211960
0.24800001 121877.16843668 5917.74619339
0.24900001 119231.85053144 5365.43352774
0.25000001 116635.31876955 6147.84794319
0.25100001 114086.25613174 4743.70675438
0.25200001 111585.68047492 4234.67677436
0.25300001 109132.17357634 4989.52321197
0.25400001 106724.47962020 4898.65384633
0.25500001 104363.02171864 4408.29424596
0.25600001 102047.57943858 4327.32781083
0.25700001 99776.92460906  4247.50388157
0.25800001 97550.84118147  4926.80546698
0.25900001 95369.22029126  4463.27972081
0.26000001 93231.70394394  4015.02352032
0.26100001 91135.26283689  5014.26239854
0.26200001 89084.29259409  4920.12571278
0.26300001 87073.95932066  3448.12895225
0.26400001 85105.18427660  4397.81060559
0.26500001 83178.52249778  4314.47016612
0.26600001 81291.65864760  3906.87729948
0.26700001 79446.25615566  4151.86154316
0.26800001 77640.33406229  4072.62391596
0.26900001 75873.16807547  4916.58152395
0.27000001 74145.40866119  3014.01100471
0.27100001 72455.85164150  4434.29833030
0.27200001 70804.62225341  4349.17412773
0.27300001 69190.12126081  2843.71411840
0.27400001 67611.45671550  3904.56181010
0.27500001 66071.56801653  3282.43565440
0.27600001 64565.48195765  3487.50467299
0.27700001 63096.44149985  2631.12173507
0.27800001 61661.51116172  3612.74810995
0.27900001 60261.40210547  3037.17480986
0.28000001 58895.21878062  3723.65038364
0.28100001 57562.45979837  2678.38138118
0.28200001 56263.25112924  2866.05014817
0.28300001 54996.50847848  3279.99192090
0.28400001 53762.11951358  2757.99686158
0.28500001 52559.79022367  2254.81510732
0.28600001 51387.74497848  3760.81229426
0.28700001 50247.22998430  2821.88456948
0.28800001 49136.22794485  2556.06669868
0.28900001 48056.92062744  2717.61899012
0.29000001 47005.32756542  2667.31743896
0.29100001 45983.98504015  2618.32823212
0.29200001 44990.73897420  2175.07737867
0.29300001 44025.58601313  2135.68127859
0.29400001 43087.94020564  2097.30558879
0.29500001 42178.53474630  2996.36325022
0.29600001 41294.85230420  2575.56006013
0.29700001 40437.50586145  3253.60187563
0.29800001 39606.62687561  1953.99302941
0.29900001 38801.22958451  2095.26649675
0.30000001 38020.81380982  1888.30380726
0.30100001 37266.05789501  1856.96775282
0.30200001 36534.25165788  1660.48181646
0.30300001 35826.86406341  2123.81660222
0.30400001 35143.60050668  1607.81979930
0.30500001 34482.21339782  2057.55377086
0.30600001 33843.81257604  1714.35840720
0.30700001 33228.29692461  1688.66212966
0.30800001 32634.17078076  1815.11266476
0.30900001 32061.62407267  1639.95214896
0.31000001 31510.90897429  1910.97916522
0.31100001 30979.27889224  1594.81335288
0.31200001 30469.04528224  1716.62609248
0.31300001 29978.29610594  1835.57115747
0.31400001 29508.49960340  1812.55967396
0.31500001 29056.77510927  2203.66592862
0.31600002 28624.09364185  1497.18328883
0.31700002 28209.56515768  1614.71558608
0.31800002 27813.46259388  1863.22394739
0.31900002 27435.29973299  1580.27333944
0.32000002 27074.42581652  1694.72376423
0.32100002 26730.84083750  1678.42957566
0.32200002 26404.06497082  1663.06011093
0.32300002 26093.02850779  1521.74549463
0.32400002 25798.37503766  1760.73917969
0.32500002 25519.00258354  2246.18271376
0.32600002 25255.48100461  1362.65954213
0.32700002 25006.75707317  1599.43225814
0.32800002 24773.56851588  1589.34836340
0.32900002 24553.50935200  1458.47852457
0.33000002 24349.15314298  1450.72261296
0.33100002 24156.19177997  1684.16977065
0.33200002 23979.13462329  1437.30939738
0.33300002 23813.76205768  1670.29734982
0.33400002 23662.17896799  1426.82945934
0.33500002 23522.58413736  1778.30744500
0.33600002 23395.15444207  1300.88762436
0.33700002 23279.13173427  1534.32764527
0.33800002 23176.00660406  1296.34999079
0.33900002 23083.13065650  1177.23971923
0.34000002 23001.92802925  1411.85840930
0.34100002 22931.44009278  1294.02122572
0.34200002 22872.47391201  1294.46772235
0.34300002 22822.22446929  1177.62683839
0.34400002 22782.99024099  1296.92178089
0.34500002 22752.89467652  2007.48799238
0.34600002 22733.62835057  1774.92811753
0.34700002 22721.36841665  1423.26658503
0.34800002 22719.89760628  1308.32536562
0.34900002 22726.48278250  1312.45444285
0.35000002 22741.69576504  1317.08537261
0.35100002 22765.27665375  1202.00666425
0.35200002 22795.84332751  1569.15194977
0.35300002 22834.81096296  1818.79277934
0.35400002 22881.63328076  1218.44702991
0.35500002 22935.31031103  1469.69475434
0.35600002 22995.66918093  1354.55995726
0.35700002 23063.09280896  1238.48814250
0.35800002 23137.58613174  1619.74679387
0.35900002 23218.06424937  1379.15308174
0.36000002 23305.24652048  1261.97915886
0.36100002 23397.75181039  2159.84657192
0.36200002 23497.00618820  1663.23566181
0.36300002 23600.16092413  1803.99638649
0.36400002 23709.34019727  1817.32101220
0.36500002 23823.26492937  1831.05622920
0.36600002 23942.66565029  2108.87009037
0.36700002 24066.38248848  1594.15725155
0.36800002 24196.01461157  1874.94926106
0.36900002 24328.96018913  1485.28308990
0.37000002 24465.16203342  1361.48633165
0.37100002 24605.82593187  1647.60618244
0.37200002 24750.84228664  1938.73356815
0.37300002 24898.81378795  1676.18822361
0.37400002 25051.22597211  1690.95783322
0.37500002 25205.82577114  1563.76950492
0.37600002 25364.66512961  1434.37188103
0.37700002 25525.15754075  2170.91475168
0.37800002 25689.29421545  1606.48008987
0.37900002 25855.86219900  1915.91947971
0.38000002 26025.01247316  1487.32953330
0.38100002 26195.98557518  2251.54506685
0.38200002 26369.42206712  1666.41570648
0.38300002 26544.54106318  1834.75876521
0.38400002 26722.12120381  1851.84308715
0.38500002 26900.47898779  2180.55293005
0.38600002 27081.34253295  1572.07200851
0.38700002 27262.79761870  2062.70336555
0.38800002 27445.41109235  2242.01573835
0.38900002 27629.38372179  3071.00614617
0.39000002 27815.09561972  1631.35543538
0.39100002 28000.67015650  2798.94712145
0.39200002 28187.70094557  1993.99805936
0.39300002 28374.88982678  2850.82531596
0.39400002 28563.49104226  1861.62561688
0.39500002 28751.42302823  2049.40153055
0.39600002 28939.77335066  2240.37266009
0.39700002 29127.86889561  2086.72062655
0.39800002 29317.23173104  2456.49096313
0.39900002 29505.54947608  2301.43296817
0.40000002 29693.47275913  1964.66871819
0.40100002 29881.23519902  1982.02242466
0.40200002 30069.61666626  1999.47925496
0.40300002 30256.28394753  2750.29634114
0.40400002 30442.66221526  2034.33099892
0.40500002 30628.28709883  2051.78904997
0.40600002 30813.40918449  2445.50633580
0.40700002 30997.38982757  1897.04034733
0.40800002 31180.59430081  3634.56614688
0.40900002 31362.04927132  2700.27257020
0.41000002 31543.28871765  2139.10822574
0.41100002 31722.78830632  3332.79629738
0.41200002 31900.34250208  2173.84894281
0.41300002 32077.20072335  3585.58966675
0.41400002 32252.11966076  2409.23345282
0.41500002 32426.19849871  2225.73437041
0.41600002 32597.35501923  2446.75758368
0.41700002 32767.52664027  3287.23842831
0.41800002 32936.90155544  2484.10123302
0.41900002 33102.35160163  2711.08272464
0.42000002 33266.63408000  2941.10325838
0.42100002 33429.56651117  3385.74665668
0.42200002 33590.17249689  2770.68550970
0.42300002 33748.19033406  2790.30050904
0.42400002 33904.12149040  2809.80420166
0.42500002 34058.14598277  2829.21032085
0.42600002 34208.56839534  2629.27069146
0.42700002 34357.91957398  3088.08995764
0.42800002 34504.40872667  3552.57409084
0.42900002 34648.92384997  2681.82683307
0.43000002 34790.97010016  2474.15995592
0.43100002 34928.99977238  2489.73922176
0.43200002 35065.39950863  3643.99648962
0.43300002 35198.74837515  2749.72635337
0.43400002 35329.88438475  3457.91259802
0.43500002 35457.71045587  2782.72124845
0.43600002 35583.76749699  2565.76767696
0.43700002 35706.04523803  3284.24219663
0.43800002 35824.71497092  2830.86911116
0.43900002 35941.66484421  3083.79498977
0.44000002 36054.87769552  2623.53329984
0.44100002 36165.80180463  3836.46843724
0.44200002 36273.51107805  2410.37492536
0.44300002 36378.35476601  2422.79854223
0.44400002 36479.69355026  2922.02359185
0.44500002 36577.10440475  3181.11092084
0.44600002 36672.32134730  3688.31889430
0.44700002 36764.58980898  2470.58055225
0.44800002 36852.44436030  3474.81714341
0.44900002 36938.74112370  2493.36514402
0.45000002 37021.48111709  3005.40397952
0.45100002 37099.60177471  3521.49436735
0.45200002 37175.56930779  2778.68805960
0.45300002 37247.56691451  2790.21536980
0.45400002 37317.03498371  2546.88775834
0.45500002 37383.00808675  3579.79702405
0.45600002 37445.45398407  3080.26319071
0.45700002 37504.47829019  2576.55778065
0.45800002 37559.65180750  3103.17857941
0.45900002 37611.74492503  3114.25262739
0.46000002 37661.23463695  4166.83919772
0.46100002 37706.07856117  2613.03136813
0.46200002 37748.51482293  2621.63447870
0.46300002 37787.19510786  3155.98668499
0.46400002 37821.92018269  2901.88696355
0.46500002 37854.36275157  3175.22409809
0.46600002 37882.39399776  3449.76037291
0.46700002 37907.12166213  2927.18807349
0.46800002 37929.22568731  2935.15326893
0.46900002 37947.10660929  3210.32537130
0.47000002 37961.30406777  4291.14601521
0.47100002 37972.59265639  2688.45968750
0.47200002 37980.29431793  2694.70200958
0.47300002 37985.35108149  4591.28960283
0.47400002 37985.30847870  2706.45335739
0.47500002 37983.27218713  4068.00864406
0.47600002 37978.16043537  3804.27251113
0.47700002 37968.37059710  3266.79876101
0.47800002 37955.59643334  3272.53167959
0.47900002 37939.95327559  3278.01211838
0.48000002 37920.39341162  4103.93477149
0.48100002 37898.72733310  2740.07811606
0.48200002 37871.76013952  3566.95189781
0.48300002 37842.10288707  3846.27151975
0.48400002 37809.44696776  3850.89235620
0.48500002 37773.62038775  3029.06676247
0.48600002 37735.00137565  3307.85037738
0.48700002 37692.56996194  4138.64437799
0.48800002 37646.19207807  3313.61798378
0.48900002 37597.54056464  2763.41936249
0.49000002 37545.32552141  3041.73469130
0.49100002 37490.46457840  3043.47605874
0.49200002 37431.63134155  3321.68312270
0.49300002 37370.00113107  3876.76410110
0.49400002 37305.47013258  3323.91754637
0.49500002 37236.91722971  3047.46945053
0.49600002 37166.63761159  2770.77296528
0.49700002 37092.38617597  3047.88151656
0.49800002 37015.45361707  4432.97093531
0.49900002 36935.42035406  3047.17232365
0.50000002 36852.33646914  3600.28918202
