# SAXS profile: number of points = 501, q_min = 0, q_max = 0.5, delta_q = 0.001
#    q    intensity    error
0.00000000 1682732.95097188 252.40994265
0.00100000 1682663.56160243 555.27898852
0.00200000 1682455.34514640 832.81542222
0.00300000 1682108.46267928 1312.04464763
0.00400000 1681622.79698013 1261.21714566
0.00500000 1680998.79738175 1966.76867078
0.00600000 1680236.18759253 2117.09768256
0.00700000 1679335.67366832 2418.24347059
0.00800000 1678296.62470456 3171.98075461
0.00900000 1677120.47489430 4025.08931181
0.01000000 1675806.35828055 3318.09673267
0.01100000 1674355.49132789 4219.37602186
0.01200000 1672767.41950488 4240.46559436
0.01300000 1671043.44756646 4211.02967359
0.01400000 1669182.88713956 5633.49249383
0.01500000 1667187.45769410 5201.62509963
0.01600000 1665056.14374120 4670.48269198
0.01700000 1662790.94315062 4938.48932269
0.01800000 1660391.46628275 6151.75065939
0.01900000 1657858.44960703 5968.29068789
0.02000000 1655192.57350787 7820.78526360
0.02100000 1652395.42406446 5998.19566130
0.02200000 1649465.21462723 7397.85182370
0.02300000 1646404.82978816 8297.88071984
0.02400000 1643214.19367237 6778.25885797
0.02500000 1639894.71985001 8953.82557931
0.02600000 1636446.39587286 7953.12984770
0.02700000 1632870.49022475 8229.66764766
0.02800000 1629166.82704007 8504.25122715
0.02900000 1625337.82778536 9508.22672911
0.03000000 1621384.07325565 9801.26717335
0.03100000 1617305.56984925 10091.98722022
0.03200000 1613103.52610275 7984.86282198
0.03300000 1608780.59366672 10666.21582773
0.03400000 1604334.93254193 8422.75878447
0.03500000 1599769.81991216 9502.63316909
0.03600000 1595084.98174906 9737.99426361
0.03700000 1590282.43010409 9971.07129789
0.03800000 1585363.15278865 14838.99979684
0.03900000 1580328.65077033 14222.95851560
0.04000000 1575177.86151133 9687.34429720
0.04100000 1569914.76175783 16813.78787802
0.04200000 1564539.64581341 13118.66553876
0.04300000 1559052.52941121 12347.69660609
0.04400000 1553457.13044127 15728.75417619
0.04500000 1547753.05263211 13883.34552720
0.04600000 1541940.71650462 14131.88732371
0.04700000 1536023.44081704 12165.30621705
0.04800000 1530001.21441070 12370.06039407
0.04900000 1523876.95754760 12571.98548496
0.05000000 1517650.16105394 13932.02912724
0.05100000 1511324.04367565 12967.16089880
0.05200000 1504897.18648029 14356.71982806
0.05300000 1498374.59751673 15777.88524738
0.05400000 1491754.99174971 17229.77095820
0.05500000 1485042.14179527 16216.66094490
0.05600000 1478234.55980798 15166.68729137
0.05700000 1471337.48233554 14080.70036322
0.05800000 1464349.34783441 14255.44156679
0.05900000 1457272.02766788 15738.53863389
0.06000000 1450108.71558038 15922.19444094
0.06100000 1442860.70478413 14760.46569972
0.06200000 1435528.45465746 16278.89343675
0.06300000 1428115.18234717 13709.90639154
0.06400000 1420619.04557842 19391.45087902
0.06500000 1413046.21989658 18185.90570077
0.06600000 1405394.72948323 14124.21769216
0.06700000 1397667.45406633 17107.45043838
0.06800000 1389867.44355747 20139.18019984
0.06900000 1381995.43380731 17413.14328124
0.07000000 1374051.19463757 17560.37508979
0.07100000 1366039.03322747 16228.54447485
0.07200000 1357958.30984060 23791.43070296
0.07300000 1349813.96696786 22474.40360307
0.07400000 1341604.91338350 16602.36158118
0.07500000 1333333.89072746 21280.00989346
0.07600000 1325000.98324854 22955.64311096
0.07700000 1316611.59498517 16944.79202198
0.07800000 1308163.81735260 18602.09035512
0.07900000 1299660.22882992 18715.10817296
0.08000000 1291104.34121743 18824.30217802
0.08100000 1282496.50125787 20507.12001727
0.08200000 1273837.60340564 17445.20679726
0.08300000 1265130.82885056 15940.64919164
0.08400000 1256376.62421857 19222.56325283
0.08500000 1247578.94916168 20921.89995962
0.08600000 1238737.11880239 16165.52015937
0.08700000 1229854.72106918 24351.12462064
0.08800000 1220930.58209194 17929.36644005
0.08900000 1211970.53190121 22906.24412883
0.09000000 1202973.10726713 16420.58368556
0.09100000 1193941.64753117 16476.39551001
0.09200000 1184876.71781310 21487.74028718
0.09300000 1175781.88671917 21552.08299634
0.09400000 1166655.36107048 19949.80761190
0.09500000 1157501.55266597 21668.43008438
0.09600000 1148321.71506213 30074.54713121
0.09700000 1139118.52117204 16745.04304846
0.09800000 1129892.97409881 20134.69374513
0.09900000 1120646.91506774 16809.70451645
0.10000000 1111380.09191974 20204.89102128
0.10100000 1102095.54069376 18548.26882223
0.10200000 1092795.19709831 23637.16122504
0.10300000 1083480.12802163 21972.97802990
0.10400000 1074153.20179413 21993.28784141
0.10500000 1064816.56230906 16930.58413729
0.10600001 1055467.23461790 18634.27490399
0.10700001 1046112.58073342 27115.23936859
0.10800001 1036749.94316335 16950.86236846
0.10900001 1027383.43937297 23732.55856650
0.11000001 1018013.28376506 23729.89076152
0.11100001 1008641.71815303 16945.18166264
0.11200001 999270.91698959 20325.17140842
0.11300001 989900.12442738 22005.48080206
0.11400001 980533.24125968 16914.19920812
0.11500001 971171.42032864 25347.57526414
0.11600001 961814.89604210 20255.82266452
0.11700001 952466.91186405 18544.53164735
0.11800001 943125.96317303 18518.27915908
0.11900001 933796.18557688 21850.83177171
0.12000001 924477.63240387 26846.83170963
0.12100001 915173.83915074 20097.21845449
0.12200001 905883.30395214 28413.03116703
0.12300001 896609.57706800 21680.02059495
0.12400001 887352.29468128 21629.21320197
0.12500001 878113.93701627 23234.89586829
0.12600001 868896.91985614 18207.73581360
0.12700001 859700.82425194 18156.88226387
0.12800001 850526.09262600 19749.21680154
0.12900001 841376.29328181 18047.52234151
0.13000001 832251.42827096 17989.11546999
0.13100001 823152.00278831 17928.25146582
0.13200001 814081.27950942 21113.19897936
0.13300001 805040.27430621 21035.70335931
0.13400001 796027.68347244 19343.47362034
0.13500001 787047.23251911 16055.76430039
0.13600001 778098.22992811 22385.88713054
0.13700001 769183.39995850 19106.51655590
0.13800001 760301.59451138 15852.28899309
0.13900001 751458.03792647 25248.99126503
0.14000001 742649.46376350 21989.85165909
0.14100001 733879.44681777 18757.95954534
0.14200001 725146.89900542 20220.72223248
0.14300001 716456.94915302 15475.47083165
0.14400001 707803.26610455 20013.13829312
0.14500001 699195.15347663 21437.32441684
0.14600001 690627.49323800 19796.83802757
0.14700001 682106.18531132 16657.03383112
0.14800001 673627.09941053 24088.90621140
0.14900001 665192.92523431 17960.20982870
0.15000001 656805.80355615 14876.65215247
0.15100001 648465.50619133 22177.52135819
0.15200001 640174.27692626 19099.60045335
0.15300001 631931.50389699 20436.66580041
0.15400001 623736.20003884 18852.42753584
0.15500001 615592.97744346 14404.87635199
0.15600001 607499.01394533 15737.26269897
0.15700001 599460.02116803 22731.52507555
0.15800001 591468.63230331 16927.83305549
0.15900001 583533.53369325 21007.20820451
0.16000001 575649.83777904 18072.52751014
0.16100001 567823.37469853 22076.97385041
0.16200001 560049.73988026 15062.53846512
0.16300001 552332.37081726 16304.85235624
0.16400001 544670.91956669 14828.66648526
0.16500001 537066.50102667 20059.43476038
0.16600001 529518.69022421 14590.88819801
0.16700001 522028.26432439 18417.15803493
0.16800001 514594.78572098 15653.97412076
0.16900001 507222.19497910 12934.16658269
0.17000001 499907.70258661 17951.68644756
0.17100001 492652.65066444 15252.52678482
0.17200001 485457.63525803 13857.38885283
0.17300001 478322.77862707 18726.33766759
0.17400001 471249.30228880 14844.35372314
0.17500001 464236.25488950 17158.17279105
0.17600001 457282.50418252 19425.36169512
0.17700001 450392.98093233 12025.49315886
0.17800001 443564.37256659 16673.58555231
0.17900001 436797.71849126 14152.24674758
0.18000001 430094.34722891 15180.18070248
0.18100001 423454.52474829 12716.33997887
0.18200001 416874.74307057 13731.85468541
0.18300001 410360.72106568 16988.93465466
0.18400001 403908.41271767 13450.15077889
0.18500001 397520.55289724 13308.98873974
0.18600001 391195.98614289 15362.26710160
0.18700001 384934.85424004 15197.22876339
0.18800001 378736.81180795 11810.90803425
0.18900001 372605.08073478 10619.24530267
0.19000001 366533.23829313 12601.41332792
0.19100001 360530.28898991 13498.25465758
0.19200001 354588.11205067 12318.39159470
0.19300001 348712.18445092 12177.03005642
0.19400001 342899.48616612 10029.81044431
0.19500001 337151.45960977 17842.05608568
0.19600001 331466.68660749 10774.32515733
0.19700001 325846.57579328 12580.93688592
0.19800001 320290.65322087 16253.14996580
0.19900001 314799.54042184 11332.78399077
0.20000001 309370.56502905 11193.02757175
0.20100001 304007.16532918 15659.40982621
0.20200001 298706.48367858 10914.73542948
0.20300001 293470.28535919 9878.21027208
0.20400001 288297.56232329 12411.21064464
0.20500001 283187.50655544 9625.54380279
0.20600001 278141.26424908 10363.54399578
0.20700001 273158.12175511 11931.54732226
0.20800001 268237.49047085 13454.79315803
0.20900001 263381.96148024 11615.14505034
0.21000001 258586.63763667 11457.97445533
0.21100001 253853.79324852 8072.55100692
0.21200001 249183.11167131 8757.54087370
0.21300001 244574.21255934 7850.83259431
0.21400001 240027.99703996 12385.44523280
0.21500001 235543.60270759 7631.61308853
0.21600001 231118.63586652 10532.07673438
0.21700001 226755.76198597 7414.91376752
0.21800001 222453.09773012 10961.37690891
0.21900001 218209.85818668 8641.11079276
0.22000001 214026.45500863 9932.96824661
0.22100001 209905.06590743 7688.82292774
0.22200001 205841.82409914 8262.49121003
0.22300001 201837.53582882 8816.26398188
0.22400001 197890.22636979 6678.79545580
0.22500001 194004.42285009 9865.12536842
0.22600001 190174.78960150 7122.99708136
0.22700001 186403.94702708 6375.01528980
0.22800001 182689.61191894 6902.92731280
0.22900001 179031.74847031 6794.25517575
0.23000001 175430.66073520 7294.40721834
0.23100001 171887.25528161 5981.67676669
0.23200001 168397.65369762 8828.24741262
0.23300001 164964.66347945 6948.31195437
0.23400001 161586.52107118 6265.51765086
0.23500001 158261.78146377 6162.71406167
0.23600001 154991.90919469 7162.95142222
0.23700001 151775.70231706 7585.74996060
0.23800001 148612.85581984 5327.77113314
0.23900001 145502.89338185 6809.53573236
0.24000001 142445.09928619 6694.20775759
0.24100001 139440.42739377 5567.85652920
0.24200001 136486.65383031 5472.43264418
0.24300001 133584.08210957 5378.09540013
0.24400001 130731.54094716 6245.69966419
0.24500001 127929.66983753 4720.60504031
0.24600001 125177.56483050 6029.17769527
0.24700001 122475.56543209 5922.91862448
0.24800001 119821.35275915 4475.32773727
0.24900001 117215.40584726 5714.25130538
0.25000001 114657.93526319 5180.24576026
0.25100001 112147.28907902 6782.66836438
0.25200001 109684.70605388 4162.53479167
0.25300001 107268.58957057 5721.70683839
0.25400001 104897.74759074 4012.33903517
0.25500001 102572.61550616 4726.54634615
0.25600001 100292.98332739 5026.18309725
0.25700001 98057.82067123  5692.25675928
0.25800001 95866.36704859  5586.61280408
0.25900001 93719.17766884  4751.56253263
0.26000001 91615.47909549  4662.77002919
0.26100001 89552.40977285  4223.29184472
0.26200001 87534.20849130  4834.51456373
0.26300001 85556.14574464  5420.83765088
0.26400001 83619.17022050  4321.02082561
0.26500001 81723.96577440  3912.94366643
0.26600001 79867.93284854  3518.58194814
0.26700001 78052.95059062  5334.13889578
0.26800001 76276.86258510  4924.43448152
0.26900001 74539.14853528  3622.60279024
0.27000001 72840.46415825  3257.06150897
0.27100001 71179.36951156  4937.00130295
0.27200001 69556.13477855  3417.98862477
0.27300001 67969.26611075  3910.95175709
0.27400001 66417.79153652  3287.68083665
0.27500001 64904.52776114  2955.75233412
0.27600001 63424.70181983  2898.82613387
0.27700001 61981.50772919  2843.09189409
0.27800001 60571.94002956  3295.41655327
0.27900001 59196.95719349  3232.15401574
0.28000001 57855.19611989  2926.31595824
0.28100001 56546.44964974  2870.29792007
0.28200001 55270.91544509  2815.50056603
0.28300001 54027.49541718  4142.82854467
0.28400001 52815.90043422  2483.66783547
0.28500001 51635.92621530  2215.18133948
0.28600001 50486.08274727  3260.13894771
0.28700001 49367.12028289  2345.92566688
0.28800001 48277.42814136  2092.82660899
0.28900001 47218.81874210  2259.42058376
0.29000001 46187.77154820  2620.92522056
0.29100001 45186.55455966  3166.67389343
0.29200001 44213.02266657  2720.42741345
0.29300001 43267.08524592  2862.11782450
0.29400001 42348.37712085  2998.26524208
0.29500001 41457.59048416  2392.93223602
0.29600001 40592.17147592  1989.21945734
0.29700001 39752.59472190  2132.32928182
0.29800001 38939.29791095  2095.71311278
0.29900001 38151.05478302  1888.47730116
0.30000001 37387.40321510  1856.84546858
0.30100001 36649.05852999  2158.26315900
0.30200001 35933.34033647  2286.43855385
0.30300001 35241.81914393  1767.72973195
0.30400001 34574.01557953  1739.93741641
0.30500001 33927.81051514  1868.74389164
0.30600001 33304.08310099  1840.38371929
0.30700001 32703.03317941  1661.96822486
0.30800001 32123.16429818  1935.58135642
0.30900001 31564.47749194  2201.62240930
0.31000001 31027.26511183  1447.42198599
0.31100001 30508.90624281  1856.16194369
0.31200001 30011.66967653  1690.85754963
0.31300001 29533.56722087  1947.44351475
0.31400001 29076.11627850  1511.23121513
0.31500001 28636.52839620  1764.58296332
0.31600002 28215.68396179  1609.98700309
0.31700002 27812.58934603  1591.99268954
0.31800002 27427.79291490  1312.41995312
0.31900002 27060.65720357  1558.69392873
0.32000002 26710.32046777  1414.71219056
0.32100002 26377.22790170  1656.22621837
0.32200002 26060.69711595  2146.48941959
0.32300002 25759.65357525  1752.68691225
0.32400002 25474.69592279  1241.89148504
0.32500002 25204.71799360  1479.01292190
0.32600002 24950.41528208  1835.72689130
0.32700002 24710.67094917  1702.07109558
0.32800002 24486.21008426  1329.23397737
0.32900002 24274.54417095  1802.38499004
0.33000002 24078.45624286  1315.04494998
0.33100002 23893.56481709  1903.83933478
0.33200002 23724.22673776  1303.52769983
0.33300002 23566.58109737  1652.96007645
0.33400002 23422.29536892  1883.15263684
0.33500002 23289.82339657  1643.33001668
0.33600002 23169.46468708  1756.82474310
0.33700002 23060.07009594  1402.97473108
0.33800002 22963.59026264  1751.54793023
0.33900002 22876.98041709  1400.07126783
0.34000002 22801.99488202  1632.85093083
0.34100002 22737.40940654  1283.07207358
0.34200002 22684.19642366  1167.10196127
0.34300002 22639.54645616  1635.48091345
0.34400002 22605.64057824  1637.77873746
0.34500002 22580.91610362  1171.94960128
0.34600002 22566.64549540  1409.51274440
0.34700002 22559.35106125  1648.63745364
0.34800002 22562.48970922  1299.26103144
0.34900002 22573.69492878  1303.63094388
0.35000002 22593.21564506  1784.29929008
0.35100002 22620.95959214  1552.70273994
0.35200002 22655.70460002  1919.39138462
0.35300002 22698.60463930  1446.35515612
0.35400002 22749.08731567  1574.80564402
0.35500002 22806.45905507  1705.01095971
0.35600002 22870.20430139  1714.57929769
0.35700002 22940.97985921  1847.89601518
0.35800002 23018.66190892  1487.46600301
0.35900002 23102.15761839  1996.02651277
0.36000002 23192.31497226  1758.20948133
0.36100002 23287.51459195  1517.41452269
0.36200002 23389.48258105  2165.04755767
0.36300002 23495.10098133  1667.68234665
0.36400002 23606.75114469  1809.45756095
0.36500002 23722.82505734  1562.85978881
0.36600002 23844.41179601  1312.63493155
0.36700002 23970.14852137  1323.15226106
0.36800002 24101.68859103  2134.44564273
0.36900002 24236.39039508  2017.67959597
0.37000002 24374.34745813  1627.71900036
0.37100002 24516.63828328  1915.23987341
0.37200002 24663.13260527  1517.89256809
0.37300002 24812.46011699  2366.36443345
0.37400002 24966.16292249  1544.78140401
0.37500002 25121.95560749  1700.25403606
0.37600002 25281.87040842  1858.59679112
0.37700002 25443.33079671  2596.74646412
0.37800002 25608.41810131  2329.34182084
0.37900002 25775.82135042  2203.83282986
0.38000002 25945.64265191  1482.79354780
0.38100002 26117.28195966  2095.12845806
0.38200002 26291.20490740  1510.42979348
0.38300002 26466.86710092  1524.49161723
0.38400002 26644.89437972  1538.74272333
0.38500002 26823.45395288  1708.38586319
0.38600002 27004.64929336  2037.90595547
0.38700002 27186.14796139  1740.45727494
0.38800002 27369.02019576  1756.68064449
0.38900002 27552.98116114  1934.21936915
0.39000002 27738.56906015  1789.55386770
0.39100002 27924.09951112  2298.71198066
0.39200002 28110.89722822  1822.85121712
0.39300002 28297.85179307  1672.40312020
0.39400002 28486.18255450  2025.36767558
0.39500002 28673.78553060  2554.83441182
0.39600002 28861.69837789  1890.58564182
0.39700002 29049.40140430  1907.67428060
0.39800002 29238.17439009  2274.87626620
0.39900002 29425.93914699  1942.11207572
0.40000002 29613.32708041  1781.24170828
0.40100002 29800.31133430  2156.35063032
0.40200002 29987.94950841  2900.43461387
0.40300002 30173.90925088  2011.39288596
0.40400002 30359.35163139  2213.19683879
0.40500002 30544.17000646  2604.19605814
0.40600002 30728.35442838  2438.75596476
0.40700002 30911.48829278  1891.78317315
0.40800002 31093.67896789  2289.11675408
0.40900002 31274.16629483  2115.69745009
0.41000002 31454.31322207  2520.90605263
0.41100002 31632.76652363  1954.90506379
0.41200002 31809.24764535  2561.75788050
0.41300002 31984.83153224  2184.88394549
0.41400002 32158.65340252  2202.06389608
0.41500002 32331.40846546  2017.47998384
0.41600002 32501.34238938  2032.95906278
0.41700002 32670.24378044  2458.10925851
0.41800002 32838.29742505  2476.66450915
0.41900002 33002.44002884  2079.15382034
0.42000002 33165.38757238  3141.59148666
0.42100002 33326.87498811  2953.42780139
0.42200002 33486.19571792  2337.16914088
0.42300002 33642.72101853  2353.64487398
0.42400002 33797.16372280  2154.56928942
0.42500002 33949.81772028  2169.39345512
0.42600002 34098.78403434  2402.42994298
0.42700002 34246.62602379  2858.22354339
0.42800002 34391.55136408  3098.33500921
0.42900002 34534.62393537  2672.98001926
0.43000002 34675.10733744  2465.92037515
0.43100002 34811.63932078  3383.69150232
0.43200002 34946.50335757  2496.75305070
0.43300002 35078.29236795  2511.95663551
0.43400002 35207.78332144  2986.50036177
0.43500002 35334.13837634  2541.93803525
0.43600002 35458.57924338  2789.17197546
0.43700002 35579.23445256  3272.57814003
0.43800002 35696.32103757  2585.66313689
0.43900002 35811.65721327  3545.35423213
0.44000002 35923.22970480  2613.95393334
0.44100002 36032.63302369  3583.44552403
0.44200002 36138.71650734  2641.55960829
0.44300002 36242.02317333  3379.20640082
0.44400002 36341.64632141  3638.70751037
0.44500002 36437.47729468  2437.66734654
0.44600002 36531.07534939  2694.34959008
0.44700002 36621.74927630  2953.17800160
0.44800002 36708.10374863  3213.97817603
0.44900002 36792.74016289  2731.86108656
0.45000002 36873.82577710  3492.32020486
0.45100002 36950.46051893  2755.76547610
0.45200002 37024.78491376  3522.16795577
0.45300002 37095.30038839  2526.19007617
0.45400002 37163.15456776  3043.66250335
0.45500002 37227.56609459  3055.63876986
0.45600002 37288.44624992  3067.34773389
0.45700002 37346.01813555  2822.23872426
0.45800002 37399.60519269  3089.95552747
0.45900002 37450.23417094  3359.28616434
0.46000002 37498.25841654  3889.50703860
0.46100002 37541.68492548  2861.80277750
0.46200002 37582.54409391  2610.10781103
0.46300002 37619.75641475  2618.33517056
0.46400002 37653.10372055  3939.45616347
0.46500002 37684.00329998  3160.93434662
0.46600002 37710.73818002  2641.63733471
0.46700002 37734.01284443  4503.17730629
0.46800002 37754.75503782  3187.25657136
0.46900002 37771.22281114  3461.73273471
0.47000002 37784.12171836  2669.44832592
0.47100002 37794.16838322  2675.82724836
0.47200002 37800.52762763  3218.33707476
0.47300002 37804.25899527  3494.24782455
0.47400002 37803.09785233  2693.47084964
0.47500002 37799.72069998  3238.68022308
0.47600002 37793.32834182  3244.93532523
0.47700002 37782.46272666  2979.90297649
0.47800002 37768.50185293  2985.03368543
0.47900002 37751.76597751  3261.75273506
0.48000002 37731.00210440  3811.20870321
0.48100002 37708.26821067  2726.30792086
0.48200002 37680.24693514  3002.92742183
0.48300002 37649.52829678  3006.69147230
0.48400002 37615.86326765  2736.55418243
0.48500002 37579.03192893  2739.51155747
0.48600002 37539.38862863  3564.92821010
0.48700002 37496.10060397  3293.65763317
0.48800002 37448.75828872  3021.55320575
0.48900002 37399.22359329  3298.61167728
0.49000002 37346.19650063  3025.60225291
0.49100002 37290.45937190  4678.46125456
0.49200002 37230.79985822  3028.53955802
0.49300002 37168.39879298  4131.26772167
0.49400002 37103.12976035  3856.87052141
0.49500002 37033.93714514  4408.52008673
0.49600002 36962.96461759  2755.58914286
0.49700002 36888.01157468  3031.08805477
0.49800002 36810.44897232  3306.31468342
0.49900002 36729.87949433  4407.58574825
0.50000002 36646.19997935  3029.35826489
