# SAXS profile: number of points = 501, q_min = 0, q_max = 0.5, delta_q = 0.001
#    q    intensity    error
0.00000000 1646666.22097351 271.69992646
0.00100000 1646598.09588973 839.76504885
0.00200000 1646393.67103710 814.96489297
0.00300000 1646053.11493269 1283.92147538
0.00400000 1645576.29756782 1851.27340511
0.00500000 1644963.66518545 1628.51409299
0.00600000 1644214.95661661 2589.63866210
0.00700000 1643330.84139509 2563.59621912
0.00800000 1642310.73223822 2660.54349855
0.00900000 1641156.02456087 3692.60121311
0.01000000 1639865.85710588 3517.51241538
0.01100000 1638441.45869155 3244.11422946
0.01200000 1636882.32824398 3511.11274802
0.01300000 1635189.83031319 4807.45831315
0.01400000 1633363.21890372 3675.06740545
0.01500000 1631404.20757797 4698.44432704
0.01600000 1629311.78126587 4570.21975076
0.01700000 1627087.91299583 5271.76507459
0.01800000 1624732.29871336 6019.63343760
0.01900000 1622245.55941506 6326.75796720
0.02000000 1619628.38077207 5612.01259324
0.02100000 1616882.38082830 6936.42572824
0.02200000 1614005.69797952 7795.64787542
0.02300000 1611001.37581896 6379.56573863
0.02400000 1607869.20076179 6632.46075557
0.02500000 1604610.37096997 6883.77880585
0.02600000 1601225.31333477 9078.94794186
0.02700000 1597714.85057774 8723.52348370
0.02800000 1594079.05587915 9707.94189551
0.02900000 1590320.32114149 7872.08595109
0.03000000 1586439.09935136 7376.94215107
0.03100000 1582435.52159755 9874.39810912
0.03200000 1578310.58863089 9375.16532827
0.03300000 1574067.18087743 8830.51729181
0.03400000 1569703.22040211 11537.31920229
0.03500000 1565222.04111583 10987.85923603
0.03600000 1560623.51436543 11259.89917651
0.03700000 1555909.31330220 10642.42019517
0.03800000 1551080.78350450 9981.20530378
0.03900000 1546139.16739802 12059.88606420
0.04000000 1541083.41880373 12320.96250428
0.04100000 1535917.50181413 9676.28071008
0.04200000 1530641.62472794 10859.90283127
0.04300000 1525255.98198986 15100.03492261
0.04400000 1519764.27362838 10258.40932341
0.04500000 1514165.81607960 12537.29353968
0.04600000 1508461.09743710 15951.97684695
0.04700000 1502653.62847111 12982.92795380
0.04800000 1496743.13573244 16501.59383924
0.04900000 1490732.76229595 13416.59548517
0.05000000 1484621.52927248 12493.09075058
0.05100000 1478413.17193353 16144.27258958
0.05200000 1472105.79501221 11703.24161573
0.05300000 1465704.98455472 13059.43202119
0.05400000 1459208.75990323 13242.32011366
0.05500000 1452621.24634126 14642.42284618
0.05600000 1445940.91204839 13599.07491240
0.05700000 1439172.84422401 13772.88476212
0.05800000 1432315.55272904 15211.19188023
0.05900000 1425370.96287266 14111.17319151
0.06000000 1418341.85861450 12977.82861263
0.06100000 1411229.92491681 15749.32669806
0.06200000 1404035.45132097 17248.57632574
0.06300000 1396761.66555496 22795.15144765
0.06400000 1389406.58695215 14901.38634195
0.06500000 1381976.66470425 16417.88354468
0.06600000 1374469.47330011 13813.41885298
0.06700000 1366888.32383791 13942.26155563
0.06800000 1359235.64593555 19695.32543153
0.06900000 1351512.75920956 15609.97309971
0.07000000 1343718.89890935 15741.66763788
0.07100000 1335858.98034508 18755.46096251
0.07200000 1327931.91880500 20357.19726895
0.07300000 1319942.44909247 14651.36187142
0.07400000 1311889.63574869 16234.63500321
0.07500000 1303776.28846816 19321.96550077
0.07600000 1295602.44531547 22446.31341739
0.07700000 1287373.24879501 19580.94803229
0.07800000 1279087.31603342 22735.77810872
0.07900000 1270746.53024730 22873.43861730
0.08000000 1262354.80176878 23006.41734149
0.08100000 1253912.07165383 24676.99072795
0.08200000 1245419.92295532 20157.12239891
0.08300000 1236880.48218313 18701.63376831
0.08400000 1228295.28937717 23491.14851198
0.08500000 1219667.44840961 23600.56623466
0.08600000 1210996.64657571 15803.50697981
0.08700000 1202286.34841530 17457.19859874
0.08800000 1193534.93191717 22307.16892516
0.08900000 1184748.96920221 17593.52301902
0.09000000 1175926.61769626 19261.67890269
0.09100000 1167071.00694183 22547.81291344
0.09200000 1158182.76624026 16156.65034820
0.09300000 1149265.48978226 19445.57300091
0.09400000 1140317.29675277 21124.37891514
0.09500000 1131342.84979759 17920.47158310
0.09600000 1122343.16380504 19596.11256121
0.09700000 1113320.70747823 22912.14123707
0.09800000 1104276.59250237 24597.76225452
0.09900000 1095212.82324979 18071.01243337
0.10000000 1086129.01086744 18100.34081731
0.10100000 1077027.64938936 24717.78571601
0.10200000 1067911.59464547 18149.15840467
0.10300000 1058781.14758656 18168.68534725
0.10400000 1049639.40223327 26450.91418066
0.10500000 1040488.69096219 18198.14806114
0.10600001 1031325.38043436 23173.88238877
0.10700001 1022157.62828761 23182.53610048
0.10800001 1012982.07904748 19874.70932625
0.10900001 1003803.07674476 19875.30185499
0.11000001 994620.75445314 18216.47997525
0.11100001 985437.38537662 19866.41862437
0.11200001 976255.32603639 18202.28141086
0.11300001 967073.53649063 19844.34990308
0.11400001 957895.86579746 19828.44535562
0.11500001 948723.32803125 24761.68002759
0.11600001 939556.33628501 16489.21447830
0.11700001 930398.41133965 19761.66318753
0.11800001 921247.09466741 19733.11369717
0.11900001 912107.48196973 18059.72899364
0.12000001 902979.18423423 18027.98026244
0.12100001 893865.40619297 21265.05901509
0.12200001 884765.38369733 22853.49093756
0.12300001 875681.82569584 24431.52408799
0.12400001 866614.72680519 16249.02689321
0.12500001 857566.66571711 17828.81182036
0.12600001 848539.84596480 17781.15331010
0.12700001 839533.86797166 20954.76633209
0.12800001 830549.37442584 24106.69672884
0.12900001 821589.50013676 16020.99600777
0.13000001 812654.16264834 15968.65504872
0.13100001 803744.43828361 25462.62500507
0.13200001 794862.92861903 19029.01940817
0.13300001 786011.11258543 18958.58892933
0.13400001 777187.27620670 17311.84739368
0.13500001 768395.62358018 26647.96148216
0.13600001 759634.73141852 21854.69225338
0.13700001 750907.79939104 18652.55061640
0.13800001 742213.59909775 21665.21597930
0.13900001 733557.30154577 16945.17446481
0.14000001 724935.60386871 18398.86649389
0.14100001 716351.72877856 21361.60955965
0.14200001 707805.03929845 22773.62821355
0.14300001 699300.27689521 15104.88669340
0.14400001 690831.77237975 15025.59175801
0.14500001 682408.19896609 22417.11039350
0.14600001 674024.22910156 16348.45844809
0.14700001 665686.36716381 14778.23804822
0.14800001 657389.97192500 17631.19987885
0.14900001 649137.98474596 16066.16588048
0.15000001 640932.23256296 23227.38520402
0.15100001 632773.15830910 21640.84303529
0.15200001 624661.86795982 17203.18865538
0.15300001 616598.76813450 18516.46188085
0.15400001 608582.38517238 19809.35757218
0.15500001 600617.31966410 15459.89053775
0.15600001 592700.31830897 30707.80494084
0.15700001 584838.35120297 16632.80349323
0.15800001 577022.97127218 16514.39821727
0.15900001 569263.01464873 15028.54429608
0.16000001 561553.32866474 14917.66488013
0.16100001 553900.42979926 17497.71540333
0.16200001 546299.13781835 13357.01455019
0.16300001 538753.78699121 19880.01567847
0.16400001 531263.21560735 15778.51824844
0.16500001 523828.66075301 14347.66769540
0.16600001 516450.22637577 15524.49453781
0.16700001 509127.75572275 16679.02606497
0.16800001 501861.54191990 16538.84789488
0.16900001 494655.11867997 13875.07673413
0.17000001 487505.90585919 17506.33790605
0.17100001 480415.08072066 12394.70966789
0.17200001 473383.42878414 12284.30055705
0.17300001 466410.94691968 18259.98943422
0.17400001 459498.68480230 13268.02515026
0.17500001 452645.87272050 15534.80708544
0.17600001 445851.21795493 13021.08543535
0.17700001 439120.15791408 14069.41052407
0.17800001 432448.23374770 12772.35918700
0.17900001 425837.76318342 14946.90619373
0.18000001 419289.14758153 12522.07098400
0.18100001 412803.24201526 12396.48194328
0.18200001 406376.19083701 16732.54044812
0.18300001 400013.56577234 13248.44992423
0.18400001 393711.71885675 14203.15092872
0.18500001 387472.96116903 12972.59535279
0.18600001 381296.56758426 11764.90614863
0.18700001 375182.10085936 12696.16289291
0.18800001 369130.38216846 13604.30087757
0.18900001 363143.09264683 12419.49435531
0.19000001 357214.52756806 13304.45570789
0.19100001 351354.01005543 14166.59435481
0.19200001 345552.33371934 11004.11458725
0.19300001 339816.26797308 9888.65386528
0.19400001 334142.11880670 13683.12041171
0.19500001 328531.56929348 17385.89146858
0.19600001 322982.65718087 18133.86214436
0.19700001 317497.56142283 11315.61362386
0.19800001 312075.16882634 10246.98865267
0.19900001 306716.44302290 11961.94184321
0.20000001 301418.55818923 11814.10094657
0.20100001 296185.13312031 12564.17394078
0.20200001 291013.02355729 9747.48168475
0.20300001 285904.02966355 10498.39646545
0.20400001 280857.23256591 12090.90443345
0.20500001 275871.87640062 10229.32966044
0.20600001 270949.22329980 8412.97378112
0.20700001 266088.09036541 10792.53345537
0.20800001 261288.55933937 9010.53639475
0.20900001 256552.59365470 9697.68849857
0.21000001 251875.50495048 11160.60415194
0.21100001 247259.76112328 9435.43293051
0.21200001 242704.68373969 9305.29801448
0.21300001 238210.34212560 8411.20757810
0.21400001 233777.18208452 9047.17737439
0.21500001 229404.68644445 9662.52584986
0.21600001 225090.37105971 7326.69192439
0.21700001 220836.58860441 8665.62814654
0.21800001 216642.06860270 7828.36151909
0.21900001 212505.42898821 7713.94743700
0.22000001 208427.37160117 8291.24123433
0.22100001 204409.84397725 10890.95700207
0.22200001 200449.54039494 8716.54867623
0.22300001 196546.46396516 7924.75380180
0.22400001 192699.55319562 11706.49841019
0.22500001 188912.84043043 9606.21839014
0.22600001 185180.55068723 6935.93785398
0.22700001 181505.95423680 7449.00471414
0.22800001 177886.65887441 7332.48842556
0.22900001 174322.53913437 6014.12788455
0.23000001 170813.87194847 6510.57103721
0.23100001 167361.77098615 6406.60889634
0.23200001 163962.08722306 7449.61778530
0.23300001 160617.68629942 6765.21726689
0.23400001 157326.88629346 6100.35030455
0.23500001 154088.26730609 7091.14239681
0.23600001 150903.36205844 5901.07625240
0.23700001 147770.80869685 5275.41811999
0.23800001 144690.05014604 5705.85239739
0.23900001 141661.32980510 5609.78892562
0.24000001 138683.23540861 6016.07903659
0.24100001 135757.42186443 4927.99464678
0.24200001 132880.95510461 5327.86214694
0.24300001 130054.57655971 4759.99772725
0.24400001 127276.99538311 5145.17278175
0.24500001 124548.86777834 5974.60946995
0.24600001 121869.64147552 7224.43268842
0.24700001 119238.74861726 5322.81799008
0.24800001 116654.62594521 4357.05048517
0.24900001 114117.74848930 4707.35734788
0.25000001 111628.15325110 4623.08018560
0.25100001 109183.89858699 5365.29703039
0.25200001 106786.72563291 4457.81207244
0.25300001 104435.11769849 6366.36507610
0.25400001 102127.24184977 4687.64062268
0.25500001 99864.24080340  5368.70183959
0.25600001 97645.31221481  5646.34044596
0.25700001 95469.71074699  5172.54917300
0.25800001 93336.96455935  4713.98361811
0.25900001 91247.25075579  3914.50724264
0.26000001 89200.01228023  3841.39871061
0.26100001 87192.27704818  3769.32231514
0.26200001 85228.11419342  3362.24926402
0.26300001 83303.08749793  3628.68266311
0.26400001 81418.31467620  3883.65379382
0.26500001 79574.06646449  3492.50594239
0.26600001 77767.86701965  3426.06354367
0.26700001 76001.79010600  3971.85373889
0.26800001 74273.50340608  4195.71040595
0.26900001 72582.52214087  3233.55151439
0.27000001 70929.63172135  4324.93449887
0.27100001 69313.27962165  3676.37652511
0.27200001 67733.86694875  3328.44237937
0.27300001 66189.69124249  3808.55501433
0.27400001 64680.06651595  2934.85815705
0.27500001 63207.55716310  2878.47228943
0.27600001 61767.59249419  3079.73230751
0.27700001 60363.50177186  3775.73721452
0.27800001 58991.54291247  3456.31466282
0.27900001 57653.72278193  2905.74776573
0.28000001 56347.93431259  2375.06554368
0.28100001 55074.45297115  2562.61441803
0.28200001 53833.22456607  2513.74254009
0.28300001 52623.18318987  3138.44679399
0.28400001 51444.20690396  2419.16394416
0.28500001 50295.77283589  3668.07088654
0.28600001 49176.59801706  2117.05264484
0.28700001 48087.56176957  2285.12104345
0.28800001 47026.92297433  3057.92581115
0.28900001 45996.28592074  3201.34165161
0.29000001 44992.78195846  2160.32852799
0.29100001 44018.20553641  2699.19649126
0.29200001 43070.19016495  2271.52193682
0.29300001 42149.35358566  2602.30121356
0.29400001 41254.81632284  1825.52570870
0.29500001 40387.65817530  2869.13937259
0.29600001 39544.73826306  2290.23362492
0.29700001 38727.17289454  2423.54659447
0.29800001 37934.90283501  1871.51851996
0.29900001 37167.27190071  1672.52731471
0.30000001 36423.22442708  1644.50866073
0.30100001 35703.74681206  1617.37980715
0.30200001 35006.30235743  1750.14016921
0.30300001 34332.44767345  2661.45146964
0.30400001 33681.54248264  1849.11676984
0.30500001 33051.53960142  1820.47888743
0.30600001 32443.69947614  2091.64540425
0.30700001 31857.50924920  1618.99869669
0.30800001 31291.91256672  1885.49428097
0.30900001 30746.82400990  1858.64559939
0.31000001 30222.83084419  1550.88463820
0.31100001 29716.85637655  1668.89873312
0.31200001 29231.65695421  1646.91163077
0.31300001 28764.62851560  1490.29547395
0.31400001 28317.82873446  1873.22445948
0.31500001 27888.61516353  1454.11246347
0.31600002 27477.11978368  1437.19081833
0.31700002 27083.15197698  1808.61297466
0.31800002 26706.84445732  2044.67610846
0.31900002 26347.73070306  1644.09847372
0.32000002 26004.80384976  1627.77077405
0.32100002 25678.57948825  1488.33053761
0.32200002 25368.65789056  1474.93383960
0.32300002 25073.54639144  1218.57441232
0.32400002 24794.10696877  1692.19788075
0.32500002 24529.15814211  1679.26624592
0.32600002 24279.51863817  1548.18357927
0.32700002 24043.87571299  1656.14223753
0.32800002 23823.13968664  1410.80639905
0.32900002 23614.82065339  1519.61378100
0.33000002 23421.54935838  1628.03197299
0.33100002 23239.18422832  1273.04257231
0.33200002 23071.84365638  1267.68250973
0.33300002 22916.01938851  1377.71115088
0.33400002 22773.00568074  1373.21230758
0.33500002 22641.48784658  1255.24414566
0.33600002 22521.77295683  1366.17081226
0.33700002 22412.60370702  1249.95096793
0.33800002 22316.00645679  1248.24588027
0.33900002 22228.89616916  1247.04113415
0.34000002 22153.28790949  1359.76887628
0.34100002 22087.66217382  1246.40683550
0.34200002 22033.05947644  1246.96106012
0.34300002 21986.81982145  1361.42394782
0.34400002 21950.94114375  1931.13413858
0.34500002 21923.94360022  1365.42327209
0.34600002 21907.25179131  1482.35426266
0.34700002 21897.20849864  1257.33777154
0.34800002 21897.35491050  1260.95924224
0.34900002 21905.39677801  1265.03672384
0.35000002 21921.50106258  1500.41721129
0.35100002 21945.50982139  1274.59527079
0.35200002 21976.48604281  1280.02049019
0.35300002 22015.08434725  1519.70134447
0.35400002 22061.40064253  1292.24660384
0.35500002 22114.32293420  1535.17637080
0.35600002 22173.47326665  1306.12850464
0.35700002 22239.32219745  1313.67682443
0.35800002 22311.98723372  1441.80068333
0.35900002 22390.33761098  1329.98611709
0.36000002 22475.27655465  1338.73991139
0.36100002 22564.94895892  1470.33214381
0.36200002 22661.33327492  1850.86448290
0.36300002 22761.11907636  1242.75716043
0.36400002 22866.91343190  1502.35628364
0.36500002 22977.18168636  1513.73680120
0.36600002 23092.70635889  1906.88031791
0.36700002 23212.23651378  1665.71017113
0.36800002 23337.46077253  1679.24706943
0.36900002 23465.99156676  1693.07137174
0.37000002 23597.46337220  1575.83867864
0.37100002 23733.45177151  1589.19200590
0.37200002 23873.33900933  1602.85605701
0.37300002 24016.04352198  1482.03011595
0.37400002 24163.14557946  2038.76550484
0.37500002 24312.30016285  1371.21379414
0.37600002 24465.38454208  1798.57282981
0.37700002 24620.16762682  1954.34899880
0.37800002 24778.59229221  1690.39564625
0.37900002 24939.10321805  1990.14053108
0.38000002 25102.20190045  1578.04999723
0.38100002 25267.05003091  1882.14264597
0.38200002 25434.12846248  1607.30982433
0.38300002 25603.01040338  1917.15350983
0.38400002 25774.28571789  1637.31157779
0.38500002 25945.90943752  1952.94869588
0.38600002 26120.53669089  1971.18639476
0.38700002 26295.38054016  2142.54770792
0.38800002 26471.50971077  2316.91899720
0.38900002 26648.83874872  1870.74856879
0.39000002 26827.95131849  1888.15130325
0.39100002 27006.98108336  1746.81161923
0.39200002 27187.22257994  1923.22421642
0.39300002 27367.80971149  1940.92515669
0.39400002 27549.69717274  1958.78356178
0.39500002 27731.16163726  2306.12351101
0.39600002 27912.89563981  1994.65561692
0.39700002 28094.50644705  1844.96632579
0.39800002 28277.11924200  2200.10136686
0.39900002 28458.86130478  2049.03811103
0.40000002 28640.61247457  1722.73292197
0.40100002 28821.75237475  1737.95175054
0.40200002 29003.80821751  2103.93634778
0.40300002 29184.30417800  2299.13959208
0.40400002 29364.20904145  1962.26336217
0.40500002 29543.75691186  2159.05785742
0.40600002 29722.68759400  1814.57016359
0.40700002 29900.76122509  2378.90467578
0.40800002 30078.21507618  2214.35829883
0.40900002 30253.74408273  2418.78695402
0.41000002 30429.16069914  2813.93676898
0.41100002 30603.08807437  2458.65221239
0.41200002 30775.23788483  2287.83129276
0.41300002 30946.55735968  2498.31569402
0.41400002 31116.34050580  1936.99228827
0.41500002 31285.21443070  2537.85671487
0.41600002 31451.25093037  3541.09651004
0.41700002 31616.52570070  4361.18376180
0.41800002 31781.03419664  2197.18190330
0.41900002 31941.85738372  2817.27195474
0.42000002 32101.60260797  2838.10282105
0.42100002 32260.12649366  2858.89254534
0.42200002 32416.60942478  2673.88415511
0.42300002 32570.48222014  2278.63104409
0.42400002 32722.47642154  2503.26956487
0.42500002 32872.77547808  2310.62749785
0.42600002 33019.70140461  2960.87676526
0.42700002 33165.60539504  2129.23196726
0.42800002 33308.75412850  2143.41842974
0.42900002 33450.25301709  2589.04970621
0.43000002 33589.30558141  2171.54870874
0.43100002 33724.58310602  2403.88839771
0.43200002 33858.47858839  2419.01911738
0.43300002 33989.49454639  3097.80267976
0.43400002 34118.31146941  2671.46391465
0.43500002 34244.29132936  3583.32281451
0.43600002 34368.44557248  3153.99239965
0.43700002 34489.02365205  4305.26502651
0.43800002 34606.27988268  2734.58836592
0.43900002 34722.00749215  2979.14838401
0.44000002 34834.07857897  3456.41161080
0.44100002 34944.24395918  3475.20522643
0.44200002 35051.25915033  2794.98753710
0.44300002 35155.65960652  2575.50374483
0.44400002 35256.75120501  2353.38825446
0.44500002 35354.13914193  2365.19202068
0.44600002 35449.44061517  2376.88510589
0.44700002 35541.94422171  2866.10251787
0.44800002 35630.67016668  2879.67089934
0.44900002 35717.58829980  3134.21852184
0.45000002 35801.16235344  2664.14362279
0.45100002 35880.61193275  2675.97616477
0.45200002 35957.87228951  2443.33753787
0.45300002 36031.62913849  3680.63109093
0.45400002 36102.82951946  2956.82187778
0.45500002 36170.87843609  2968.90584274
0.45600002 36235.37941137  2483.93537637
0.45700002 36296.98057339  2742.96295193
0.45800002 36354.83238054  3504.24245924
0.45900002 36409.82741120  3768.41731566
0.46000002 36462.43204737  3277.79048425
0.46100002 36510.77078016  2783.21618848
0.46200002 36556.65013757  3046.63136686
0.46300002 36598.89368253  3566.19636945
0.46400002 36637.61561328  2811.02119116
0.46500002 36674.11362297  3588.92892924
0.46600002 36706.57492342  2828.42526478
0.46700002 36735.87106962  2836.74409845
0.46800002 36762.71741035  2586.25729240
0.46900002 36785.54032319  3371.39493041
0.47000002 36805.08524547  2600.27939584
0.47100002 36821.83189750  2867.68440410
0.47200002 36835.12155322  3136.14239768
0.47300002 36845.78449948  3143.68248250
0.47400002 36851.97637129  3675.98481727
0.47500002 36856.08983612  2631.52493903
0.47600002 36857.32410020  3955.71249655
0.47700002 36854.31764486  3170.94564046
0.47800002 36848.34150685  3971.33019413
0.47900002 36839.82327628  2917.71414178
0.48000002 36827.39360737  2657.09657471
0.48100002 36813.21408299  2927.75505479
0.48200002 36793.87214423  5064.86071008
0.48300002 36772.04753107  3470.54601048
0.48400002 36747.38841594  5079.40800456
0.48500002 36719.67928454  3479.92417074
0.48600002 36689.42734688  3216.19535368
0.48700002 36655.65559058  3219.83293970
0.48800002 36617.94409617  2954.51895944
0.48900002 36578.27012456  2688.50298159
0.49000002 36535.13461969  3498.05662997
0.49100002 36489.46423955  3500.79936508
0.49200002 36440.18895412  3503.17773116
0.49300002 36388.09402234  3505.26526333
0.49400002 36333.28247164  3237.29562168
0.49500002 36274.84370716  2968.73334972
0.49600002 36214.74178317  2969.79004070
0.49700002 36150.73275116  3240.55183742
0.49800002 36084.22450347  2700.90433211
0.49900002 36014.90878100  3511.45377260
0.50000002 35942.43004027  3781.50324379
