# SAXS profile: number of points = 501, q_min = 0, q_max = 0.5, delta_q = 0.001
#    q    intensity    error
0.00000000 1664650.74656091 274.66737318
0.00100000 1664582.21876860 798.99948398
0.00200000 1664376.58494931 823.86643564
0.00300000 1664034.00437044 1198.10452583
0.00400000 1663554.35815267 1247.66581602
0.00500000 1662938.08015592 1795.97319766
0.00600000 1662184.95933030 2967.00027320
0.00700000 1661295.55765578 2192.91022724
0.00800000 1660269.41247117 4706.86398308
0.00900000 1659107.81955853 3484.12657001
0.01000000 1657809.99076419 2735.38660287
0.01100000 1656377.11846926 3279.62683736
0.01200000 1654808.67556427 4194.94017648
0.01300000 1653106.06130460 3818.67517004
0.01400000 1651268.52570191 4086.88978229
0.01500000 1649297.83354440 4749.97797212
0.01600000 1647192.85629904 4620.37616847
0.01700000 1644955.65937112 5329.65657544
0.01800000 1642585.90011772 5149.50702858
0.01900000 1640084.23680410 6396.32881215
0.02000000 1637451.25330991 5673.76884938
0.02100000 1634688.60259155 5933.91989644
0.02200000 1631794.59068170 8444.53739043
0.02300000 1628772.05060199 12313.51726304
0.02400000 1625620.78484662 6705.68604326
0.02500000 1622342.20938373 7592.56188667
0.02600000 1618936.47499662 9179.37023308
0.02700000 1615404.66003011 8141.63985945
0.02800000 1611746.54334979 9815.53689914
0.02900000 1607964.81644882 7959.42620687
0.03000000 1604059.65677786 9696.54107093
0.03100000 1600031.42526912 7680.15119468
0.03200000 1595880.92281870 9479.53311815
0.03300000 1591611.27547790 11364.10503080
0.03400000 1587220.16278014 10832.77811080
0.03500000 1582711.16412280 10255.96881712
0.03600000 1578083.78259496 12261.71155742
0.03700000 1573339.99347494 9864.84221531
0.03800000 1568481.19347762 14680.98465038
0.03900000 1563508.30267142 11257.26030056
0.04000000 1558420.67168425 10542.71633248
0.04100000 1553221.87389989 9785.29825928
0.04200000 1547912.36632349 10982.43874857
0.04300000 1542492.35747326 13234.58504144
0.04400000 1536965.20900210 11411.96720683
0.04500000 1531330.75579663 13736.03751774
0.04600000 1525589.39744950 11830.94632720
0.04700000 1519744.02524198 12036.37323970
0.04800000 1513795.29572454 12239.03553539
0.04900000 1507745.40016909 16962.13654145
0.05000000 1501594.19752278 14933.35498975
0.05100000 1495345.00733476 12830.06076061
0.05200000 1488995.89084078 15388.77324898
0.05300000 1482552.43846735 13209.54284254
0.05400000 1476012.99561915 15830.24011624
0.05500000 1469381.38867891 14811.36508882
0.05600000 1462656.16983158 16257.42408632
0.05700000 1455842.30593206 15198.99438340
0.05800000 1448938.47739411 21799.28041026
0.05900000 1441946.66378956 16870.77675430
0.06000000 1434869.57882811 18380.68016351
0.06100000 1427708.72254871 15933.23008823
0.06200000 1420464.41017081 14765.72823393
0.06300000 1413140.04453902 20349.21759280
0.06400000 1405733.66987920 15076.49431453
0.06500000 1398251.75002588 15226.96227007
0.06600000 1390691.69113338 22362.32343973
0.06700000 1383056.81687099 18339.33424997
0.06800000 1375349.99965197 17081.84779526
0.06900000 1367571.75870595 17231.40496645
0.07000000 1359721.94450695 14481.03938712
0.07100000 1351805.27508337 14599.49765471
0.07200000 1343820.58198818 19129.28688075
0.07300000 1335772.65387296 16309.78486799
0.07400000 1327661.09493360 23897.90082876
0.07500000 1319487.84056962 16546.37829631
0.07600000 1311253.26816030 18173.97114871
0.07700000 1302962.80141837 16769.13204053
0.07800000 1294614.82962855 18409.42374065
0.07900000 1286211.04284093 18521.43988563
0.08000000 1277755.93119698 15524.73529233
0.08100000 1269249.12678333 17172.94149110
0.08200000 1260691.46511374 20404.29232034
0.08300000 1252086.43507075 15776.28982230
0.08400000 1243434.70808967 19024.55192676
0.08500000 1234739.58048815 20706.58373686
0.08600000 1226000.83995190 15999.31171256
0.08700000 1217221.73692771 25707.72429109
0.08800000 1208401.03819906 24198.23192638
0.08900000 1199544.58135375 17813.23786979
0.09000000 1190651.74289188 27629.07499170
0.09100000 1181724.48950433 17938.57859345
0.09200000 1172764.08076022 16360.05969531
0.09300000 1163773.80151370 22972.89592143
0.09400000 1154752.14660011 21391.78452113
0.09500000 1145703.44989683 19797.75654476
0.09600000 1136628.48010948 18191.73967931
0.09700000 1127530.58823536 23204.58059680
0.09800000 1118410.21495999 18269.23172035
0.09900000 1109269.50421252 16639.04334560
0.10000000 1100107.84331398 18333.29807099
0.10100000 1090928.68650722 16691.20968858
0.10200000 1081733.79403276 20055.34548470
0.10300000 1072523.91719943 18404.51128490
0.10400000 1063302.06239067 18421.70909757
0.10500000 1054070.58411708 21787.63999879
0.10600001 1044826.36522032 20123.35674102
0.10700001 1035576.40704905 25164.50787547
0.10800001 1026318.27348502 21814.39592955
0.10900001 1017056.26004720 18459.57198867
0.11000001 1007790.55175001 21813.62751939
0.11100001 998522.96461229 16775.18659515
0.11200001 989256.24762965 18444.68360538
0.11300001 979988.84087949 18433.59096481
0.11400001 970725.61509073 16745.01764874
0.11500001 961466.42499153 18402.46824087
0.11600001 952212.63832705 18382.46584856
0.11700001 942967.13498471 25035.77861290
0.11800001 933728.33431251 16667.05155247
0.11900001 924500.12636259 16641.00305835
0.12000001 915283.01268869 26579.81994052
0.12100001 906080.12689520 19897.52052395
0.12200001 896890.09547603 21511.90995345
0.12300001 887716.61512301 19813.83578306
0.12400001 878558.86972849 16472.97958357
0.12500001 869419.42452147 21361.63626706
0.12600001 860301.27630699 18027.61409454
0.12700001 851203.51082906 24514.66226716
0.12800001 842126.82882961 17924.67039641
0.12900001 833073.84972893 19493.92900245
0.13000001 824045.53162027 17811.74500553
0.13100001 815042.05044194 24206.75003917
0.13200001 806066.71913386 17689.13498526
0.13300001 797120.76081639 19226.55365729
0.13400001 788202.74207153 20749.43816328
0.13500001 779315.96113820 19077.65562814
0.13600001 770459.89128159 17416.24666361
0.13700001 761637.73697557 15765.90189881
0.13800001 752848.05772772 23545.32411573
0.13900001 744095.37078099 17188.60387562
0.14000001 735377.53848071 18663.88280684
0.14100001 726696.96169545 18574.37521696
0.14200001 718053.74325696 18482.70422318
0.14300001 709451.96872308 16856.57957194
0.14400001 700886.27071451 19817.56023924
0.14500001 692365.38544336 16679.08292212
0.14600001 683883.86773012 15079.63999482
0.14700001 675448.24852644 14994.95182470
0.14800001 667053.80372289 17890.38385989
0.14900001 658703.79308594 16302.91964806
0.15000001 650399.96580294 20624.18388872
0.15100001 642142.55923770 20497.19145803
0.15200001 633932.84647174 14548.75951304
0.15300001 625771.09402157 21682.96943105
0.15400001 617656.01559677 18668.65395241
0.15500001 609592.58037495 17117.36046475
0.15600001 601576.86000641 18417.27643830
0.15700001 593615.74512896 15475.56320591
0.15800001 585701.74720733 23747.27846136
0.15900001 577842.77991576 18028.69558434
0.16000001 570034.32691401 15142.96260926
0.16100001 562282.49667815 13663.46531425
0.16200001 554582.45496712 16271.44999685
0.16300001 546938.46616138 14800.15559301
0.16400001 539349.14521932 14683.78117181
0.16500001 531815.89548439 15890.65970729
0.16600001 524338.67499158 15761.62131440
0.16700001 516917.61446605 16934.22184945
0.16800001 509553.15543645 14208.89041024
0.16900001 502248.43832683 16649.53651669
0.17000001 495001.12298317 16505.81322527
0.17100001 487812.28925160 12585.55765700
0.17200001 480682.56017484 14968.45563070
0.17300001 473611.97393030 13597.40041367
0.17400001 466602.53674274 18372.47575190
0.17500001 459652.40445572 13348.30645580
0.17600001 452760.87789863 15627.04243872
0.17700001 445932.56682349 15478.32012549
0.17800001 439164.29192977 14149.87415431
0.17900001 432457.14503539 14011.61216097
0.18000001 425812.44872259 12716.88938178
0.18100001 419230.54005510 14878.49256936
0.18200001 412707.69311451 14727.47472449
0.18300001 406249.89090206 17939.99602971
0.18400001 399852.85013086 11095.91711531
0.18500001 393519.65209461 12077.11869333
0.18600001 387248.76148556 13034.79392741
0.18700001 381040.49892983 10745.34257748
0.18800001 374894.84940496 10628.26948278
0.18900001 368814.05232049 12613.44118531
0.19000001 362792.65049841 10394.00992788
0.19100001 356839.44536851 12332.37181464
0.19200001 350945.76863259 16255.80877117
0.19300001 345118.15511506 14060.11430376
0.19400001 339352.88138160 12903.89392429
0.19500001 333651.47022974 10790.28905713
0.19600001 328012.07795608 11631.30883398
0.19700001 322436.95062368 12449.29125190
0.19800001 316925.16341592 9460.21657504
0.19900001 311477.64187721 10278.76266772
0.20000001 306091.27578589 11074.38288132
0.20100001 300769.89406607 10024.66104301
0.20200001 295510.12252203 9898.11202169
0.20300001 290314.26360957 11548.70195223
0.20400001 285181.14589717 8769.32065083
0.20500001 280110.04323428 9520.94081956
0.20600001 275102.25668391 8541.92547380
0.20700001 270156.35669047 12643.31809075
0.20800001 265272.60906995 9979.55602495
0.20900001 260453.24228593 11485.98852777
0.21000001 255693.15447263 9711.22646594
0.21100001 250995.05270478 8779.80735866
0.21200001 246358.48727646 7871.15404059
0.21300001 241782.86323454 9313.47633209
0.21400001 237269.13853888 9182.31609556
0.21500001 232816.72907055 9806.24109207
0.21600001 228423.53927946 11152.77983261
0.21700001 224091.08844441 8793.33472630
0.21800001 219818.88189227 7943.15567273
0.21900001 215604.99879194 7826.46182619
0.22000001 211450.41552981 8411.49792749
0.22100001 207357.22557082 7595.49553180
0.22200001 203321.44967823 9521.54393865
0.22300001 199344.22797222 8037.55965190
0.22400001 195423.49007305 7255.09741203
0.22500001 191563.69743920 8442.21254535
0.22600001 187759.24094712 7032.52270223
0.22700001 184013.11530996 8810.54837768
0.22800001 180322.91457014 6194.09240840
0.22900001 176688.72083128 7924.48950404
0.23000001 173110.84512610 7797.77838748
0.23100001 169589.96097026 10032.94256549
0.23200001 166122.45668884 8128.37219020
0.23300001 162710.91487302 7424.49939679
0.23400001 159353.94601789 7864.11760792
0.23500001 156049.52121351 6628.98397468
0.23600001 152799.95066045 5432.03850290
0.23700001 149603.29592103 6409.00550039
0.23800001 146459.45809409 6825.74336732
0.23900001 143368.01099415 6709.62323189
0.24000001 140328.40395305 5580.15924714
0.24100001 137341.52840689 4985.49771699
0.24200001 134405.07493657 5878.87825581
0.24300001 131519.33437208 5776.32943886
0.24400001 128683.31031035 5674.93425313
0.24500001 125897.48733542 6039.30275317
0.24600001 123161.02917304 6844.67452008
0.24700001 120474.18795467 4481.64000392
0.24800001 117834.75788066 5721.46693956
0.24900001 115243.18925082 5185.94376162
0.25000001 112699.83352769 4667.46382636
0.25100001 110202.86465661 5415.36902542
0.25200001 107753.70801403 4907.10409511
0.25300001 105350.54307562 4415.24146919
0.25400001 102992.34805784 6303.13199935
0.25500001 100679.40054860 4639.30699677
0.25600001 98411.86389086  4931.91079223
0.25700001 96188.11214833  3722.48011626
0.25800001 94008.19425677  4017.44037164
0.25900001 91871.87808262  4657.90443918
0.26000001 89779.05516460  3866.33519360
0.26100001 87726.49459042  4137.18168064
0.26200001 85718.04103090  4057.89225441
0.26300001 83749.90972122  4311.44555646
0.26400001 81822.57874862  3902.93719099
0.26500001 79936.54432768  4465.25557744
0.26600001 78089.66162930  3752.98931549
0.26700001 76283.35917958  3679.90942096
0.26800001 74515.95583381  3608.06275221
0.26900001 72786.47377989  3242.63756034
0.27000001 71095.95609364  3468.06090236
0.27100001 69442.75907347  4249.89705641
0.27200001 67826.98299969  3888.52111939
0.27300001 66247.53925989  2995.05139168
0.27400001 64703.25245487  3469.71207710
0.27500001 63196.92386115  2616.35277167
0.27600001 61723.85586359  3077.55159901
0.27700001 60287.31130606  2765.37910048
0.27800001 58884.08999738  2464.29928302
0.27900001 57515.34957196  2415.64479635
0.28000001 56179.66715140  2841.56769900
0.28100001 54876.85644812  2553.42025138
0.28200001 53607.00205200  3640.98775170
0.28300001 52369.16823639  2230.92667246
0.28400001 51163.04645750  2405.94237354
0.28500001 49988.22333200  2358.94437069
0.28600001 48843.47011451  2312.98263675
0.28700001 47729.54832236  2474.29990215
0.28800001 46644.62505976  3841.88472490
0.28900001 45590.55857560  2974.78408787
0.29000001 44564.06375307  2723.31006486
0.29100001 43567.48682097  2480.73281701
0.29200001 42598.03364759  2059.40203418
0.29300001 41656.30944516  2388.15633354
0.29400001 40741.75880454  2163.38749493
0.29500001 39855.03646692  2654.34555435
0.29600001 38993.44656463  2432.02137736
0.29700001 38157.64133615  2387.90530786
0.29800001 37348.10350828  1842.56877381
0.29900001 36563.43895455  1645.35483084
0.30000001 35803.38214124  1939.82733624
0.30100001 35068.33733146  2382.89363448
0.30200001 34356.04778861  2029.92717969
0.30300001 33667.79343415  2456.40232524
0.30400001 33003.27387800  1811.87982168
0.30500001 32360.19594111  1485.33306402
0.30600001 31739.73461224  1900.09930252
0.30700001 31141.60032252  1726.49040362
0.30800001 30564.71038454  1841.67671141
0.30900001 30008.83129275  2372.19822600
0.31000001 29474.58410972  1787.48623796
0.31100001 28959.06977024  2168.45524706
0.31200001 28464.62905093  1737.33871638
0.31300001 27989.07744285  1318.28560997
0.31400001 27534.38041274  1821.39935054
0.31500001 27097.57634632  1798.19525148
0.31600002 26679.19497189  2029.75324957
0.31700002 26278.63055350  1629.53795778
0.31800002 25896.47267642  1982.63404198
0.31900002 25531.92793914  1593.19237884
0.32000002 25184.07402235  1333.87454375
0.32100002 24853.51611147  1680.59483903
0.32200002 24539.45504349  1307.83031847
0.32300002 24240.69937349  1295.90784987
0.32400002 23958.17678364  1167.96117351
0.32500002 23690.61565243  1621.85962436
0.32600002 23438.81112764  1494.57586233
0.32700002 23201.48763865  1255.66457046
0.32800002 22979.27380770  1474.23538094
0.32900002 22770.08507259  1239.83119091
0.33000002 22576.31975373  1233.00576174
0.33100002 22393.77706941  1338.25218104
0.33200002 22226.88675737  1998.41948299
0.33300002 22071.63588803  1326.94681243
0.33400002 21929.85761113  1101.97539714
0.33500002 21799.76773028  1208.57918020
0.33600002 21681.82061255  1205.61769225
0.33700002 21574.81669063  1531.38056122
0.33800002 21480.80958352  1310.75906286
0.33900002 21396.68973396  1418.60059654
0.34000002 21324.19224862  1417.95223072
0.34100002 21262.03426462  1199.81665037
0.34200002 21211.24116608  1746.10945549
0.34300002 21169.16463077  1420.02763068
0.34400002 21137.91485707  1422.05328936
0.34500002 21115.73492334  1753.45071108
0.34600002 21104.03066439  1318.15781773
0.34700002 21099.35996482  1872.35729195
0.34800002 21105.02950745  1104.84834704
0.34900002 21118.93563257  1219.61859054
0.35000002 21141.20484350  1558.31828282
0.35100002 21171.69386304  1453.22513559
0.35200002 21209.27563180  1123.03119789
0.35300002 21254.85464235  1241.49611846
0.35400002 21308.29365094  1475.06669785
0.35500002 21368.62768078  1711.62715830
0.35600002 21435.35642727  1262.64973015
0.35700002 21508.98313577  1155.03244910
0.35800002 21589.70401407  1162.60561622
0.35900002 21676.17888589  1521.66782986
0.36000002 21769.52676555  1650.34790227
0.36100002 21867.80692774  1306.16416966
0.36200002 21973.02347171  1675.00365859
0.36300002 22081.74276317  1567.36217557
0.36400002 22196.80385567  1215.27506866
0.36500002 22316.25710848  1225.16257329
0.36600002 22441.20484862  1235.38838543
0.36700002 22570.37937599  1245.88500057
0.36800002 22705.42232419  1382.41970369
0.36900002 22843.75975427  1267.82872642
0.37000002 22985.38345137  1662.87764456
0.37100002 23131.31175771  1677.94543439
0.37200002 23281.51424662  1563.12094056
0.37300002 23434.68881552  1840.56054676
0.37400002 23592.28406956  1725.18585431
0.37500002 23751.93411393  1741.49189173
0.37600002 23915.80144423  1758.17022646
0.37700002 24081.24483446  1501.94731148
0.37800002 24250.53903557  1792.23617233
0.37900002 24422.22222998  1670.48007967
0.38000002 24596.27481389  1967.94804109
0.38100002 24772.14081598  1561.38810960
0.38200002 24950.49094072  1433.40577245
0.38300002 25130.52518570  2026.52564698
0.38400002 25313.14064464  1608.01733563
0.38500002 25496.31763117  1476.23686078
0.38600002 25682.30873641  2683.54456700
0.38700002 25868.60084404  1806.66316854
0.38800002 26056.19779032  1976.49297702
0.38900002 26245.08352116  1688.87120460
0.39000002 26435.73678841  1705.50163970
0.39100002 26626.32924066  2035.31670358
0.39200002 26818.24050787  2213.30949397
0.39300002 27010.50257448  1755.95285556
0.39400002 27204.02302114  2417.75766055
0.39500002 27397.14761689  1952.86877465
0.39600002 27590.50036375  1971.61724940
0.39700002 27783.73593304  1824.55802517
0.39800002 27978.15526843  1841.94193937
0.39900002 28171.57603356  1859.32410631
0.40000002 28364.89028009  2217.99270054
0.40100002 28557.76331206  2066.43985117
0.40200002 28751.47663934  1738.02684520
0.40300002 28943.58060234  1929.37917437
0.40400002 29135.15534794  2477.94507975
0.40500002 29326.23225436  2321.75791758
0.40600002 29516.75618504  1801.99805048
0.40700002 29706.27727144  2363.43153170
0.40800002 29895.20291195  2017.47786410
0.40900002 30082.24025738  2035.06364984
0.41000002 30269.03814994  2985.73806458
0.41100002 30454.34429393  2070.28642320
0.41200002 30637.76998222  2277.61192840
0.41300002 30820.33667738  3445.09739704
0.41400002 31001.37695240  3280.72087144
0.41500002 31181.33604002  2918.57319164
0.41600002 31358.50784424  2353.76971032
0.41700002 31534.93452990  2174.96453759
0.41800002 31710.42422938  2391.60030870
0.41900002 31882.11193529  2611.14509123
0.42000002 32052.77624320  2631.37279037
0.42100002 32222.03840928  2855.51717914
0.42200002 32389.22790653  2466.11592966
0.42300002 32553.80731698  2070.42224347
0.42400002 32716.37278605  3337.07018231
0.42500002 32877.09576900  2521.01582303
0.42600002 33034.38047629  2750.60782070
0.42700002 33190.72664391  2557.01370181
0.42800002 33344.11452139  2574.83264535
0.42900002 33495.76709118  3456.76332762
0.43000002 33644.90903052  2392.65781909
0.43100002 33790.19532448  2189.60476079
0.43200002 33933.91901364  2644.80977325
0.43300002 34074.74163253  3327.39867810
0.43400002 34213.28697254  3571.86732920
0.43500002 34348.70324742  2246.40529884
0.43600002 34482.44619161  3164.45423696
0.43700002 34612.49079271  2501.44482813
0.43800002 34739.03984958  2516.32247075
0.43900002 34863.96327409  2991.32819067
0.44000002 34985.22536932  2545.70004464
0.44100002 35104.33776257  3491.12655593
0.44200002 35220.16793932  2574.41829753
0.44300002 35333.44002913  2823.84866095
0.44400002 35443.11863499  2602.41110910
0.44500002 35549.06425754  4042.99526961
0.44600002 35652.85097217  2629.57614807
0.44700002 35753.82071250  3123.45392547
0.44800002 35850.63040250  2897.44808645
0.44900002 35945.68481571  3882.13414408
0.45000002 36037.31533611  2437.92449803
0.45100002 36124.53120958  2694.16766529
0.45200002 36209.67737928  2952.53723343
0.45300002 36291.03597374  2965.70360033
0.45400002 36369.77713240  3475.13236970
0.45500002 36445.19424840  2742.13654521
0.45600002 36517.02390559  3254.21473958
0.45700002 36585.73160013  3267.47184407
0.45800002 36650.64387547  3785.09542563
0.45900002 36712.55080316  3293.11596312
0.46000002 36772.03543169  3814.17955592
0.46100002 36826.85357354  3828.15161040
0.46200002 36879.37174428  2817.39973793
0.46300002 36927.99536948  3084.22631944
0.46400002 36973.05775494  2836.75799070
0.46500002 37015.67473820  4139.83325893
0.46600002 37054.20239005  2855.21170049
0.46700002 37089.46267933  3124.41648419
0.46800002 37122.00459284  3133.83977626
0.46900002 37150.60396751  3142.94124462
0.47000002 37175.49516743  2889.09374387
0.47100002 37197.61897603  3423.66901283
0.47200002 37216.21604340  3432.63784946
0.47300002 37232.00918577  3706.07437001
0.47400002 37243.20775556  2918.93654619
0.47500002 37252.22245961  2925.78969065
0.47600002 37258.16637816  3198.98631685
0.47700002 37259.71558464  3472.97825426
0.47800002 37258.14492067  3480.09719127
0.47900002 37254.03202842  3218.74851982
0.48000002 37245.75615873  2687.28143423
0.48100002 37235.65676683  3230.56573422
0.48200002 37220.24917998  4044.91077136
0.48300002 37202.20166552  2700.87996894
0.48400002 37181.26250058  3516.41806767
0.48500002 37157.06453005  2979.62514590
0.48600002 37130.19343145  3254.83291048
0.48700002 37099.63707104  2715.69356232
0.48800002 37065.09824895  2718.72508543
0.48900002 37028.40587855  3538.06434940
0.49000002 36988.18636491  2996.59806039
0.49100002 36945.28375390  2999.21827731
0.49200002 36898.45875184  4365.82584646
0.49300002 36848.91900068  2730.50502738
0.49400002 36796.47403978  3278.56599235
0.49500002 36740.18638112  3006.81699596
0.49600002 36682.09183389  3555.04509860
0.49700002 36620.01189645  3009.06652017
0.49800002 36555.34144710  2736.16743702
0.49900002 36487.62675589  3557.54377734
0.50000002 36416.82901440  3557.74227921
