# SAXS profile: number of points = 501, q_min = 0, q_max = 0.5, delta_q = 0.001
#    q    intensity    error
0.00000000 1682732.95097188 252.40994265
0.00100000 1682663.64943132 504.79910682
0.00200000 1682455.68436467 1059.94711471
0.00300000 1682109.23226130 1211.11869037
0.00400000 1681624.15219896 1387.33997828
0.00500000 1681000.92059986 2118.06124379
0.00600000 1680239.25250087 2469.95180173
0.00700000 1679339.80393085 2216.72863332
0.00800000 1678302.06135552 3171.99102988
0.00900000 1677127.32665031 3521.96753652
0.01000000 1675814.80164438 3318.11345053
0.01100000 1674365.73024870 3616.63013480
0.01200000 1672779.54246932 3914.30430100
0.01300000 1671057.67528798 3860.14340017
0.01400000 1669199.35858109 4882.40834029
0.01500000 1667206.37516448 6402.07276571
0.01600000 1665077.57859393 4245.94801522
0.01700000 1662815.06893151 6734.40133127
0.01800000 1660418.50978618 6625.07015216
0.01900000 1657888.52001006 7460.49867668
0.02000000 1655225.81736053 5735.35771660
0.02100000 1652431.96338510 5998.32829904
0.02200000 1649505.25281789 7398.03139500
0.02300000 1646448.51137240 5927.21491074
0.02400000 1643261.58606540 6162.23122873
0.02500000 1639945.97445350 7674.94751096
0.02600000 1636501.77016012 11930.09845013
0.02700000 1632930.01105344 13030.78208503
0.02800000 1629230.57760482 9213.29933887
0.02900000 1625406.10507050 10240.05893211
0.03000000 1621456.82935622 9801.70698400
0.03100000 1617383.04353196 11645.15844926
0.03200000 1613185.69960326 10380.85045507
0.03300000 1608867.70722357 10666.79339064
0.03400000 1604427.04411850 8423.24237027
0.03500000 1599867.17734917 11231.06810362
0.03600000 1595187.56095817 13279.93705869
0.03700000 1590390.21089860 12691.31446991
0.03800000 1585476.51094218 10202.54182008
0.03900000 1580447.54022679 16120.56565686
0.04000000 1575302.36184216 12594.54296655
0.04100000 1570044.97844479 9891.28382283
0.04200000 1564675.63820820 14129.02166851
0.04300000 1559194.37170267 11319.75166400
0.04400000 1553604.92566797 13632.88385587
0.04500000 1547906.90174704 20293.06042482
0.04600000 1542100.76758181 11958.99200853
0.04700000 1536189.51648593 13272.67803972
0.04800000 1530173.63224812 15745.48740844
0.04900000 1524055.60809829 11430.41759279
0.05000000 1517835.04300105 12772.58248162
0.05100000 1511515.39662939 15326.76683580
0.05200000 1505094.87470925 14358.60577386
0.05300000 1498578.73473101 12138.48831719
0.05400000 1491965.70619530 14770.46118014
0.05500000 1485259.44887235 19961.88792405
0.05600000 1478458.49098251 16433.06689411
0.05700000 1471567.91458048 15363.16974535
0.05800000 1464586.40384597 19442.38541887
0.05900000 1457515.90598821 17052.93689653
0.06000000 1450359.18658978 21233.25948367
0.06100000 1443117.72949114 17447.29416488
0.06200000 1435792.04938779 17638.70615122
0.06300000 1428385.39753416 13712.50045746
0.06400000 1420895.95518252 15239.10983202
0.06500000 1413329.68233638 18189.55386254
0.06600000 1405684.86287389 14127.13353287
0.06700000 1397964.14557660 25666.62291396
0.06800000 1390170.83803826 14388.26884720
0.06900000 1382305.43776602 17417.04933130
0.07000000 1374367.44333117 17564.41674829
0.07100000 1366361.91111047 14756.70933116
0.07200000 1358287.78502957 19335.22752569
0.07300000 1350149.69269918 17983.99474940
0.07400000 1341947.29797283 24155.05249552
0.07500000 1333682.34313530 16724.37736683
0.07600000 1325355.59247210 16838.64359176
0.07700000 1316972.44194494 16949.43612257
0.07800000 1308530.90689070 26360.35635551
0.07900000 1300033.04035083 18720.47665911
0.08000000 1291483.47795497 17260.67749258
0.08100000 1282881.61177585 20513.27793474
0.08200000 1274228.37397855 15864.14400046
0.08300000 1265527.34840374 15945.64533825
0.08400000 1256778.72371353 19228.71537539
0.08500000 1247986.72281162 19318.83537605
0.08600000 1239150.38423072 21022.18725550
0.08700000 1230273.47820136 21111.49387728
0.08800000 1221354.43829507 19566.09902038
0.08900000 1212399.56582512 22914.35287038
0.09000000 1203407.54458184 18069.16513070
0.09100000 1194380.86220463 21427.19367463
0.09200000 1185320.52781553 21495.78878195
0.09300000 1176230.65526073 19901.82362224
0.09400000 1167108.54015459 26610.07596613
0.09500000 1157959.50739232 21677.00299726
0.09600000 1148783.74784385 18386.28474854
0.09700000 1139584.86404504 21777.46777572
0.09800000 1130363.56980183 23500.25972111
0.09900000 1121121.35700378 16816.82114583
0.10000000 1111858.37840783 21898.05179255
0.10100000 1102577.47013499 18556.37969511
0.10200000 1093280.77907826 16891.18883126
0.10300000 1083969.11807883 20291.90284498
0.10400000 1074645.44420944 23695.93315960
0.10500000 1065312.00661685 16938.46170215
0.10600001 1055965.71928800 22032.72576966
0.10700001 1046613.73264864 22041.68624681
0.10800001 1037253.64259274 18655.00763997
0.10900001 1027889.63560079 18656.19776422
0.11000001 1018522.00240343 20350.07056589
0.11100001 1009152.49670788 16953.76274276
0.11200001 999783.81048873 16946.33638557
0.11300001 990414.67817155 23710.52851174
0.11400001 981050.01717522 18615.42495240
0.11500001 971689.22228825 18598.13259035
0.11600001 962334.07870660 18577.86026429
0.11700001 952987.46082837 16867.87885105
0.11800001 943647.51834421 26950.57439324
0.11900001 934318.53050851 23544.82807781
0.12000001 925000.70076691 20146.51621170
0.12100001 915697.61114856 18432.99378076
0.12200001 906407.51269150 20067.86327641
0.12300001 897133.98745910 18355.36224822
0.12400001 887876.84890237 18312.46087145
0.12500001 878638.16477170 18266.88830635
0.12600001 869420.94144042 21531.21062940
0.12700001 860224.43643831 21471.20294536
0.12800001 851049.27227554 18114.58461411
0.12900001 841898.40605606 18058.72166105
0.13000001 832772.78880532 19636.78328561
0.13100001 823672.01146612 21201.31857452
0.13200001 814600.10734442 21126.65477989
0.13300001 805557.52615634 30764.24337423
0.13400001 796543.40555962 17743.00519535
0.13500001 787561.09966987 16066.24719076
0.13600001 778610.04255947 27200.74311935
0.13700001 769693.38095615 17525.91911078
0.13800001 760809.34011318 17449.16303832
0.13900001 751963.10418542 23686.83889887
0.14000001 743152.10116868 23576.50152146
0.14100001 734379.25958840 18770.73476036
0.14200001 725643.74050591 15565.05896798
0.14300001 716950.52692602 18583.35853445
0.14400001 708293.76870636 16945.92921564
0.14500001 699682.29618410 16855.34731018
0.14600001 691111.29497279 16762.90525034
0.14700001 682586.10281411 15153.41219736
0.14800001 674103.08732479 19586.06612627
0.14900001 665664.95423717 17972.95461238
0.15000001 657273.86129275 20842.15512499
0.15100001 648929.36541382 16275.14925252
0.15200001 640633.73886624 23524.07200120
0.15300001 632386.34868063 17529.75041264
0.15400001 624186.25594769 21768.49670345
0.15500001 616038.41781008 18739.88955417
0.15600001 607939.30690285 22907.15416520
0.15700001 599895.26911351 15639.27040391
0.15800001 591898.85038847 23998.54002170
0.15900001 583958.41258373 15416.50281988
0.16000001 576069.13368639 15303.27725873
0.16100001 568237.20184065 15188.98112219
0.16200001 560457.81611333 20554.79137627
0.16300001 552734.96738057 19036.19317524
0.16400001 545067.60457720 14839.46623518
0.16500001 537457.16188382 14720.95235899
0.16600001 529903.19017689 17256.29820283
0.16700001 522406.43458412 14481.10705039
0.16800001 514966.93484834 15665.29489775
0.16900001 507587.97137899 18120.89143386
0.17000001 500266.83209915 19247.76727389
0.17100001 493005.33057087 16535.39956817
0.17200001 485803.46349264 15127.92056754
0.17300001 478661.66776302 16240.99115417
0.17400001 471581.58972503 14854.82077787
0.17500001 464561.57661194 13490.86882195
0.17600001 457601.05567005 21868.75548331
0.17700001 450704.50325892 14440.57296645
0.17800001 443868.80496948 14301.45357160
0.17900001 437094.90242324 14161.87550743
0.18000001 430384.31138114 12853.42806653
0.18100001 423737.24895736 15038.43567586
0.18200001 417149.92079179 11450.76586664
0.18300001 410628.54724312 13600.01812715
0.18400001 404168.89880027 11215.68747154
0.18500001 397773.46086068 13317.45609876
0.18600001 391441.44407513 10979.93302504
0.18700001 385172.68871037 15206.61846872
0.18800001 378967.05059628 17189.94622721
0.18900001 372827.60577294 12750.70471987
0.19000001 366747.93407996 12608.79456942
0.19100001 360737.28344062 16622.77480637
0.19200001 354787.20867725 16433.74428245
0.19300001 348903.76293885 11168.40997941
0.19400001 343083.34451210 13045.74479153
0.19500001 337327.46961299 10909.17088280
0.19600001 331634.71305333 11759.76748059
0.19700001 326006.84961251 13555.36544748
0.19800001 320443.00987079 11478.26915602
0.19900001 314944.26268876 12282.82682535
0.20000001 309507.34330864 9331.64684178
0.20100001 304136.21368072 11058.39325208
0.20200001 298827.38431643 10009.22371075
0.20300001 293583.48314709 12577.11701247
0.20400001 288402.88404842 8868.38910366
0.20500001 283285.11384841 12254.91460433
0.20600001 278231.17323461 9502.98617102
0.20700001 273240.09513112 14492.65533081
0.20800001 268311.65971328 11776.19930148
0.20900001 263448.36774017 10788.21116893
0.21000001 258645.27365500 9823.34795779
0.21100001 253904.85174958 8881.59213406
0.21200001 249226.59342782 13536.74306197
0.21300001 244609.83673540 9422.37135649
0.21400001 240055.89761110 14709.42582153
0.21500001 235563.94894896 9921.95399882
0.21600001 231131.62402206 9780.33513289
0.21700001 226761.07860526 8898.10514517
0.21800001 222451.15896043 8769.02510082
0.21900001 218200.46674517 8640.73889166
0.22000001 214009.53538178 7094.41643335
0.22100001 209880.89357123 7687.93749503
0.22200001 205810.24774472 7572.78842384
0.22300001 201798.68942563 9492.61079944
0.22400001 197844.29091003 10683.59221433
0.22500001 193951.30694033 7232.44457781
0.22600001 190114.52479139 7120.73986279
0.22700001 186336.71349547 8921.80226407
0.22800001 182615.24632725 7527.40080958
0.22900001 178950.46060623 6791.17030117
0.23000001 175342.67072825 7898.31097648
0.23100001 171792.30644894 7174.04705659
0.23200001 168295.90594914 6470.13641021
0.23300001 164856.19958851 8101.03403091
0.23400001 161471.63670724 7399.43810207
0.23500001 158139.97533200 6717.78646983
0.23600001 154863.86120569 8258.11578938
0.23700001 151641.01826378 7037.65999049
0.23800001 148471.77864769 5322.71351628
0.23900001 145355.42610755 6802.63426359
0.24000001 142291.52494715 6172.60664417
0.24100001 139280.60755257 7583.82943996
0.24200001 136320.74164602 6459.55864845
0.24300001 133412.02046784 5371.16819811
0.24400001 130553.55962223 5277.62789738
0.24500001 127745.75191750 4713.81846874
0.24600001 124987.75556837 5093.87621916
0.24700001 122279.95965090 5003.69618562
0.24800001 119619.95465659 5361.36662134
0.24900001 117008.35898428 6581.72050423
0.25000001 114445.27495278 4308.86480582
0.25100001 111929.17267954 5077.10751294
0.25200001 109461.19071561 4569.45762260
0.25300001 107039.62029543 4486.03069882
0.25400001 104663.52386812 4804.05597283
0.25500001 102333.00535693 4715.50510995
0.25600001 100048.16935149 4242.54282208
0.25700001 97807.82538990  6056.26083468
0.25800001 95611.43686805  3714.50449807
0.25900001 93459.10523266  4009.39580418
0.26000001 91350.51773648  4649.28482018
0.26100001 89282.66746732  3508.80899749
0.26200001 87259.34452916  4819.33382638
0.26300001 85276.60462308  4390.03981372
0.26400001 83334.98525572  5300.10531306
0.26500001 81435.07116740  3899.11139200
0.26600001 79574.51914570  4143.04753537
0.26700001 77754.93008176  5001.19733952
0.26800001 75974.48956359  4598.35619843
0.26900001 74232.39127388  3307.05318775
0.27000001 72529.28376753  3243.14707714
0.27100001 70863.95380200  3180.37439714
0.27200001 69236.48367620  2835.23414071
0.27300001 67645.33786322  3892.31292485
0.27400001 66089.76469486  3271.44350722
0.27500001 64572.41089365  3207.95752501
0.27600001 63088.39849590  3407.72000603
0.27700001 61641.26987848  2827.48518314
0.27800001 60227.81960034  3276.69468043
0.27900001 58848.92323521  3460.31685000
0.28000001 57503.41014040  2666.14573734
0.28100001 56190.88618314  2614.56205785
0.28200001 54911.49426507  2797.19165025
0.28300001 53664.39231842  2743.32386516
0.28400001 52449.13851639  3587.52124432
0.28500001 51265.52941433  3079.00784236
0.28600001 50112.12457206  2804.52518442
0.28700001 48989.51117080  2116.34698275
0.28800001 47896.34796494  3322.09085209
0.28900001 46834.08975613  2037.28300082
0.29000001 45799.61463768  1999.15327356
0.29100001 44795.14564640  2943.04120828
0.29200001 43818.10745708  1925.80591390
0.29300001 42868.80443968  2268.61723833
0.29400001 41946.72364249  2227.37113085
0.29500001 41052.65350608  2187.28548234
0.29600001 40183.99920394  2327.25642406
0.29700001 39341.14005133  2110.25885225
0.29800001 38524.65245407  2591.74611654
0.29900001 37733.12891773  2207.38814618
0.30000001 36966.29873996  2503.54270068
0.30100001 36224.71420157  1805.07759412
0.30200001 35505.98730715  1936.49663941
0.30300001 34811.27422994  2539.83068805
0.30400001 34140.46560914  1874.31165068
0.30500001 33491.12329057  1537.24263181
0.30600001 32864.38930166  1664.74571889
0.30700001 32260.21501801  1937.54860571
0.30800001 31677.38251087  1761.89609867
0.30900001 31115.58905870  1736.24995168
0.31000001 30575.46929696  1996.88399433
0.31100001 30054.10480528  1687.83860578
0.31200001 29553.90883342  1665.06730251
0.31300001 29072.74289568  1506.25888074
0.31400001 28612.45516090  1487.13242740
0.31500001 28169.90115184  1869.35472894
0.31600002 27746.13865155  1583.19474642
0.31700002 27340.02624342  1695.35510763
0.31800002 26952.33323712  1289.66920646
0.31900002 26582.25613090  1531.13802564
0.32000002 26229.12226045  1515.51875597
0.32100002 25893.22076652  1375.70688446
0.32200002 25573.75990089  1486.85847104
0.32300002 25269.71322410  1473.72974501
0.32400002 24981.88279097  1705.01358122
0.32500002 24709.12799451  1449.93169937
0.32600002 24451.95335891  1319.30520595
0.32700002 24209.46138719  1310.21611232
0.32800002 23981.99863835  1420.21402661
0.32900002 23767.58206803  1294.14490489
0.33000002 23568.66727946  1287.20282442
0.33100002 23380.81174780  1280.80092820
0.33200002 23208.80936033  1507.06410718
0.33300002 23048.28970595  1270.19130585
0.33400002 22901.25095882  1265.86670669
0.33500002 22766.00644389  1262.14745702
0.33600002 22642.82678737  1259.05444314
0.33700002 22530.67422038  1370.76628448
0.33800002 22431.49514330  1368.76989847
0.33900002 22342.14865934  1709.17445338
0.34000002 22264.41838288  1594.35507590
0.34100002 22197.05178215  1138.70881035
0.34200002 22141.01633852  1139.15534457
0.34300002 22093.66373496  1254.03641299
0.34400002 22057.18637848  1141.45944915
0.34500002 22029.68856121  1486.34315762
0.34600002 22012.80991587  1489.49685350
0.34700002 22002.77799238  1722.81759840
0.34800002 22003.22628499  1497.42963575
0.34900002 22011.72951184  1271.17743951
0.35000002 22028.70057165  1391.77336803
0.35100002 22053.76635296  1397.32670230
0.35200002 22086.00524425  2105.01725953
0.35300002 22126.35545551  1292.40048337
0.35400002 22174.29469519  1889.24999751
0.35500002 22229.16709125  1424.44509468
0.35600002 22290.42152566  1193.65212924
0.35700002 22358.62990902  1320.72433128
0.35800002 22433.91897746  1328.87325357
0.35900002 22514.91393396  1458.96649203
0.36000002 22602.82217045  1713.52002990
0.36100002 22695.52696443  1848.55075881
0.36200002 22795.17808193  1737.67650749
0.36300002 22898.46089050  1750.35843338
0.36400002 23007.90031429  1637.58738244
0.36500002 23121.67844923  1396.31822769
0.36600002 23241.08760408  1535.30631985
0.36700002 23364.67136604  1418.70291255
0.36800002 23494.10330188  1300.39867936
0.36900002 23626.69458511  1442.40977275
0.37000002 23762.65457459  1586.87014766
0.37100002 23902.89454285  1733.91605227
0.37200002 24047.43868119  1614.54510954
0.37300002 24194.87253784  1628.79889640
0.37400002 24346.74280696  1506.45478254
0.37500002 24500.69241680  1796.39085310
0.37600002 24658.83718392  1673.34877057
0.37700002 24818.50633323  1547.93031333
0.37800002 24981.98102561  1988.31596402
0.37900002 25147.86018626  1720.11371823
0.38000002 25316.14236989  1446.81760498
0.38100002 25486.19907885  1752.43113168
0.38200002 25658.74611759  1768.91404115
0.38300002 25832.97893607  1636.77762293
0.38400002 26009.71937687  2253.09204776
0.38500002 26187.13707054  2122.72943150
0.38600002 26367.21524978  1683.67860954
0.38700002 26547.58838642  1545.06971729
0.38800002 26729.40880130  1559.66107745
0.38900002 26912.43517606  2519.00405182
0.39000002 27097.19731104  1748.17576734
0.39100002 27281.86656278  1925.00859587
0.39200002 27467.99516206  2590.78142643
0.39300002 27654.27034382  1797.80420023
0.39400002 27842.05359520  1814.60592904
0.39500002 28029.13479031  2830.38216522
0.39600002 28216.67230547  1680.30291540
0.39700002 28404.03476799  2034.86514719
0.39800002 28592.63649282  1882.39631269
0.39900002 28780.20394905  1726.81231876
0.40000002 28967.61826594  2439.36324975
0.40100002 29154.60178826  2461.23159958
0.40200002 29342.37935247  2483.24568225
0.40300002 29528.59369468  2505.20600775
0.40400002 29714.35945999  2888.23587636
0.40500002 29899.63578085  2367.15427693
0.40600002 30084.35403014  2754.97485084
0.40700002 30268.00041480  2222.88205579
0.40800002 30450.96691176  2054.98359941
0.40900002 30632.22335715  2825.82273859
0.41000002 30813.27789124  2659.49414080
0.41100002 30992.83922802  2489.96482156
0.41200002 31170.39345487  2510.30775583
0.41300002 31347.19592682  2335.99315115
0.41400002 31522.41281393  2747.17840690
0.41500002 31696.57929598  2571.22663432
0.41600002 31868.04550344  2392.01560883
0.41700002 32038.74691261  3214.12724257
0.41800002 32208.49324219  3238.88623391
0.41900002 32374.53573079  2447.51501722
0.42000002 32539.53868693  2876.82075163
0.42100002 32703.07495084  2277.11521673
0.42200002 32864.59164197  3753.46518929
0.42300002 33023.54883515  2730.38714707
0.42400002 33180.38976910  3384.39991682
0.42500002 33335.56405432  2343.15690841
0.42600002 33487.20316129  3002.79764976
0.42700002 33637.93249435  2375.51090532
0.42800002 33785.76509707  3478.58253923
0.42900002 33931.84205568  3064.04548282
0.43000002 34075.44791733  3084.16893715
0.43100002 34215.28223021  2438.86543294
0.43200002 34353.52254942  2900.63981391
0.43300002 34488.77230265  2918.78493829
0.43400002 34621.89701349  3162.71044206
0.43500002 34751.86338043  2727.32636734
0.43600002 34880.22052731  2515.03842031
0.43700002 35004.80915735  2759.77928475
0.43800002 35126.03809804  3006.96463388
0.43900002 35245.49902690  3024.06395982
0.44000002 35361.46587077  2573.07718602
0.44100002 35475.18519057  3057.60635648
0.44200002 35585.80840400  2837.61249661
0.44300002 35693.79628160  3328.08972302
0.44400002 35798.15652285  2867.43247337
0.44500002 35898.87054970  3122.12491967
0.44600002 35997.39648683  3861.80087812
0.44700002 36093.19487880  3153.10165404
0.44800002 36184.74053997  2680.74662995
0.44900002 36274.70147240  2693.39671197
0.45000002 36361.22714861  2951.80455982
0.45100002 36443.37382478  3212.11912115
0.45200002 36523.36511165  2729.93905465
0.45300002 36599.51303055  3489.39773770
0.45400002 36673.25728515  3754.42489250
0.45500002 36743.58630645  3015.91370697
0.45600002 36810.51356322  4037.37731896
0.45700002 36874.22036409  2533.25905907
0.45800002 36934.03928978  3560.07221587
0.45900002 36991.02813819  3318.09538125
0.46000002 37045.52322296  2817.86785751
0.46100002 37095.40205414  3598.99607787
0.46200002 37142.95359458  2579.57824940
0.46300002 37186.84943317  3105.84581186
0.46400002 37226.99143432  3115.89933073
0.46500002 37264.77786561  3646.73133477
0.46600002 37298.50411490  3919.14050562
0.46700002 37328.90512138  3406.63604284
0.46800002 37356.72807664  4730.48270055
0.46900002 37380.50473391  3952.98856297
0.47000002 37400.60148249  3435.05840597
0.47100002 37418.03118838  3443.95575381
0.47200002 37431.87299644  3186.94981797
0.47300002 37443.09498265  4525.74710506
0.47400002 37449.51322898  4002.41691605
0.47500002 37453.85026147  2941.62553896
0.47600002 37455.18711793  3215.90251837
0.47700002 37452.06853471  3490.90747358
0.47800002 37445.94629188  2690.49136860
0.47900002 37437.18403434  2965.02511606
0.48000002 37424.35531206  3780.23430925
0.48100002 37409.65537819  4868.49278168
0.48200002 37389.74468317  4063.33069604
0.48300002 37367.12149084  2984.13846370
0.48400002 37341.67843307  4618.23229911
0.48500002 37313.03404536  3536.15640409
0.48600002 37281.68705624  3540.45557911
0.48700002 37246.65130441  3271.74600566
0.48800002 37207.67197284  3275.01944229
0.48900002 37166.50505783  4643.95502710
0.49000002 37121.91041927  3554.23748157
0.49100002 37074.66166557  3830.55422486
0.49200002 37023.41001863  3833.03382092
0.49300002 36969.51821981  3835.21800192
0.49400002 36912.77401626  3288.92832075
0.49500002 36852.07370372  3564.33273758
0.49600002 36789.62867131  4388.26711593
0.49700002 36723.30227303  3566.20005278
0.49800002 36654.32694026  3841.00710214
0.49900002 36582.32186108  4115.51140446
0.50000002 36507.30385353  3840.93362050
