# SAXS profile: number of points = 501, q_min = 0, q_max = 0.5, delta_q = 0.001
#    q    intensity    error
0.00000000 1682732.95097188 328.13292544
0.00100000 1682663.66603426 656.23884534
0.00200000 1682455.75049066 1892.76277924
0.00300000 1682109.38337066 1211.11879917
0.00400000 1681624.42267343 1513.46203791
0.00500000 1681001.33894612 1664.19139143
0.00600000 1680239.85871117 2822.80307756
0.00700000 1679340.60966947 2619.77145996
0.00800000 1678303.10391874 2492.28021454
0.00900000 1677128.65638190 3270.40101975
0.01000000 1675816.43553054 2765.09723802
0.01100000 1674367.68436169 3616.63435569
0.01200000 1672781.90297464 3914.30982458
0.01300000 1671060.43919875 3860.14978480
0.01400000 1669202.53720609 4131.27646273
0.01500000 1667210.02702413 4001.30424303
0.01600000 1665081.73619155 5944.34206394
0.01700000 1662819.79450348 4938.57501121
0.01800000 1660423.77346524 5205.42876405
0.01900000 1657894.42203086 8952.63028293
0.02000000 1655232.25027987 8342.37091878
0.02100000 1652439.06504166 6543.65899424
0.02200000 1649513.02498740 5690.82019475
0.02300000 1646456.97987554 7112.69447682
0.02400000 1643270.82614104 8010.94564272
0.02500000 1639955.93593049 7035.41128645
0.02600000 1636512.51682377 7953.45119554
0.02700000 1632941.59140264 9601.69699722
0.02800000 1629242.98621475 9213.36950957
0.02900000 1625419.35624077 8045.82618281
0.03000000 1621470.98987444 10555.77662928
0.03100000 1617398.08579837 8539.86228596
0.03200000 1613201.71065140 10380.95348617
0.03300000 1608884.73457698 11487.43753446
0.03400000 1604445.04165927 8423.33685737
0.03500000 1599886.11407548 12095.13958094
0.03600000 1595207.57294937 11509.42317072
0.03700000 1590411.26656930 9065.34463869
0.03800000 1585498.57749483 11130.20052911
0.03900000 1580470.63684898 14224.23639037
0.04000000 1575326.69110116 9688.25959922
0.04100000 1570070.37767605 10880.58822179
0.04200000 1564702.03204268 12110.79428986
0.04300000 1559222.01460265 10290.86577406
0.04400000 1553633.71287537 11535.73085384
0.04500000 1547936.96982097 11748.84214685
0.04600000 1542132.00274291 13046.43734969
0.04700000 1536221.96231313 13272.95837168
0.04800000 1530207.33170187 13496.42929357
0.04900000 1524090.52779123 16002.95128671
0.05000000 1517871.32871352 16256.40268752
0.05100000 1511552.93328922 11790.11342889
0.05200000 1505133.57629036 20341.88123152
0.05300000 1498618.84077294 15780.45712899
0.05400000 1492006.98470539 14770.86983741
0.05500000 1485302.06176946 13724.19169097
0.05600000 1478502.33380627 20225.91287030
0.05700000 1471613.24543316 17924.25016605
0.05800000 1464632.87332857 18146.80214786
0.05900000 1457563.68018482 15741.68848122
0.06000000 1450408.31039128 15925.48399212
0.06100000 1443168.31867540 18790.05238724
0.06200000 1435843.88357563 13568.72533404
0.06300000 1428438.53605479 16455.61270474
0.06400000 1420950.36774830 18010.54675350
0.06500000 1413385.52612521 19589.52430845
0.06600000 1405741.96260129 19778.79033922
0.06700000 1398022.56005045 19963.76309180
0.06800000 1390230.70617723 15827.77733071
0.06900000 1382366.40961613 23223.75676886
0.07000000 1374429.75837605 19028.98089581
0.07100000 1366425.63735661 14757.39757465
0.07200000 1358352.69930188 17848.75530498
0.07300000 1350215.91772926 20982.35634465
0.07400000 1342014.75546659 24156.26673046
0.07500000 1333751.16342269 15204.76397570
0.07600000 1325425.66266269 19901.26725786
0.07700000 1317043.62507565 15409.41113591
0.07800000 1308603.47313286 21709.73263738
0.07900000 1300106.82528687 21841.79568928
0.08000000 1291558.42607964 28246.38410343
0.08100000 1282957.73535500 17358.41897378
0.08200000 1274305.64505114 25384.16964058
0.08300000 1265605.82017093 23919.95112384
0.08400000 1256858.33991439 17627.43904471
0.08500000 1248067.53774256 25760.11518832
0.08600000 1239232.35322675 17789.18126580
0.08700000 1230356.29779447 24361.05584027
0.08800000 1221438.46938407 17936.82476529
0.08900000 1212484.41443787 18005.39440011
0.09000000 1203493.47897563 19713.22411166
0.09100000 1194467.71567143 26373.84840110
0.09200000 1185408.58694914 19843.74067792
0.09300000 1176319.49998714 16586.10572924
0.09400000 1167198.44550552 23285.61008220
0.09500000 1158050.15263369 16675.92298174
0.09600000 1148875.12249922 21730.97396360
0.09700000 1139677.27498718 16753.25672993
0.09800000 1130456.70227281 20144.73938166
0.09900000 1121215.41847441 16818.23206795
0.10000000 1111952.94277519 21899.91423785
0.10100000 1102672.91318597 16870.89636521
0.10200000 1093376.94324301 20271.20948121
0.10300000 1084065.95816434 21984.85866576
0.10400000 1074742.68994507 20312.63779557
0.10500000 1065410.08023801 23716.02950192
0.10600001 1056064.23034760 18644.81486409
0.10700001 1046712.70098183 23739.44517539
0.10800001 1037353.07458751 20352.86828125
0.10900001 1027989.58558562 23746.56054468
0.11000001 1018622.34338988 20352.07537889
0.11100001 1009253.28192157 22042.09271476
0.11200001 999884.84891935 16948.04898705
0.11300001 990516.00167485 18631.60686869
0.11400001 981151.48159170 23694.80939610
0.11500001 971791.02404323 27054.66338331
0.11600001 962436.06292335 16890.75369972
0.11700001 953089.42007883 21930.58858883
0.11800001 943749.80870247 32007.27626963
0.11900001 934420.81600212 23547.40567237
0.12000001 925103.10107109 20148.74649043
0.12100001 915799.87185430 18435.05228887
0.12200001 906509.53569693 18397.61189370
0.12300001 897236.10753499 18357.45162507
0.12400001 887978.69483598 24974.40196899
0.12500001 878739.83059379 16608.18358081
0.12600001 869522.16721260 23190.15729236
0.12700001 860325.60841143 19821.90295193
0.12800001 851150.12496921 27998.58468041
0.12900001 841998.95399843 22986.57252756
0.13000001 832872.72554136 19639.13979395
0.13100001 823771.45890202 16310.67565511
0.13200001 814699.07720998 24379.87103478
0.13300001 805656.12270207 19432.42659568
0.13400001 796641.30779257 24197.98086503
0.13500001 787658.49933604 19281.88097285
0.13600001 778706.66211853 17602.66492717
0.13700001 769789.17476362 25495.41867036
0.13800001 760904.40262512 19037.82905142
0.13900001 752057.52111356 15793.20868816
0.14000001 743245.66854121 20435.54062029
0.14100001 734471.72539210 21901.94788415
0.14200001 725735.22856064 18680.42566422
0.14300001 717041.11848523 17036.89777880
0.14400001 708383.37844239 20029.54097025
0.14500001 699770.83270712 18389.97835104
0.14600001 691198.49132663 18289.11294328
0.14700001 682672.35409432 18186.39237104
0.14800001 674187.98123274 21095.34292802
0.14900001 665748.66103184 19473.14925394
0.15000001 657356.21321276 20844.76650449
0.15100001 649010.32502603 23675.89777410
0.15200001 640713.20848977 22056.55324304
0.15300001 632464.48086772 17531.91623697
0.15400001 624262.93324402 17416.93665943
0.15500001 616113.61882395 15858.76529695
0.15600001 608012.93124048 20046.18728908
0.15700001 599967.23643244 18484.99142692
0.15800001 591969.23527298 15530.31362040
0.15900001 584027.18106242 18221.64890922
0.16000001 576136.08189749 18087.79314496
0.16100001 568302.33283857 13809.74733986
0.16200001 560521.10069727 19186.63818259
0.16300001 552796.49149333 16318.55319925
0.16400001 545127.27417791 18888.66094199
0.16500001 537514.88980401 17399.35780440
0.16600001 529958.89442699 15930.56511861
0.16700001 522460.10917343 18432.39352192
0.16800001 515018.57543958 14361.29365422
0.16900001 507637.58348519 14239.23488911
0.17000001 500314.40781372 15399.67819967
0.17100001 493050.80190865 16536.92467691
0.17200001 485846.66162881 13868.49361110
0.17300001 478702.73976458 14992.97051746
0.17400001 471620.39521202 17332.05034257
0.17500001 464598.10917292 12265.39066143
0.17600001 457635.28056420 14580.26072739
0.17700001 450736.45263320 13238.13023908
0.17800001 443898.29685642 15494.27078360
0.17900001 437122.12550333 15342.98732987
0.18000001 430408.93665745 14022.72381866
0.18100001 423759.40576203 12725.49555614
0.18200001 417169.68615092 16031.83179609
0.18300001 410645.92991285 14733.97666130
0.18400001 404183.48882124 17945.74775143
0.18500001 397785.73156133 13317.86692184
0.18600001 391450.99676875 12078.22107592
0.18700001 385179.59759866 11948.27168200
0.18800001 378971.39392269 12892.60743038
0.18900001 372829.38712175 15938.45705251
0.19000001 366747.07665912 12608.76509129
0.19100001 360733.75759791 11428.04598068
0.19200001 354780.91414518 13352.18033476
0.19300001 348894.75943066 13198.68937293
0.19400001 343071.56718614 11038.32819582
0.19500001 337312.98843655 12892.10302726
0.19600001 331617.46874151 11759.15599727
0.19700001 325986.76290589 10649.98804743
0.19800001 320420.28480091 9564.54595332
0.19900001 314918.66568148 12281.82854202
0.20000001 309478.90876685 10263.86849433
0.20100001 304105.11119419 12900.13942655
0.20200001 298793.51448033 11827.74182972
0.20300001 293546.65278943 9880.78079990
0.20400001 288363.13592471 10640.60021856
0.20500001 283242.54524131 11377.85358014
0.20600001 278185.83777053 13820.27307370
0.20700001 273191.84627981 10228.30320820
0.20800001 268260.65536829 11773.96072067
0.20900001 263394.54783900 9956.31437896
0.21000001 258588.46228424 13094.92034910
0.21100001 253845.21883881 8072.27834068
0.21200001 249164.05752101 7960.79201414
0.21300001 244544.74877400 8634.87548743
0.21400001 239987.72161064 9287.52526541
0.21500001 235493.03528628 9918.96711520
0.21600001 231057.91726545 9777.21623134
0.21700001 226684.48474120 8895.09960180
0.21800001 222371.71832771 10226.87580942
0.21900001 218118.22798038 10077.06260915
0.22000001 213924.46553559 8509.91564138
0.22100001 209793.07177896 8383.33154468
0.22200001 205719.71688485 8257.58982621
0.22300001 201705.47597900 9488.22603871
0.22400001 197748.33155157 6674.00650545
0.22500001 193852.52380102 9200.24121465
0.22600001 190013.08937078 7116.94059893
0.22700001 186232.48038605 8916.81158255
0.22800001 182508.34849213 8149.91068733
0.22900001 178841.01431666 6787.01681428
0.23000001 175230.45804014 10321.95061900
0.23100001 171677.61501732 7766.69567069
0.23200001 168178.51495449 7053.40725077
0.23300001 164736.27638290 8673.36536176
0.23400001 161349.13611463 7393.82451215
0.23500001 158014.99494390 6153.10419413
0.23600001 154736.39788127 7151.14296631
0.23700001 151511.22502197 5949.84608803
0.23800001 148339.43222904 6913.35956603
0.23900001 145220.78141588 5227.94837825
0.24000001 142154.30087924 5652.76604184
0.24100001 139141.08566858 5050.82164868
0.24200001 136178.87978034 5956.46448334
0.24300001 133267.94145379 7316.41033190
0.24400001 130407.14636193 5271.70914105
0.24500001 127597.21293748 6591.67233217
0.24600001 124836.98048974 5550.25241513
0.24700001 122127.12168939 4997.44205594
0.24800001 119464.93852197 6246.82193083
0.24900001 116851.30950614 5258.30917653
0.25000001 114286.12427188 4302.87278240
0.25100001 111768.00999474 5069.79717321
0.25200001 109298.08260506 5392.22116042
0.25300001 106874.58653691 4479.11413367
0.25400001 104496.55444013 4396.69273608
0.25500001 102164.36924806 6276.97914358
0.25600001 99877.67723528  6160.45542334
0.25700001 97635.45637003  4912.04004238
0.25800001 95437.50122667  4820.07122751
0.25900001 93283.47622000  4729.47246813
0.26000001 91173.23543412  4997.20527059
0.26100001 89103.67140155  4552.30678730
0.26200001 87078.99297485  4465.84636602
0.26300001 85094.80283374  3706.72978683
0.26400001 83151.69363046  3305.27997821
0.26500001 81250.40717691  4214.45881969
0.26600001 79388.46048450  3497.45879214
0.26700001 77567.52838505  5924.60809840
0.26800001 75785.92063267  3057.96204223
0.26900001 74042.60110955  3898.34313289
0.27000001 72338.32366527  3234.60829576
0.27100001 70671.95443532  3171.75746515
0.27200001 69043.35070064  3110.05787949
0.27300001 67451.25879351  3326.69624113
0.27400001 65894.70263038  3261.78793457
0.27500001 64376.52198643  2665.18813637
0.27600001 62891.70796240  3397.09576636
0.27700001 61443.76795809  3330.86681865
0.27800001 60029.48763825  2512.23417656
0.27900001 58649.86518243  2955.95334509
0.28000001 57303.65503588  3139.95392630
0.28100001 55990.67491444  3315.76792536
0.28200001 54710.77560316  3483.70880141
0.28300001 53463.12337109  2733.03499609
0.28400001 52247.57121475  2456.94215266
0.28500001 51063.51611413  2190.62494498
0.28600001 49909.73951066  3008.06014268
0.28700001 48786.88094574  3161.39003492
0.28800001 47693.37373641  2481.00941920
0.28900001 46631.13263609  2028.45436568
0.29000001 45596.44966386  2786.39917085
0.29100001 44591.94813974  2539.06564726
0.29200001 43614.86076272  2491.93518763
0.29300001 42665.62046898  2257.86474210
0.29400001 41743.62858875  2031.87121774
0.29500001 40849.73676546  2539.21975754
0.29600001 39981.23844499  2671.74638556
0.29700001 39138.73543308  2099.40186801
0.29800001 38322.44568395  2578.14265543
0.29900001 37531.30510016  2533.36321419
0.30000001 36764.92010023  1659.93622111
0.30100001 36023.86613407  2121.44557706
0.30200001 35305.61288245  2727.88830850
0.30300001 34611.38451513  2209.59089205
0.30400001 33941.17844578  1708.08988615
0.30500001 33292.56149840  1986.56723866
0.30600001 32666.63154358  1805.15814456
0.30700001 32063.16546890  2073.84564071
0.30800001 31481.04240022  1750.97566120
0.30900001 30920.24726346  1869.12903557
0.31000001 30381.01795977  1700.72946591
0.31100001 29860.55247377  1956.46349071
0.31200001 29361.38970861  1929.92423692
0.31300001 28881.25507490  1496.33789628
0.31400001 28421.98082859  1745.82025505
0.31500001 27980.76050035  1856.80335472
0.31600002 27558.10196282  1310.38781038
0.31700002 27153.26847174  2201.85864463
0.31800002 26766.81045566  1280.79194095
0.31900002 26398.04135096  1393.81664933
0.32000002 26046.30740912  1881.19464170
0.32100002 25711.77000007  1614.44211475
0.32200002 25393.73929926  1353.35940004
0.32300002 25091.16634719  1341.37381644
0.32400002 24804.87288866  1451.08513270
0.32500002 24533.68874222  1199.69743630
0.32600002 24278.14397280  1548.09592373
0.32700002 24037.24803870  1537.42245736
0.32800002 23811.56332563  1880.16112922
0.32900002 23598.81095005  1401.76943681
0.33000002 23401.64260087  1626.64825421
0.33100002 23215.63769013  1387.36657406
0.33200002 23045.43873638  1611.56760715
0.33300002 22886.74675463  1146.62606671
0.33400002 22741.64477142  1257.04447427
0.33500002 22608.30773767  1253.40464033
0.33600002 22487.09314291  1250.39487343
0.33700002 22376.93373030  1588.31483139
0.33800002 22279.69245875  1246.21465670
0.33900002 22192.45903782  1244.99701098
0.34000002 22116.72990699  1810.03326131
0.34100002 22051.63241563  1470.62343544
0.34200002 21997.66463233  1244.95788883
0.34300002 21952.51133947  1246.02460264
0.34400002 21918.17918046  1587.97215683
0.34500002 21892.89333001  1136.24121764
0.34600002 21878.18847465  1366.51171685
0.34700002 21870.39394831  1484.12500362
0.34800002 21873.16032558  1717.58999591
0.34900002 21883.95928049  1608.47108330
0.35000002 21903.21634094  1383.84527396
0.35100002 21930.68268345  1621.11614074
0.35200002 21965.18490750  1744.58489391
0.35300002 22007.84314121  1168.61652615
0.35400002 22058.25660684  1292.06244194
0.35500002 22115.50594244  1535.25849524
0.35600002 22179.18914899  1662.77388926
0.35700002 22249.85221846  1672.74396901
0.35800002 22327.56877347  1563.04152602
0.35900002 22411.01778131  1573.25352277
0.36000002 22501.29116954  1705.82296436
0.36100002 22596.54468596  1226.99243457
0.36200002 22698.57566414  1483.12500415
0.36300002 22804.38498202  1618.65532269
0.36400002 22916.18954208  1505.59372423
0.36500002 23032.63581370  1264.49176607
0.36600002 23154.49365459  1529.58592328
0.36700002 23280.55852445  1799.12164799
0.36800002 23412.51594196  1295.88281877
0.36900002 23547.73546559  1437.58931827
0.37000002 23686.09147252  1449.94415817
0.37100002 23828.86473428  1462.61578667
0.37200002 23975.86416169  2146.31946143
0.37300002 24125.82517254  1624.15062755
0.37400002 24280.23381932  1502.33953874
0.37500002 24436.67620383  1653.87432382
0.37600002 24597.30408756  1947.36865686
0.37700002 24759.54311213  1965.41262535
0.37800002 24925.41188384  1558.71070600
0.37900002 25093.71817989  1430.34200401
0.38000002 25264.52111499  1443.86745012
0.38100002 25437.11653449  1457.54684647
0.38200002 25612.05318790  2059.97753549
0.38300002 25788.74338536  1633.97485830
0.38400002 25967.90473257  1649.61122629
0.38500002 26147.75561515  1968.14165839
0.38600002 26330.21545301  1528.46907946
0.38700002 26513.04760080  1543.05944347
0.38800002 26697.17298574  1557.78011752
0.38900002 26882.62070804  1729.89672452
0.39000002 27069.73170818  1587.63983990
0.39100002 27256.66824859  1762.96138584
0.39200002 27445.09776602  2103.25516694
0.39300002 27633.73630629  1959.78467169
0.39400002 27823.72630881  1978.26703428
0.39500002 28013.14414501  1830.37892515
0.39600002 28202.85390073  2687.16804697
0.39700002 28392.48146355  2373.04371315
0.39800002 28583.25034532  1710.70761422
0.39900002 28772.92675270  2244.28839304
0.40000002 28962.48718079  2613.14052969
0.40100002 29151.61732614  2109.41112966
0.40200002 29341.56898003  2837.91668621
0.40300002 29529.89268027  2147.41389745
0.40400002 29717.70730067  2708.02620608
0.40500002 29904.93312307  2367.57366753
0.40600002 30091.68542894  2571.93647547
0.40700002 30277.22174110  3335.33890503
0.40800002 30462.24864179  1868.85904272
0.40900002 30645.32836646  2827.03167575
0.41000002 30828.30384121  2280.67802624
0.41100002 31009.69574624  1916.39928792
0.41200002 31189.05521755  2318.59447473
0.41300002 31367.73288185  2337.52356511
0.41400002 31544.64621728  1963.65432007
0.41500002 31720.63367703  2969.05145285
0.41600002 31893.82881156  1994.95908669
0.41700002 32066.15781151  2211.60300905
0.41800002 32237.52880663  2228.74165965
0.41900002 32405.11528331  2041.52235958
0.42000002 32571.70338159  3908.11601542
0.42100002 32736.83360642  2279.46583203
0.42200002 32899.84564317  2922.49342697
0.42300002 33060.23945672  2312.89446199
0.42400002 33218.54987733  2329.45092053
0.42500002 33375.13737316  2132.67137920
0.42600002 33528.09067940  3006.46403369
0.42700002 33680.18512079  2810.94838338
0.42800002 33829.37688178  3047.68870770
0.42900002 33976.72482729  2410.64874073
0.43000002 34121.50546664  2205.95543295
0.43100002 34262.51452898  2664.25325603
0.43200002 34401.88397232  2904.72321085
0.43300002 34538.30903873  2473.28842747
0.43400002 34672.54854094  2941.09906936
0.43500002 34803.49224634  2958.99305101
0.43600002 34932.87478174  2747.82006055
0.43700002 35058.43340635  3224.67485753
0.43800002 35180.56028367  2316.64000446
0.43900002 35300.99292979  2329.86564378
0.44000002 35417.78773490  3748.61883151
0.44100002 35532.34560800  2591.37408800
0.44200002 35643.71484685  2605.37746020
0.44300002 35752.39568112  3095.44256477
0.44400002 35857.53764734  2872.18890167
0.44500002 35958.90479508  3127.34609824
0.44600002 36058.05379578  3143.00040806
0.44700002 36154.44758506  2672.53689214
0.44800002 36246.57788856  2441.20713649
0.44900002 36337.04836761  2943.30105727
0.45000002 36424.10542522  3203.31810343
0.45100002 36506.62967100  2722.66456990
0.45200002 36587.08071884  3231.91992847
0.45300002 36663.59294524  2746.46987769
0.45400002 36737.69465487  3259.55211273
0.45500002 36808.36698422  2517.69242104
0.45600002 36875.52057855  3033.38046655
0.45700002 36939.41384557  2791.51163661
0.45800002 36999.50166480  3311.64055346
0.45900002 37056.62713510  2812.59813285
0.46000002 37111.19126235  3079.48679690
0.46100002 37161.19673521  3347.85237255
0.46200002 37208.86933746  3359.40292735
0.46300002 37252.72711258  2852.06892291
0.46400002 37292.85814902  3121.41237501
0.46500002 37330.63193475  4175.05807346
0.46600002 37364.16937285  3664.30426407
0.46700002 37394.50757693  3675.13237885
0.46800002 37422.18966118  3422.44651767
0.46900002 37445.83046954  3431.91052519
0.47000002 37465.71699882  2911.64833457
0.47100002 37482.82882697  3449.91972875
0.47200002 37496.42228045  2926.40841558
0.47300002 37507.34863008  3200.12713680
0.47400002 37513.41187496  2940.11379505
0.47500002 37517.40848791  3750.24033020
0.47600002 37518.34750958  2952.88168070
0.47700002 37514.74372784  2958.78797806
0.47800002 37508.13762808  2964.45579795
0.47900002 37498.88403772  4319.87164590
0.48000002 37485.60666359  3515.96264366
0.48100002 37470.36254613  4334.57174479
0.48200002 37449.85662733  3798.53913776
0.48300002 37426.61708679  4347.47604687
0.48400002 37400.53190476  3265.06659005
0.48500002 37371.22016952  3269.23449539
0.48600002 37339.21052597  2727.62945821
0.48700002 37303.47352437  3822.86014798
0.48800002 37263.72318676  3006.62364784
0.48900002 37221.84502205  4377.28918208
0.49000002 37176.44862288  3285.65468503
0.49100002 37128.35116396  3014.07969036
0.49200002 37076.24342753  3564.32483086
0.49300002 37021.53705280  4114.94403847
0.49400002 36963.88611606  2744.56867421
0.49500002 36902.29409263  5216.50854021
0.49600002 36838.91906356  3295.60985564
0.49700002 36771.63551948  3845.57782492
0.49800002 36701.70394128  3296.54720427
0.49900002 36628.74146272  3021.87131392
0.50000002 36552.65745708  5768.55791003
