# SAXS profile: number of points = 501, q_min = 0, q_max = 0.5, delta_q = 0.001
#    q    intensity    error
0.00000000 1664650.74656091 349.57665678
0.00100000 1664582.20592452 549.31214100
0.00200000 1664376.53194771 1123.45419464
0.00300000 1664033.89199190 1198.10444491
0.00400000 1663554.16021014 2121.03163486
0.00500000 1662937.78632598 1795.97288032
0.00600000 1662184.50903495 2094.35256665
0.00700000 1661294.93381719 2591.62020446
0.00800000 1660268.62244095 2689.63528191
0.00900000 1659106.78507649 2488.66028400
0.01000000 1657808.72775332 3555.99987458
0.01100000 1656375.58446809 3279.62380004
0.01200000 1654806.85846188 4840.31027322
0.01300000 1653103.94801709 4165.82213274
0.01400000 1651266.09357767 4086.88376278
0.01500000 1649295.02611806 4749.96988673
0.01600000 1647189.65359389 5880.46732621
0.01700000 1644952.06602863 5773.78201076
0.01800000 1642581.86772018 6553.90194711
0.01900000 1640079.77347176 5412.26349667
0.02000000 1637446.28765979 5157.95603945
0.02100000 1634683.19224663 6473.34573479
0.02200000 1631788.66545829 8444.50672740
0.02300000 1628765.53443902 8208.97866723
0.02400000 1625613.72142621 7924.86725331
0.02500000 1622334.57646694 7592.52616462
0.02600000 1618928.20424445 9179.32333791
0.02700000 1615395.73712693 10855.45985069
0.02800000 1611737.04574480 7712.16211757
0.02900000 1607954.62605446 10853.69422421
0.03000000 1604048.77525544 10442.35800690
0.03100000 1600019.82677593 7680.09552191
0.03200000 1595868.54986008 11849.32452847
0.03300000 1591598.19222640 12987.44184729
0.03400000 1587206.33808469 9999.40039131
0.03500000 1582696.55155085 11110.53030495
0.03600000 1578068.37290825 10509.93584927
0.03700000 1573323.75445265 11658.32955966
0.03800000 1568464.09814047 11010.61847851
0.03900000 1563490.42324147 12195.22586604
0.04000000 1558401.89845261 12459.42375549
0.04100000 1553202.21732213 9785.17442283
0.04200000 1547891.83423331 12979.07363218
0.04300000 1542470.85107148 11198.33889858
0.04400000 1536942.85515414 13486.67418033
0.04500000 1531307.47768508 11622.62429567
0.04600000 1525565.13361570 12906.28163036
0.04700000 1519718.81765649 12036.17359562
0.04800000 1513769.06884141 16689.30476050
0.04900000 1507718.21806081 14700.25331035
0.05000000 1501566.01376287 16081.77275627
0.05100000 1495315.80106267 12829.81017078
0.05200000 1488965.77864068 11837.27849183
0.05300000 1482521.29086568 15610.94992056
0.05400000 1475980.71190591 14612.20972929
0.05500000 1469348.18158151 12342.52530105
0.05600000 1462621.84939884 12505.41739591
0.05700000 1455806.97101068 20264.83398240
0.05800000 1448902.02437271 15387.34021731
0.05900000 1441909.14540572 16870.33778919
0.06000000 1434830.96965669 19693.05597857
0.06100000 1427669.00993659 15932.78689545
0.06200000 1420423.68930510 17449.90583878
0.06300000 1413098.21269935 18992.04086666
0.06400000 1405690.91103407 13705.48702354
0.06500000 1398207.81945216 16610.70967210
0.06600000 1390646.62580110 22361.59878915
0.06700000 1383010.50645533 15517.37860863
0.06800000 1375302.64458310 15657.82134151
0.06900000 1367523.36501714 22974.39360792
0.07000000 1359672.39469288 24616.86985868
0.07100000 1351754.69189635 14598.95135626
0.07200000 1343768.92521048 16185.69746241
0.07300000 1335719.98841274 17791.79107930
0.07400000 1327607.32063186 16429.14136276
0.07500000 1319432.91708529 16545.68955579
0.07600000 1311197.34633485 22716.49509021
0.07700000 1302905.70925082 19817.19676690
0.07800000 1294556.69274425 19942.64678696
0.07900000 1286151.87379773 23150.73481422
0.08000000 1277695.53210054 17076.40158760
0.08100000 1269187.82612638 20294.31429193
0.08200000 1260629.22520810 20403.28496742
0.08300000 1252023.03240619 22085.68732817
0.08400000 1243370.12281086 17438.26679095
0.08500000 1234674.18335509 25483.67634078
0.08600000 1225934.30062351 17598.28771172
0.08700000 1217154.31571286 17673.08149404
0.08800000 1208332.65312502 17744.36584448
0.08900000 1199475.28368461 24289.37563548
0.09000000 1190581.39173894 16251.43676066
0.09100000 1181653.11233326 16306.81371631
0.09200000 1172691.57561588 21266.76272305
0.09300000 1163700.54567368 16408.17846505
0.09400000 1154677.95991189 21390.41021266
0.09500000 1145628.38986325 18146.75454838
0.09600000 1136552.39690545 19844.20578280
0.09700000 1127453.79609377 19888.28589810
0.09800000 1118332.61410346 18267.96411030
0.09900000 1109191.13082962 18301.65451928
0.10000000 1100028.50234977 26664.69215092
0.10100000 1090848.56708249 18358.98224745
0.10200000 1081652.96101515 20053.84684048
0.10300000 1072442.18609865 20076.11866816
0.10400000 1063219.49978251 16745.70790938
0.10500000 1053987.53251595 20110.08306657
0.10600001 1044742.46346986 20121.74079323
0.10700001 1035491.81080364 20129.96174929
0.10800001 1026232.98042036 23490.47402732
0.10900001 1016970.39188711 18458.01348149
0.11000001 1007704.01546532 23489.58170614
0.11100001 998435.70195630 21805.83675720
0.11200001 989168.34064070 23472.96582844
0.11300001 979900.36597368 18431.92675175
0.11400001 970636.65933099 20092.17979418
0.11500001 961376.98166041 20073.55232229
0.11600001 952122.70585533 21722.68055704
0.11700001 942876.63972639 23364.48423277
0.11800001 933637.42318077 16665.42878869
0.11900001 924408.86999058 23295.10462100
0.12000001 915191.15144750 26577.15228995
0.12100001 905987.97774110 24869.37116054
0.12200001 896797.48725962 18200.50586138
0.12300001 887623.65884843 24764.70124865
0.12400001 878465.65792710 21412.60142088
0.12500001 869326.04769900 29574.47353628
0.12600001 860207.42784013 21303.03795433
0.12700001 851109.39555273 21243.69151413
0.12800001 842032.38953406 17922.66025591
0.12900001 832979.35004805 19491.71770981
0.13000001 823950.85948716 22666.88921289
0.13100001 814947.28411483 20976.74408191
0.13200001 805971.85044292 24118.70876147
0.13300001 797025.86047954 17622.24260597
0.13400001 788107.59768786 17555.09756614
0.13500001 779220.76348633 15896.10432459
0.13600001 770364.71459485 18997.19475764
0.13700001 761542.49866706 20493.10960545
0.13800001 752752.67320368 15694.89397640
0.13900001 744000.29500163 15624.00693183
0.14000001 735282.46069564 21771.71468796
0.14100001 726602.15147769 17024.28921204
0.14200001 717958.97894027 18480.26498955
0.14300001 709357.34876601 16854.33140166
0.14400001 700791.82628945 16766.44523485
0.14500001 692270.96671541 16676.80837485
0.14600001 683789.84803475 18093.08023253
0.14700001 675354.46452765 14992.86981983
0.14800001 666960.26346409 16397.21885086
0.14900001 658610.59969469 23709.98270766
0.15000001 650307.13671478 14729.45734157
0.15100001 642049.91196810 17566.48642032
0.15200001 633840.65130158 18910.63672392
0.15300001 625679.33278859 17343.83192334
0.15400001 617564.75013155 18665.89545359
0.15500001 609501.69644892 24245.97862898
0.15600001 601486.46812609 21247.51048933
0.15700001 593525.96814079 19693.19255237
0.15800001 585612.33684662 15363.54038231
0.15900001 577753.96984955 19412.53430323
0.16000001 569946.15223078 13764.20022608
0.16100001 562194.83192871 16393.60207289
0.16200001 554495.40877593 17624.63739993
0.16300001 546852.01414670 18833.58425630
0.16400001 539263.33730820 20020.15234271
0.16500001 531730.86371953 17212.12887121
0.16600001 524254.23192176 15759.08295560
0.16700001 516833.90511283 14326.63652616
0.16800001 509470.24648286 12915.07135814
0.16900001 502166.34803930 15366.29097557
0.17000001 494919.51665466 13964.15482179
0.17100001 487731.70526618 16358.52216710
0.17200001 480602.92066229 13718.81101815
0.17300001 473533.20735397 14831.06075472
0.17400001 466524.49170035 14695.52218257
0.17500001 459575.22282013 15772.62239209
0.17600001 452684.52716369 16826.28466936
0.17700001 445857.22920683 14285.26629849
0.17800001 439089.87488918 17684.34554643
0.17900001 432383.68371987 12841.79601304
0.18000001 425739.81752441 17338.25488765
0.18100001 419159.00500449 17164.56206573
0.18200001 412637.06185262 14724.95424779
0.18300001 406180.28860810 12331.63414468
0.18400001 399784.50801657 12203.42268370
0.18500001 393452.15038547 10977.31551435
0.18600001 387182.41462894 11946.51396777
0.18700001 380975.12819304 13966.54885940
0.18800001 374830.40575585 14877.01950733
0.18900001 368751.04151263 10509.40517965
0.19000001 362730.61962663 11431.45601766
0.19100001 356778.55319162 14385.31194439
0.19200001 350886.04574523 12189.78180517
0.19300001 345059.55141396 12049.48010474
0.19400001 339295.28347027 12901.70376361
0.19500001 333595.06071867 11769.23429831
0.19600001 327956.90145780 10660.23958565
0.19700001 322382.95835755 12447.20661041
0.19800001 316872.40415466 11350.37005322
0.19900001 311425.92820761 13079.88960287
0.20000001 306040.76456580 10149.84243652
0.20100001 300720.56172276 10023.01679593
0.20200001 295462.02997523 10796.18308556
0.20300001 290267.56455933 9770.40668486
0.20400001 285135.50952122 10521.50079864
0.20500001 280065.65729512 9519.43214142
0.20600001 275059.09807623 11102.76101865
0.20700001 270114.41611720 10955.84123559
0.20800001 265232.01574220 9146.52649523
0.20900001 260413.85956701 9023.34066054
0.21000001 255654.95041183 8900.62751934
0.21100001 250958.11965077 14364.84344789
0.21200001 246322.73158726 9444.01397552
0.21300001 241748.49120562 9312.15232148
0.21400001 237235.87515748 8415.94306909
0.21500001 232784.84122340 7542.22921222
0.21600001 228392.81665263 10407.86114693
0.21700001 224061.71801765 9524.86408326
0.21800001 219790.58220281 10108.16935343
0.21900001 215578.00543342 7825.48196723
0.22000001 211424.62371308 9111.34458972
0.22100001 207332.69989587 8975.43300288
0.22200001 203298.32146239 8840.42792681
0.22300001 199322.27843396 10045.84330809
0.22400001 195402.78583095 6594.84433364
0.22500001 191544.07674166 8441.34786117
0.22600001 187740.89681705 8949.60897448
0.22700001 183995.98678781 7551.19565486
0.22800001 180306.96245533 7432.25334388
0.22900001 176674.07807761 6704.78158012
0.23000001 173097.30027869 6597.60391213
0.23100001 169577.54694270 7671.68858650
0.23200001 166111.15910276 6386.14381373
0.23300001 162700.85438219 6852.96031068
0.23400001 159345.07230793 6178.60547096
0.23500001 156041.78950034 5523.87960957
0.23600001 152793.28653786 7061.34207133
0.23700001 149597.76292774 5874.70442803
0.23800001 146455.08314855 6825.53947298
0.23900001 143364.79170712 6709.47256925
0.24000001 140326.31827850 8116.47463314
0.24100001 137340.52403651 5484.00738418
0.24200001 134405.03924003 5878.87669444
0.24300001 131520.38515288 5295.01095672
0.24400001 128685.40212052 6620.86425229
0.24500001 125900.60785444 5574.87917951
0.24600001 123165.17859047 6844.90512396
0.24700001 120479.34426380 5378.19818236
0.24800001 117840.88102606 4841.49282599
0.24900001 115250.28577834 4321.88592115
0.25000001 112707.88436627 5516.48766128
0.25100001 110211.93330953 4582.61240381
0.25200001 107763.69092149 5316.52194313
0.25300001 105361.43382441 5218.55206422
0.25400001 103004.16488254 5909.86423974
0.25500001 100692.17608858 6186.52759158
0.25600001 98425.37161143  4173.72808065
0.25700001 96202.55667739  4095.34303152
0.25800001 94023.48517046  4018.09382887
0.25900001 91887.97378178  3941.99426175
0.26000001 89795.90277602  4570.16268802
0.26100001 87744.06841994  4138.01046248
0.26200001 85736.53067886  4735.22881345
0.26300001 83769.07767409  3648.98119614
0.26400001 81842.57118490  4554.53930195
0.26500001 79957.32500047  3828.35690218
0.26600001 78111.01014365  4066.84993557
0.26700001 76305.42391511  3374.22600520
0.26800001 74538.72542332  3007.63771316
0.26900001 72809.91344450  3538.56196085
0.27000001 71119.96312305  3469.23196531
0.27100001 69467.32660266  3117.69376547
0.27200001 67852.24307104  4167.82422787
0.27300001 66273.25956632  3540.98042620
0.27400001 64729.60355749  3204.11552773
0.27500001 63223.82358484  3140.95970434
0.27600001 61751.19760459  3592.06733466
0.27700001 60315.18898992  3521.20089988
0.27800001 58912.41752776  2958.58174827
0.27900001 57544.19559230  2900.22759511
0.28000001 56208.93662945  3553.81018659
0.28100001 54906.59637946  2554.80405045
0.28200001 53637.08374551  2504.58374404
0.28300001 52399.60921613  2455.44580408
0.28400001 51193.91425620  2188.53993804
0.28500001 50019.43108940  2575.00043436
0.28600001 48875.06976034  2104.07185277
0.28700001 47761.31200242  3094.93316425
0.28800001 46676.72130761  2023.43596446
0.28900001 45622.87180978  2183.05451943
0.29000001 44596.68509977  2335.97447610
0.29100001 43600.34956693  2482.60402185
0.29200001 42631.16285143  2435.73160481
0.29300001 41689.63195718  2390.06671324
0.29400001 40775.17087933  2345.59181587
0.29500001 39888.59970403  2479.47547497
0.29600001 39027.20161228  1738.66191413
0.29700001 38191.54876059  2219.31100354
0.29800001 37382.09012413  3017.85627858
0.29900001 36597.46760862  2305.64056849
0.30000001 35837.47632172  2103.48077228
0.30100001 35102.48620452  2226.19978048
0.30200001 34390.29984235  2031.95096238
0.30300001 33701.98259501  1690.49152700
0.30400001 33037.48586835  1813.75806004
0.30500001 32394.42320168  2676.42737163
0.30600001 31773.87555725  2341.09926189
0.30700001 31175.62577007  2016.43957027
0.30800001 30598.72696650  1701.90127445
0.30900001 30042.82934397  1536.69079370
0.31000001 29508.46953306  1514.22718578
0.31100001 28992.73691934  1628.23218248
0.31200001 28498.26607824  1471.79302129
0.31300001 28022.54527966  1583.83433419
0.31400001 27567.67001002  1823.60145750
0.31500001 27130.75984983  1285.99807777
0.31600002 26712.17634362  1397.18044981
0.31700002 26311.46076125  1380.56241151
0.31800002 25928.97566299  1364.77169864
0.31900002 25564.06723692  1595.19787111
0.32000002 25216.07015380  1214.15383540
0.32100002 24885.19617320  1802.93254812
0.32200002 24570.88225115  1547.59709187
0.32300002 24271.84591045  1651.45647395
0.32400002 23989.07058240  1286.41397089
0.32500002 23721.24150938  1275.96564121
0.32600002 23469.01189443  1266.27059672
0.32700002 23231.40854331  1371.58242535
0.32800002 23008.84235343  1362.58370869
0.32900002 22799.30058946  1241.42197588
0.33000002 22605.15947008  1234.58084292
0.33100002 22422.22524479  1228.28955707
0.33200002 22254.95580019  1222.79860435
0.33300002 22099.25339810  1217.88991244
0.33400002 21957.01299028  1213.67395051
0.33500002 21826.51660424  1100.05648895
0.33600002 21708.13122342  1097.34608531
0.33700002 21600.70932335  1204.67161601
0.33800002 21506.26940453  1531.03139141
0.33900002 21421.63484075  1311.00411434
0.34000002 21348.70838986  1310.38378303
0.34100002 21286.17969793  1637.97160533
0.34200002 21234.79723058  1638.79555388
0.34300002 21192.23225184  1530.92693038
0.34400002 21160.51601862  2190.11351165
0.34500002 21137.76256254  1316.45991474
0.34600002 21125.63348462  1429.46605744
0.34700002 21120.35305612  1322.97897809
0.34800002 21125.58722822  1437.70190691
0.34900002 21138.92456031  1553.71102877
0.35000002 21160.68978466  1559.75451790
0.35100002 21190.58996120  1230.74952324
0.35200002 21227.65328506  1236.40472415
0.35300002 21272.73438407  1468.45692408
0.35400002 21325.60854870  1135.58870900
0.35500002 21385.36137602  1141.97835157
0.35600002 21451.49048425  1263.60010682
0.35700002 21524.59802215  1155.87096854
0.35800002 21604.72297583  2094.14589724
0.35900002 21690.67691384  1522.68559147
0.36000002 21783.51368264  1651.40825050
0.36100002 21881.16665382  1306.96214614
0.36200002 21985.77088852  1436.55033790
0.36300002 22093.97030583  2171.39550451
0.36400002 22208.35650286  1337.49833374
0.36500002 22327.21617620  1348.34064875
0.36600002 22451.68245133  1606.75473074
0.36700002 22580.23224142  1246.42887877
0.36800002 22714.73343314  1382.98661059
0.36900002 22852.51991773  1395.14640706
0.37000002 22993.50220318  1791.42384151
0.37100002 23138.89653575  1420.26553664
0.37200002 23288.49557813  1954.48708398
0.37300002 23441.04715611  1709.55565008
0.37400002 23598.07783714  2256.56630007
0.37500002 23757.28318397  1473.90191855
0.37600002 23920.51202354  1623.24602281
0.37700002 24085.44034782  1911.90234538
0.37800002 24254.14111103  1930.38718247
0.37900002 24425.18015339  1670.68240164
0.38000002 24598.72081623  1686.98035349
0.38100002 24774.08927469  1703.46645923
0.38200002 24951.85361405  1720.18086964
0.38300002 25131.30309908  1592.31943979
0.38400002 25313.37287839  1754.21682358
0.38500002 25495.98128291  2066.70434070
0.38600002 25681.45601732  1490.80859243
0.38700002 25867.20176757  1505.47121419
0.38800002 26054.30822678  1824.32274847
0.38900002 26242.68391482  2149.27591445
0.39000002 26432.78992290  1860.33984291
0.39100002 26622.81172759  2035.04782487
0.39200002 26814.24114321  1896.83950834
0.39300002 27005.96030987  1596.05232993
0.39400002 27199.01025838  2256.15800782
0.39500002 27391.58183961  2928.70806905
0.39600002 27584.48563880  1806.92181738
0.39700002 27777.26666834  2819.11492773
0.39800002 27971.21352069  2176.30037109
0.39900002 28164.15710036  2534.77425913
0.40000002 28357.02555560  1705.67516798
0.40100002 28549.37346054  1721.52730124
0.40200002 28742.66988431  1911.24392451
0.40300002 28934.29905037  2805.46976885
0.40400002 29125.43711560  2123.24446633
0.40500002 29316.07440131  2142.41881876
0.40600002 29506.22748719  1981.49080079
0.40700002 29695.24687562  2544.28887285
0.40800002 29883.76503647  2200.04288623
0.40900002 30070.38460622  2219.19448909
0.41000002 30256.81829315  2611.46611062
0.41100002 30441.74041093  2257.55957584
0.41200002 30624.70964745  2086.92093781
0.41300002 30806.99878755  2678.36060150
0.41400002 30987.60864968  2507.67234880
0.41500002 31167.19301747  2528.28281738
0.41600002 31344.07521727  1960.57199774
0.41700002 31520.09304245  2173.94092015
0.41800002 31695.21699992  2390.45337940
0.41900002 31866.63333717  2007.59799537
0.42000002 32036.91192614  3237.00973440
0.42100002 32205.89429688  2650.22316727
0.42200002 32372.78126347  2259.45837535
0.42300002 32537.06550634  2690.16470354
0.42400002 32699.21454772  2918.40503667
0.42500002 32859.70221067  2309.70857784
0.42600002 33016.69629841  2114.71949812
0.42700002 33172.76116990  2768.59877843
0.42800002 33325.91509881  2144.52273823
0.42900002 33477.28602214  2375.21355583
0.43000002 33626.14663906  3478.28877317
0.43100002 33771.19997009  2188.37386176
0.43200002 33914.72746509  2863.59014921
0.43300002 34055.30036844  2660.40019085
0.43400002 34193.61351866  2677.36006539
0.43500002 34328.81608019  3592.16748486
0.43600002 34462.35773805  2484.90842246
0.43700002 34592.16130035  2954.51663667
0.43800002 34718.55811248  2286.21716005
0.43900002 34843.31924347  2299.65917905
0.44000002 34964.41108294  2544.18549302
0.44100002 35083.25457904  2791.22386658
0.44200002 35199.00719333  2806.76896661
0.44300002 35312.10361108  2351.78621195
0.44400002 35421.70366078  2837.27859769
0.44500002 35527.48232048  2376.78867988
0.44600002 35631.08432514  3105.78361239
0.44700002 35731.93776354  2881.42359781
0.44800002 35828.58914532  3619.58338994
0.44900002 35923.59020176  2424.84245354
0.45000002 36015.11733514  2436.42280319
0.45100002 36102.30104275  2447.73612670
0.45200002 36187.28218708  4671.95928818
0.45300002 36268.50086917  2963.86203149
0.45400002 36347.20754260  2976.83643882
0.45500002 36422.54321280  2989.56248859
0.45600002 36494.33691875  2751.85560578
0.45700002 36563.00649222  3767.81799759
0.45800002 36627.79904178  3782.73612532
0.45900002 36689.67012593  2784.74609454
0.46000002 36749.02391575  3557.67317390
0.46100002 36803.89695538  3570.71425184
0.46200002 36856.34849808  2815.64087696
0.46300002 36905.04072728  3596.02733890
0.46400002 36950.05012663  2834.99273033
0.46500002 36992.65647551  3102.94417223
0.46600002 37031.13665201  3891.04686813
0.46700002 37066.40817788  2862.26817516
0.46800002 37098.98986898  3392.88827928
0.46900002 37127.58015843  3402.74288280
0.47000002 37152.51343907  3937.23779832
0.47100002 37174.61904149  3158.35578346
0.47200002 37193.21598600  2902.74467921
0.47300002 37209.09560413  2645.56682285
0.47400002 37220.30335693  3182.33608785
0.47500002 37229.32500818  3987.26089736
0.47600002 37235.36686372  2930.60968791
0.47700002 37236.95414277  2936.87871244
0.47800002 37235.44965140  3210.44062111
0.47900002 37231.36642795  4825.18531777
0.48000002 37223.18286598  3491.34860240
0.48100002 37213.14106331  3497.66329433
0.48200002 37197.79150429  3772.97217112
0.48300002 37179.79523157  2969.17858793
0.48400002 37158.93655537  3514.30659130
0.48500002 37134.85594172  3248.55735176
0.48600002 37108.08223494  4879.34196435
0.48700002 37077.61002800  2985.48930097
0.48800002 37043.17154554  2717.11676166
0.48900002 37006.55882745  4079.97330412
0.49000002 36966.47064348  3811.61296872
0.49100002 36923.65851198  2997.46274008
0.49200002 36876.93251169  3817.86900391
0.49300002 36827.52888237  3274.70402345
0.49400002 36775.18989804  3549.72537317
0.49500002 36719.01771484  3278.27405698
0.49600002 36661.01549592  3826.31036868
0.49700002 36599.08593718  3554.13740383
0.49800002 36534.53817149  2734.61031176
0.49900002 36466.97083144  3008.52523621
0.50000002 36396.27754032  4102.77058022
