# SAXS profile: number of points = 501, q_min = 0, q_max = 0.5, delta_q = 0.001
#    q    intensity    error
0.00000000 1682732.95097188 277.65093691
0.00100000 1682663.75971063 706.71879586
0.00200000 1682456.13367400 984.23686937
0.00300000 1682110.23023345 1312.04602632
0.00400000 1681625.93149846 1261.21949655
0.00500000 1681003.70654601 1815.48407493
0.00600000 1680243.25748747 2469.95768906
0.00700000 1679345.23667543 3224.34298842
0.00800000 1678309.15255913 2718.86094194
0.00900000 1677136.29570657 3521.98637154
0.01000000 1675825.86711745 3318.13536017
0.01100000 1674379.09197778 4219.43549550
0.01200000 1672795.44221932 5219.12200855
0.01300000 1671076.30079978 3509.26038645
0.01400000 1669220.93852130 5633.62091725
0.01500000 1667231.11882969 5601.89680871
0.01600000 1665105.68419402 5519.82558986
0.01700000 1662846.80162295 5387.62387894
0.01800000 1660453.96770473 6151.98222717
0.01900000 1657927.97788744 6465.91940552
0.02000000 1655269.42809505 6256.91872124
0.02100000 1652479.94903525 9270.41293439
0.02200000 1649557.85813657 7967.36481678
0.02300000 1646505.83785200 8891.13192911
0.02400000 1643323.90496257 8011.20440198
0.02500000 1640013.41740446 7035.65788199
0.02600000 1636574.51016022 6628.12706931
0.02700000 1633008.25437384 9602.08897550
0.02800000 1629314.59015744 10631.27818832
0.02900000 1625495.82068544 9509.15098761
0.03000000 1621552.62689171 7540.22006163
0.03100000 1617484.96820951 9316.71384558
0.03200000 1613294.01346621 10381.54745481
0.03300000 1608982.65180765 9026.39309276
0.03400000 1604548.63790029 8423.88073766
0.03500000 1599995.51288347 9503.97378540
0.03600000 1595322.92411071 10624.85116559
0.03700000 1590532.64684165 10879.24380753
0.03800000 1585626.20855403 12986.27924906
0.03900000 1580604.67368984 9483.62848133
0.04000000 1575467.02616634 10658.03492590
0.04100000 1570217.28755454 9892.36937027
0.04200000 1564855.58991558 17158.64233946
0.04300000 1559382.27529760 15437.88524204
0.04400000 1553800.88816326 12585.78777863
0.04500000 1548110.94878479 10681.96604295
0.04600000 1542312.98608860 14135.29917461
0.04700000 1536410.13975883 17699.44563319
0.04800000 1530402.67841367 12373.30623068
0.04900000 1524293.12620235 13718.63877439
0.05000000 1518081.28863208 19742.64807800
0.05100000 1511770.25872536 12970.98942410
0.05200000 1505358.48934491 13164.36060280
0.05300000 1498851.16907511 16996.97304967
0.05400000 1492246.89240253 14773.24492372
0.05500000 1485549.72080488 12478.61823688
0.05600000 1478757.60517525 18965.06717136
0.05700000 1471876.12410983 14085.85516524
0.05800000 1464903.70073260 14260.83819250
0.05900000 1457842.21480295 14432.63860064
0.06000000 1450694.68542028 13273.85699173
0.06100000 1443462.55900622 14766.62266870
0.06200000 1436146.19847640 13571.58220999
0.06300000 1428748.56314411 21945.57895597
0.06400000 1421268.37653016 24943.26117462
0.06500000 1413711.49547938 22393.19113590
0.06600000 1406075.82520208 18370.38151579
0.06700000 1398364.28849056 21394.97461517
0.06800000 1390580.28212687 18710.25857183
0.06900000 1382723.98753279 21777.90382326
0.07000000 1374795.16899975 16105.72615904
0.07100000 1366798.87709875 17713.71427687
0.07200000 1358733.78002305 20829.38982354
0.07300000 1350604.89127659 19489.22949430
0.07400000 1342411.38821403 21142.98035522
0.07500000 1334155.58604392 18251.24927256
0.07600000 1325837.78973180 16844.76990824
0.07700000 1317463.44509297 16955.75533338
0.07800000 1309030.78445835 17063.21707561
0.07900000 1300541.70607697 28091.70216887
0.08000000 1292000.70522576 15697.80930489
0.08100000 1283407.40410031 18943.09417330
0.08200000 1274762.69907792 17457.87598309
0.08300000 1266070.05407332 23928.72514501
0.08400000 1257329.92025520 17634.05295930
0.08500000 1248546.02770310 20938.11786752
0.08600000 1239717.94998557 17796.15200760
0.08700000 1230848.62035333 17871.92280675
0.08800000 1221937.67918661 16312.86878326
0.08900000 1212990.50015326 18012.90977334
0.09000000 1204006.06092176 21365.08855469
0.09100000 1194986.96704738 19788.98510401
0.09200000 1185934.29895599 24815.67637166
0.09300000 1176851.24859214 18252.96372341
0.09400000 1167736.53357974 19968.29566267
0.09500000 1158594.18789368 21688.88421681
0.09600000 1149425.12904472 18396.55005514
0.09700000 1140232.97160805 18437.56801770
0.09800000 1131018.16583698 16795.62055237
0.09900000 1121782.26012830 21874.75510111
0.10000000 1112525.24039135 18540.23400302
0.10100000 1103250.28204585 18567.70312010
0.10200000 1093959.46111867 20282.00936313
0.10300000 1084653.39608282 18612.65315233
0.10400000 1075334.93326877 16936.52599576
0.10500000 1066006.97378022 22034.36518474
0.10600001 1056665.57488916 23743.27658496
0.10700001 1047318.21593041 23753.17825507
0.10800001 1037962.82992872 22061.90098841
0.10900001 1028603.29028012 18669.15059726
0.11000001 1019239.73048359 16970.34231134
0.11100001 1009874.34953891 20359.06784507
0.11200001 1000509.16981893 20350.35747215
0.11300001 991143.71415358 22033.12580297
0.11400001 981782.27832410 18629.31960835
0.11500001 972424.72255035 27072.30555058
0.11600001 963072.66289439 18592.11863271
0.11700001 953728.55069776 20257.19537083
0.11800001 944391.07836662 23600.33415992
0.11900001 935064.42562141 16831.16045396
0.12000001 925748.45730325 33604.67058305
0.12100001 916447.30242574 26833.57827911
0.12200001 907158.40999287 20084.48814345
0.12300001 897886.13711333 21710.88781830
0.12400001 888629.82399152 18327.99098339
0.12500001 879392.03574291 26592.81641393
0.12600001 870175.24680495 26522.94277247
0.12700001 860978.96822818 19836.95636282
0.12800001 851803.84359758 24723.60772562
0.12900001 842652.79123907 23004.42228507
0.13000001 833526.50300021 19654.55586716
0.13100001 824425.06729549 19588.34052229
0.13200001 815352.23690086 22772.78905016
0.13300001 806308.49556370 21068.84198233
0.13400001 797292.87676788 27446.80857673
0.13500001 788308.93192907 17689.65326652
0.13600001 779355.88384109 27226.79908575
0.13700001 770436.87740712 19137.65293720
0.13800001 761550.31512255 22229.65474668
0.13900001 752701.53914443 17387.40637419
0.14000001 743887.33680350 15733.21791538
0.14100001 735111.19775023 17223.65617561
0.14200001 726372.34653920 23371.03135220
0.14300001 717675.31545722 17051.96629956
0.14400001 709014.58321853 16963.17470365
0.14500001 700398.82347579 24541.97593229
0.14600001 691823.20282479 22882.05351288
0.14700001 683293.38884275 16686.02534273
0.14800001 674805.46953355 15081.90295562
0.14900001 666362.17891008 16492.46470615
0.15000001 657965.35434844 17883.49917499
0.15100001 649615.27804649 20735.72065366
0.15200001 641313.71002763 14718.15033964
0.15300001 633060.19910295 21935.53693403
0.15400001 624853.67166733 14527.84855185
0.15500001 616699.14825854 20203.06505039
0.15600001 608593.32356587 17198.84813567
0.15700001 600542.07648097 15656.13267278
0.15800001 592538.27231826 19784.85384653
0.15900001 584590.36175389 15433.18627876
0.16000001 576693.28268578 15319.85777768
0.16100001 568853.42688663 15205.45281844
0.16200001 561065.65542024 24692.50066068
0.16300001 553334.60338312 19056.84464015
0.16400001 545658.63016428 14855.55690755
0.16500001 538039.22694468 17416.33059845
0.16600001 530476.20209785 18603.80128591
0.16700001 522970.45323703 17132.51285695
0.16800001 515521.25050421 15682.15718079
0.16900001 508132.70177849 18140.33831004
0.17000001 500801.87442438 16699.23929121
0.17100001 493530.35037379 16553.00873319
0.17200001 486318.42166116 15143.95636567
0.17300001 479166.45992275 18759.36779188
0.17400001 472075.80610488 17348.78669367
0.17500001 465044.99795364 14732.62623096
0.17600001 458073.69932020 15810.41447875
0.17700001 451166.09122774 12046.13520473
0.17800001 444319.34010103 17894.96226779
0.17900001 437534.26506870 12994.76828633
0.18000001 430811.94718744 12866.19941049
0.18100001 424153.28741207 15053.20088131
0.18200001 417554.42246234 11461.86943803
0.18300001 411021.28514056 12478.60680635
0.18400001 404549.41917222 13471.49629484
0.18500001 398141.88109739 13329.79080887
0.18600001 391797.67003638 15385.89522921
0.18700001 385516.61675919 11958.72601686
0.18800001 379298.56702977 12903.73786000
0.18900001 373146.48722980 10634.67538851
0.19000001 367054.29512974 11567.71665757
0.19100001 361030.87494324 13516.99659655
0.19200001 355068.13768200 11307.14537876
0.19300001 349171.62176611 12193.07360823
0.19400001 343338.23477091 16068.23014656
0.19500001 337569.39627308 12901.90293524
0.19600001 331863.53278553 11767.88142868
0.19700001 326222.36103960 13564.32641304
0.19800001 320645.45976403 13399.77439680
0.19900001 315133.42576020 10399.40354156
0.20000001 309683.10659410 12138.02993661
0.20100001 304298.61368424 13830.37264560
0.20200001 298976.53227825 10014.21942197
0.20300001 293719.07296783 10785.36486914
0.20400001 288525.01656964 12421.00255041
0.20500001 283393.77116441 10508.24153147
0.20600001 278326.31622674 11234.64228553
0.20700001 273321.72488502 10233.16586341
0.20800001 268379.88437227 11779.19368190
0.20900001 263503.19425223 9130.38611244
0.21000001 258686.61295145 9824.91802434
0.21100001 253932.69800677 8882.56619619
0.21200001 249240.89559874 10352.22108809
0.21300001 244610.87557846 10207.61232046
0.21400001 240043.62187150 9289.68860561
0.21500001 235538.34713919 9157.73136973
0.21600001 231092.63176907 9778.68517563
0.21700001 226708.87483123 9637.39472473
0.21800001 222385.66592226 8766.44336514
0.21900001 218121.76634621 7917.82049273
0.22000001 213917.88900281 12055.34320476
0.22100001 209776.17288414 9081.21095355
0.22200001 205692.71162173 8944.54798781
0.22300001 201668.20857679 7453.65734145
0.22400001 197701.08974380 8006.89451324
0.22500001 193795.37510199 7226.62987928
0.22600001 189946.21124350 7114.43567855
0.22700001 186155.71413329 7639.83086931
0.22800001 182421.91351475 9399.28953834
0.22900001 178744.83626765 7400.03657144
0.23000001 175124.79125838 7281.68916489
0.23100001 171562.45955906 12537.78513752
0.23200001 168054.16120657 6460.84253314
0.23300001 164602.61797079 5777.55216402
0.23400001 161206.33545556 5682.52359357
0.23500001 157863.28346767 5588.36049906
0.23600001 154575.69951210 6594.19965307
0.23700001 151341.79610441 6483.48285177
0.23800001 148161.39324643 6905.06205885
0.23900001 145034.14810662 6265.47549456
0.24000001 141959.33283836 5645.01313733
0.24100001 138937.75345822 6052.12882691
0.24200001 135967.46061423 6938.41984335
0.24300001 133048.56097449 6330.45083061
0.24400001 130179.87922955 9089.81049718
0.24500001 127362.21783681 6579.53248469
0.24600001 124594.45141341 7847.58189350
0.24700001 121877.11658017 4987.21184639
0.24800001 119207.70050148 5788.13017167
0.24900001 116587.04682628 5683.61880166
0.25000001 114014.87097661 4721.92610488
0.25100001 111489.97891109 5478.61782288
0.25200001 109013.34150151 4137.05650571
0.25300001 106583.37944391 6091.24042340
0.25400001 104199.19208467 5978.42892870
0.25500001 101860.71545542 4693.74199026
0.25600001 99568.19698784  5373.69584568
0.25700001 97320.16697136  4142.91970399
0.25800001 95116.50891789  4064.80420093
0.25900001 92957.10515834  4712.92545452
0.26000001 90841.56354191  4267.73685713
0.26100001 88766.93915385  3837.39496119
0.26200001 86737.37684940  4790.50555006
0.26300001 84748.39941826  4698.45148607
0.26400001 82800.80044879  3291.33197358
0.26500001 80895.15172846  5164.34673072
0.26600001 79029.07631996  3481.62612202
0.26700001 77204.21440568  4034.69243576
0.26800001 75418.77401498  4260.40674571
0.26900001 73671.84887739  3282.08102280
0.27000001 71964.21862493  3217.88018809
0.27100001 70294.55557774  5162.43240593
0.27200001 68663.03011953  3374.10145975
0.27300001 67068.04051445  2756.49659559
0.27400001 65508.90800322  2972.46684132
0.27500001 63988.14656058  3443.84221087
0.27600001 62501.14010849  3375.99924273
0.27700001 61051.10583402  2800.41435714
0.27800001 59634.98667415  2745.29674147
0.27900001 58253.71671047  3180.65308292
0.28000001 56906.08640230  3118.16915199
0.28100001 55591.76733558  2586.68505655
0.28200001 54310.72079245  2997.13726878
0.28300001 53062.26354163  2486.49778725
0.28400001 51845.86410825  3767.89835240
0.28500001 50661.45198625  2390.71403239
0.28600001 49507.25617095  2131.28747904
0.28700001 48384.34945207  2717.26519384
0.28800001 47290.96489827  3075.09513806
0.28900001 46228.89628054  2614.24420841
0.29000001 45194.70553947  2564.57368723
0.29100001 44190.69292931  2322.66293031
0.29200001 43214.54269443  2089.20716546
0.29300001 42266.30095345  1863.94396028
0.29400001 41345.57474172  2378.40429960
0.29500001 40452.97459051  1975.72337253
0.29600001 39586.01011601  2116.26820098
0.29700001 38745.20567069  2771.05724074
0.29800001 37930.90401335  2721.92180085
0.29900001 37141.90928840  2172.80179623
0.30000001 36377.77560140  1806.70231077
0.30100001 35639.11737177  2421.67814005
0.30200001 34923.45581757  1745.99825626
0.30300001 34232.09053543  1873.18008278
0.30400001 33564.92248520  1842.71433167
0.30500001 32919.31286688  1813.19583855
0.30600001 32296.71046633  1487.26358739
0.30700001 31696.79555226  1610.83122623
0.30800001 31118.26009093  1442.33142350
0.30900001 30561.17932116  1563.20439629
0.31000001 30025.90305164  1820.92097678
0.31100001 29509.59614179  1657.25899779
0.31200001 29014.69539060  1634.68801570
0.31300001 28538.92645476  1478.60184963
0.31400001 28084.22895984  1857.77183365
0.31500001 27647.62204232  1310.49734685
0.31600002 27229.78694780  1942.16464601
0.31700002 26829.99229768  1535.74883183
0.31800002 26448.69399404  1898.35510131
0.31900002 26085.17190019  1878.13246574
0.32000002 25738.73193251  1735.04800172
0.32100002 25409.76580781  1472.75009596
0.32200002 25097.35498529  1580.75697860
0.32300002 24800.53521045  1566.89788879
0.32400002 24520.14656210  1314.89292165
0.32500002 24254.91963498  1423.27875158
0.32600002 24005.50436092  1766.20506699
0.32700002 23770.84251121  1403.43060832
0.32800002 23551.46221228  1278.49118673
0.32900002 23345.21132415  1964.49962595
0.33000002 23154.52289389  1724.43317418
0.33100002 22975.18725233  1144.16437935
0.33200002 22811.70841366  1481.27835599
0.33300002 22659.83737117  1362.30948727
0.33400002 22521.59268447  1471.22311178
0.33500002 22395.32949640  1128.72466007
0.33600002 22281.09600279  1126.30945628
0.33700002 22178.25732336  1574.21277936
0.33800002 22088.18601851  1684.77646835
0.33900002 22008.32051862  1459.15171949
0.34000002 21939.92920906  1122.22743219
0.34100002 21882.25460679  1347.07165739
0.34200002 21835.82408174  1460.48916287
0.34300002 21798.24573796  1574.70534669
0.34400002 21771.61627810  1239.34931533
0.34500002 21753.89929649  1354.83291235
0.34600002 21746.96855976  1131.92976714
0.34700002 21747.00254675  1475.75166272
0.34800002 21757.53297659  1594.60966738
0.34900002 21776.23484704  1600.55333706
0.35000002 21803.40954372  1607.12939358
0.35100002 21838.82232257  1614.32582254
0.35200002 21881.24729261  1622.05693863
0.35300002 21931.92830694  1281.04399308
0.35400002 21990.34894765  1990.67643277
0.35500002 22055.60624943  1766.65414425
0.35600002 22127.32821765  1303.41033040
0.35700002 22206.05731466  1550.20493456
0.35800002 22291.83503225  1440.49844801
0.35900002 22383.34007296  1450.44050543
0.36000002 22481.70833356  1704.33838949
0.36100002 22585.05815136  1594.27933042
0.36200002 22695.19790121  1606.47965953
0.36300002 22809.03952981  1618.98570251
0.36400002 22928.99357102  1255.36245748
0.36500002 23053.42816719  1898.44989949
0.36600002 23183.33632512  1403.86699767
0.36700002 23317.43655613  1415.83481475
0.36800002 23457.35528882  1428.20114441
0.36900002 23600.54569469  1833.76248734
0.37000002 23746.86911331  1717.96732738
0.37100002 23897.55134634  2000.22514244
0.37200002 24052.41152994  1345.73248885
0.37300002 24210.22136384  1629.83217942
0.37400002 24372.42887269  1782.23394574
0.37500002 24536.62926350  1937.41233842
0.37600002 24704.94005942  2095.59663981
0.37700002 24874.88000330  1974.56806820
0.37800002 25048.37953986  1708.80053316
0.37900002 25224.25541634  1581.56088953
0.38000002 25402.55143196  2322.80941298
0.38100002 25582.54412746  1612.46783274
0.38200002 25764.90999022  2220.29122359
0.38300002 25948.94123896  2241.98862926
0.38400002 26135.34223078  2113.04251946
0.38500002 26322.42905680  1981.28932897
0.38600002 26511.92380687  1692.91897489
0.38700002 26701.86181090  1864.85811722
0.38800002 26892.93711046  2353.80443211
0.38900002 27085.20372235  1901.38139139
0.39000002 27279.13584691  2399.88208983
0.39100002 27472.90302941  2584.65083946
0.39200002 27667.96791518  1957.23214305
0.39300002 27863.11173869  1811.38097995
0.39400002 28059.61803130  1995.03893655
0.39500002 28255.39829353  2181.88195960
0.39600002 28451.44745512  2033.14053147
0.39700002 28647.22002543  2394.33476316
0.39800002 28844.09975246  2934.74306836
0.39900002 29039.88390883  2265.11105221
0.40000002 29235.30702837  2461.90532150
0.40100002 29430.21700147  2484.49903698
0.40200002 29625.90206758  2328.15162429
0.40300002 29819.72049592  2710.61272151
0.40400002 30013.13957776  2734.94747361
0.40500002 30205.72925980  2759.29349862
0.40600002 30397.80571025  1855.78612654
0.40700002 30588.58376432  2246.42569809
0.40800002 30778.59187907  2832.40005187
0.40900002 30966.67936478  2285.34104540
0.41000002 31154.45879197  3073.07596085
0.41100002 31340.59870149  2905.27363729
0.41200002 31524.62115789  3710.60570921
0.41300002 31707.75897512  2362.86231078
0.41400002 31889.04402571  2580.62101006
0.41500002 32069.26971584  2401.34703011
0.41600002 32246.60556706  2420.43032855
0.41700002 32423.01603147  2439.50784180
0.41800002 32598.33044245  2253.68568193
0.41900002 32769.75211725  2683.84282557
0.42000002 32939.94753849  2288.17356419
0.42100002 33108.58463823  3143.66026036
0.42200002 33275.07535359  3589.21617309
0.42300002 33438.73153937  2977.38479735
0.42400002 33600.30580739  2142.01959672
0.42500002 33759.93602406  3020.16401983
0.42600002 33915.88227962  2824.00607183
0.42700002 34070.75891704  2843.54567396
0.42800002 34222.59627546  2642.66900962
0.42900002 34372.46404434  2660.42884310
0.43000002 34519.81297421  2901.21781890
0.43100002 34663.12649406  2920.02191423
0.43200002 34804.68910966  2486.62113127
0.43300002 34943.22362410  3412.20594859
0.43400002 35079.35817690  2975.60669836
0.43500002 35212.20067728  2993.74144345
0.43600002 35343.22870736  2548.42362671
0.43700002 35470.40204085  3029.52718188
0.43800002 35594.02756418  2812.64019141
0.43900002 35715.76575607  3064.41284709
0.44000002 35833.78267630  2844.48580364
0.44100002 35949.48464778  2621.79603961
0.44200002 36061.84658180  3354.83374649
0.44300002 36171.45434575  3131.72466567
0.44400002 36277.32529246  3390.11620924
0.44500002 36379.29573492  4380.79500001
0.44600002 36478.96221346  2690.50598556
0.44700002 36575.75249323  2949.46882083
0.44800002 36668.09780016  2963.51580466
0.44900002 36758.78413995  2729.33985174
0.45000002 36845.85345350  2741.88431469
0.45100002 36928.37841213  3004.49301000
0.45200002 37008.61758823  4023.57709488
0.45300002 37084.84408159  2778.02580181
0.45400002 37158.57866674  2789.68042562
0.45500002 37228.70652581  2546.44364705
0.45600002 37295.23145125  2812.24706086
0.45700002 37358.42841170  3079.82898423
0.45800002 37417.67007446  2833.82737740
0.45900002 37473.82615934  2844.26354030
0.46000002 37527.39615434  3114.02348047
0.46100002 37576.27203128  3645.65008526
0.46200002 37622.63110077  3396.75940992
0.46300002 37665.19372826  3407.94689005
0.46400002 37703.86202763  4207.75120171
0.46500002 37740.13090637  3429.44585800
0.46600002 37772.01665971  2645.92989242
0.46700002 37800.59795498  3980.40315331
0.46800002 37826.46351521  3459.41938475
0.46900002 37848.11490165  2935.12144974
0.47000002 37866.02434506  3477.80517081
0.47100002 37881.06528277  2950.17750405
0.47200002 37892.47767260  5108.09569476
0.47300002 37901.09368800  2964.24467784
0.47400002 37904.77214139  2700.71514308
0.47500002 37906.33924324  6495.63060060
0.47600002 37904.75045529  3254.50202835
0.47700002 37898.54614274  2989.05847595
0.47800002 37889.28647930  3266.81443509
0.47900002 37877.25408118  3545.31115004
0.48000002 37861.12634116  4097.52059249
0.48100002 37842.98009491  2736.04759055
0.48200002 37819.44477973  3014.02079458
0.48300002 37793.13514786  3566.91626432
0.48400002 37763.94402705  4395.72329310
0.48500002 37731.47718942  2750.62481749
0.48600002 37696.12537012  3029.07229769
0.48700002 37657.07334131  4410.39663879
0.48800002 37613.97909878  3586.68114697
0.48900002 37568.59332174  3589.67926205
0.49000002 37519.69791222  2763.32588222
0.49100002 37468.03744507  3871.19781232
0.49200002 37412.37649307  2766.64537280
0.49300002 37353.94615542  4428.68406611
0.49400002 37292.54800484  3322.76618473
0.49500002 37227.18365864  4154.55389324
0.49600002 37159.97903428  3324.33188199
0.49700002 37088.84825685  3047.59080573
0.49800002 37014.97303665  4709.97046731
0.49900002 36938.02282586  3047.38702759
0.50000002 36857.95684197  3046.86314677
