# SAXS profile: number of points = 501, q_min = 0, q_max = 0.5, delta_q = 0.001
#    q    intensity    error
0.00000000 1646666.22097351 296.39991978
0.00100000 1646598.23684275 839.76512073
0.00200000 1646394.22724685 1704.01807916
0.00300000 1646054.36465600 1086.39591937
0.00400000 1645578.51149876 1357.60232357
0.00500000 1644967.12543749 1924.61161294
0.00600000 1644219.96677768 2589.64655310
0.00700000 1643337.61999555 2366.40627114
0.00800000 1642319.60873352 3990.83681772
0.00900000 1641167.20379946 2954.10109312
0.01000000 1639879.67304031 2976.38173509
0.01100000 1638458.16675708 3539.06979428
0.01200000 1636902.15739783 3830.35121625
0.01300000 1635213.07376340 4807.52664890
0.01400000 1633390.12375186 4410.15352964
0.01500000 1631435.06470495 6264.71092743
0.01600000 1629346.83423773 4570.31807435
0.01700000 1627127.42845581 4393.24425391
0.01800000 1624776.52240731 5093.67462695
0.01900000 1622294.78804202 6326.94995885
0.02000000 1619682.76696435 8673.40160944
0.02100000 1616942.17874569 5869.50037496
0.02200000 1614071.23825813 6125.40062748
0.02300000 1611072.79316861 5799.86231941
0.02400000 1607946.75638132 7235.76073365
0.02500000 1604694.35196802 8135.80073604
0.02600000 1601315.85610844 7782.39541664
0.02700000 1597812.30616650 10066.21798989
0.02800000 1594183.54236870 9708.57821826
0.02900000 1590432.10292555 9304.02822930
0.03000000 1586558.38240719 11066.24522595
0.03100000 1582562.45716365 9115.56017270
0.03200000 1578445.34594944 13282.61819794
0.03300000 1574210.12554467 9634.16641247
0.03400000 1569854.31135785 12362.60327236
0.03500000 1565381.74625961 10143.67418418
0.03600000 1560791.81586244 14726.07146321
0.03700000 1556086.30895098 9756.66160834
0.03800000 1551266.95930870 9074.91213194
0.03900000 1546334.37078380 11133.60798524
0.04000000 1541287.91716907 13270.48958177
0.04100000 1536131.46139921 10645.39152109
0.04200000 1530865.23331598 11848.89745557
0.04300000 1525489.30823097 11075.05289184
0.04400000 1520007.35623899 13338.06517044
0.04500000 1514418.92963602 11494.44021003
0.04600000 1508724.45476939 11700.15869064
0.04700000 1502927.18504723 14067.39910629
0.04800000 1497027.15723735 15404.41016471
0.04900000 1491027.03060135 14537.51422505
0.05000000 1484926.46605303 13631.62559314
0.05100000 1478728.79866202 11534.08516687
0.05200000 1472432.15827279 17558.75430566
0.05300000 1466042.05392817 13062.43530944
0.05400000 1459556.68442723 15653.74617048
0.05500000 1452980.22825877 17087.04828142
0.05600000 1446310.89627659 13602.55461423
0.05700000 1439553.82766695 16281.35455090
0.05800000 1432707.54662910 16483.30109361
0.05900000 1425774.29575902 19247.95389174
0.06000000 1418756.43064638 14279.78414159
0.06100000 1411655.59542996 17066.91694631
0.06200000 1404472.34964882 19908.39648686
0.06300000 1397209.59893477 18778.49788768
0.06400000 1389865.82129284 16261.43086962
0.06500000 1382447.23541822 17792.09675211
0.06600000 1374951.26157900 17963.73907303
0.06700000 1367381.12294404 23710.38978147
0.06800000 1359739.81782428 18295.30010521
0.06900000 1352027.98377214 19874.81229197
0.07000000 1344245.22511851 21474.31847688
0.07100000 1336396.34480245 17319.69743986
0.07200000 1328480.30726985 17456.23205529
0.07300000 1320501.71661898 17589.08368951
0.07400000 1312460.00027546 16241.69326456
0.07500000 1304357.37081107 17843.60966907
0.07600000 1296194.14066469 22456.56453979
0.07700000 1287975.76203107 16576.24883458
0.07800000 1279700.39231196 19713.78546807
0.07900000 1271370.02346550 24410.30559547
0.08000000 1262988.83020353 24552.50401094
0.08100000 1254556.46903487 18517.25435175
0.08200000 1246074.25628446 20167.71278434
0.08300000 1237545.00622332 15593.06781023
0.08400000 1228969.58216537 20370.17178054
0.08500000 1220351.52486988 15742.53540986
0.08600000 1211690.35774500 18975.07189319
0.08700000 1202989.44499841 20643.29984553
0.08800000 1194247.37738841 19131.84388427
0.08900000 1185470.48564299 20805.00800024
0.09000000 1176657.36904127 20879.78599448
0.09100000 1167810.53255125 19338.94332761
0.09200000 1158930.88144456 17783.79521137
0.09300000 1150022.12380798 19458.37524922
0.09400000 1141082.15247774 16260.42143701
0.09500000 1132115.96527010 21193.21186599
0.09600000 1123123.88218160 21243.88923009
0.09700000 1114109.18749960 24566.10873929
0.09800000 1105072.66998873 16410.32992091
0.09900000 1096016.23609583 23016.34204030
0.10000000 1086939.19689297 27994.12033246
0.10100000 1077844.93755347 21438.33681622
0.10200000 1068735.43687082 24767.94491447
0.10300000 1059611.45849358 23141.91534211
0.10400000 1050475.80592065 18199.49419377
0.10500000 1041331.07815971 16557.16492174
0.10600001 1032173.50647790 16566.38555848
0.10700001 1023011.12923876 18230.05918090
0.10800001 1013840.74948787 21549.18614451
0.10900001 1004666.69290508 18234.70133446
0.11000001 995489.08525344 21547.36226454
0.11100001 986310.04339904 23198.01331275
0.11200001 977132.14214814 19874.86870694
0.11300001 967954.17909555 19862.42069018
0.11400001 958780.44551372 19846.75615661
0.11500001 949610.91941040 19827.87693094
0.11600001 940447.10981676 18155.33230997
0.11700001 931291.77892792 18132.25178966
0.11800001 922143.32599329 18106.28505865
0.11900001 913005.66813891 18077.51308063
0.12000001 903879.32050334 19686.49252789
0.12100001 894767.47429046 19649.09466105
0.12200001 885668.68414676 19608.70559080
0.12300001 876586.35770689 24456.76053229
0.12400001 867520.20616673 22772.40648485
0.12500001 858472.52827596 24337.69732343
0.12600001 849446.04296108 22654.72703334
0.12700001 840440.12868554 19363.74147746
0.12800001 831455.34523978 17697.52785750
0.12900001 822494.70453684 17642.51224384
0.13000001 813558.39630022 15986.42324082
0.13100001 804647.35261625 15932.01833280
0.13200001 795764.39883949 22225.70070731
0.13300001 786910.77488167 22143.67024909
0.13400001 778085.01873150 15756.22237215
0.13500001 769290.92476189 20401.59628658
0.13600001 760527.37676112 17191.72216229
0.13700001 751797.64285031 18674.65432897
0.13800001 743100.31308492 23240.46338765
0.13900001 734440.20984792 16965.56964755
0.14000001 725814.76537205 24561.57281853
0.14100001 717226.73210186 18332.31613713
0.14200001 708675.79574085 19761.42549629
0.14300001 700166.16071407 15123.58978477
0.14400001 691692.81787740 18053.18339817
0.14500001 683263.87889472 16459.82761902
0.14600001 674874.49587343 20833.37667041
0.14700001 666530.91057250 19236.08298661
0.14800001 658228.33861481 23538.24649937
0.14900001 649970.03612575 17549.19180338
0.15000001 641757.71977414 17442.97564647
0.15100001 633591.80490322 17335.07260011
0.15200001 625473.45726711 22967.38643461
0.15300001 617402.85552055 22819.21061686
0.15400001 609378.71176448 18418.47243227
0.15500001 601405.97269945 15480.19046784
0.15600001 593480.75799806 15374.11976152
0.15700001 585610.17251500 13878.96174365
0.15800001 577786.26199727 16536.24359885
0.15900001 570017.39884404 15048.46003978
0.16000001 562298.54020015 16295.41246418
0.16100001 554636.15704180 17520.95702801
0.16200001 547025.41426742 16049.72641225
0.16300001 539470.29979771 14598.06700167
0.16400001 531969.69042698 13166.25045964
0.16500001 524524.77562641 14366.73428268
0.16600001 517135.76351585 14249.67663645
0.16700001 509802.60265765 17985.83667096
0.16800001 502525.56890572 17834.63328255
0.16900001 495307.97890004 15156.42487000
0.17000001 488147.41136280 18781.47253904
0.17100001 481045.22939426 19857.54800709
0.17200001 474001.74816850 14760.41513500
0.17300001 467017.26929219 17064.81182581
0.17400001 460093.07842079 14492.93265470
0.17500001 453228.00847964 13161.74198785
0.17600001 446421.17084234 17778.72396847
0.17700001 439677.31560517 15261.20034545
0.17800001 432992.82728697 17438.78694265
0.17900001 426369.33890302 12663.16996355
0.18000001 419807.72128975 19376.22629137
0.18100001 413308.61915946 11283.32583604
0.18200001 406868.13356337 12285.38387328
0.18300001 400492.16323301 16580.37634109
0.18400001 394176.76882881 10938.40585174
0.18500001 387924.30413962 14070.01517584
0.18600001 381734.13480610 11778.40728589
0.18700001 375605.85269151 10592.08554632
0.18800001 369539.94636660 11524.10377191
0.18900001 363538.35649826 11396.92801470
0.19000001 357595.60192801 11269.62592724
0.19100001 351720.62086748 13168.42066749
0.19200001 345904.53009969 14019.51126738
0.19300001 340154.02704714 9898.48265480
0.19400001 334465.54340515 12718.05288896
0.19500001 328840.34704505 12568.27865798
0.19600001 323276.54346421 10508.10454188
0.19700001 317776.68159931 10381.76467847
0.19800001 312339.42950142 10255.66565235
0.19900001 306965.96366420 10129.87727966
0.20000001 301653.14872444 14551.74858220
0.20100001 296404.80386619 16165.91876690
0.20200001 291217.44459091 8867.57160691
0.20300001 286093.54534621 10505.35548164
0.20400001 281031.69579311 10370.07006492
0.20500001 276031.31903327 10235.24179354
0.20600001 271093.70520704 10100.95193347
0.20700001 266217.32954393 11628.37350414
0.20800001 261402.77150152 11472.96818353
0.20900001 256651.87462237 8892.98787605
0.21000001 251959.63251956 8771.97502084
0.21100001 247328.84612086 9438.06921414
0.21200001 242758.88180688 11634.21996060
0.21300001 238249.30186825 10706.92413213
0.21400001 233801.08549937 8294.09390021
0.21500001 229413.57072618 8176.30004724
0.21600001 225084.69226860 9524.45920365
0.21700001 220815.99915664 7942.75186519
0.21800001 216606.75120495 9961.74495891
0.21900001 212455.27706802 8413.22936968
0.22000001 208362.47561316 8288.65967180
0.22100001 204330.38677601 9525.88308191
0.22200001 200355.33298986 8042.26344649
0.22300001 196437.86089299 7260.34368191
0.22400001 192576.55206876 7149.40483362
0.22500001 188775.43243381 8319.33370076
0.22600001 185028.90150610 8190.30471247
0.22700001 181340.23738836 9302.75461794
0.22800001 177706.74647630 7325.07243616
0.22900001 174128.66312879 7208.92699445
0.23000001 170606.19982917 8276.10714511
0.23100001 167140.13151530 6979.77222217
0.23200001 163726.79439036 10300.05312222
0.23300001 160368.77694188 7880.52207163
0.23400001 157064.66796718 8304.79471154
0.23500001 153812.52321265 9800.93444266
0.23600001 150614.49343242 6425.21459372
0.23700001 147468.85675776 5791.10227878
0.23800001 144375.14953574 6211.01922680
0.23900001 141333.48431213 5596.80624349
0.24000001 138342.77467627 6001.30984932
0.24100001 135404.25298517 5406.69207744
0.24200001 132515.46916866 5796.22689561
0.24300001 129676.77330061 5695.40415277
0.24400001 126887.04493232 6528.33877058
0.24500001 124146.89299455 8245.83702276
0.24600001 121455.69955454 5849.91404578
0.24700001 118813.16327591 6187.78983613
0.24800001 116217.42031917 5208.86502512
0.24900001 113669.13284774 4688.85195179
0.25000001 111168.26715982 4604.03400223
0.25100001 108713.05305221 4520.28895976
0.25200001 106305.03397920 6858.26959163
0.25300001 103942.44368017 4752.24874989
0.25400001 101624.15997317 3887.12430288
0.25500001 99350.51690072  3815.06002949
0.25600001 97121.49016422  4118.43698527
0.25700001 94935.73846300  3674.01325235
0.25800001 92793.10203943  5047.01705872
0.25900001 90693.53525043  4951.86725897
0.26000001 88636.75095858  5552.20634275
0.26100001 86619.63861536  4425.39754625
0.26200001 84646.06092810  5008.93089243
0.26300001 82711.98549963  4258.01321500
0.26400001 80818.37955775  4497.54303520
0.26500001 78965.36619028  3780.86191210
0.26600001 77150.64186127  3707.86002331
0.26700001 75376.15324231  4242.17010522
0.26800001 73639.83708355  2971.36756693
0.26900001 71940.86739258  4079.04737419
0.27000001 70280.22098556  3713.95845373
0.27100001 68656.12405060  4761.98898950
0.27200001 67069.26961136  4394.37875289
0.27300001 65517.77163295  3500.61470401
0.27400001 64001.08667539  3960.06742545
0.27500001 62521.59036240  3106.07275620
0.27600001 61074.70820037  3045.18509499
0.27700001 59664.03503992  2736.78941680
0.27800001 58285.96264487  2439.26765213
0.27900001 56941.85864869  2630.71399408
0.28000001 55630.09783949  3048.25135538
0.28100001 54350.78476892  2758.84596544
0.28200001 53103.80183132  2930.53344276
0.28300001 51888.19126998  3978.78669490
0.28400001 50703.89570364  3034.62830149
0.28500001 49550.32017626  2125.70883617
0.28600001 48426.28640644  4377.97862979
0.28700001 47332.39564075  2453.71150616
0.28800001 46267.09089337  2005.67848516
0.28900001 45231.93530467  1967.58927889
0.29000001 44224.06269479  2509.49455640
0.29100001 43245.49278116  2083.56794082
0.29200001 42293.55585218  1858.80186769
0.29300001 41368.77747485  2006.79949030
0.29400001 40470.65271531  1969.90911417
0.29500001 39599.98576294  2461.53523155
0.29600001 38753.79373778  1726.48159275
0.29700001 37933.00918452  1865.16614990
0.29800001 37137.84550048  2165.32218441
0.29900001 36367.26143453  2291.13757884
0.30000001 35620.64463774  2090.75383599
0.30100001 34898.57279843  2529.44867617
0.30200001 34198.87510043  1865.20673628
0.30300001 33522.72138898  1834.36340125
0.30400001 32869.86930778  1954.93556963
0.30500001 32237.92957503  1627.69314130
0.30600001 31628.22855691  1602.12799340
0.30700001 31040.44069622  1720.88211367
0.30800001 30473.38719094  1553.68571949
0.30900001 29926.95151275  1948.24463572
0.31000001 29401.82378861  2331.71174595
0.31100001 28894.78718167  1487.50371454
0.31200001 28408.67164233  1467.16591643
0.31300001 27940.79654415  2500.42200112
0.31400001 27493.37150252  1428.96805150
0.31500001 27063.71005567  1539.38390085
0.31600002 26651.82247844  1394.02364074
0.31700002 26257.51708474  1502.98034909
0.31800002 25881.17683560  1486.09724426
0.31900002 25521.93826694  1347.55840430
0.32000002 25179.15663818  1333.61409449
0.32100002 24853.26285784  1560.53644874
0.32200002 24543.63269370  1189.13906032
0.32300002 24248.89547699  1649.89492638
0.32400002 23970.03079146  1986.51639591
0.32500002 23705.91422590  1391.06311265
0.32600002 23457.07124161  1725.85409832
0.32700002 23222.34389445  1599.55512319
0.32800002 23002.50187399  1475.72557761
0.32900002 22795.38230223  1128.37147739
0.33000002 22603.29281253  1346.70424954
0.33100002 22422.23622527  1228.29015859
0.33200002 22256.42855141  1222.87952467
0.33300002 22102.01837952  1439.50452523
0.33400002 21960.74508347  1544.93848978
0.33500002 21830.93508191  1100.27918023
0.33600002 21713.03050626  1207.35311848
0.33700002 21605.80824542  1862.20470086
0.33800002 21511.25857908  1203.23230560
0.33900002 21426.28047299  1639.11053381
0.34000002 21352.87388396  1529.07937125
0.34100002 21289.47903030  1638.22548897
0.34200002 21237.06041814  1311.17617231
0.34300002 21193.29565597  1093.57410764
0.34400002 21160.00627321  1423.53948945
0.34500002 21135.57475044  1316.32365780
0.34600002 21121.58430790  1209.31636682
0.34700002 21114.27395221  1322.59818301
0.34800002 21117.13783434  1547.67510518
0.34900002 21128.05695751  1220.14534708
0.35000002 21147.09448356  1336.07349275
0.35100002 21174.19979517  1341.59736256
0.35200002 21208.25768122  1347.57275689
0.35300002 21250.09791713  1466.89432870
0.35400002 21299.62716359  1247.62572020
0.35500002 21355.86263944  1368.48374275
0.35600002 21418.29457317  1261.64470159
0.35700002 21487.57360198  1500.04758420
0.35800002 21563.75034591  1509.57041447
0.35900002 21645.58696141  1519.52027666
0.36000002 21734.19739787  1412.28821381
0.36100002 21827.45426543  1303.75390503
0.36200002 21927.58717807  1552.14433192
0.36300002 22031.14330925  1924.64077066
0.36400002 22140.83917259  1212.21100212
0.36500002 22254.90796809  1832.69175798
0.36600002 22374.39158091  1231.71031487
0.36700002 22497.88916704  1614.44860310
0.36800002 22627.18413001  1377.65617101
0.36900002 22759.82474296  1389.48736638
0.37000002 22895.45165928  1274.13194519
0.37100002 23035.53814949  1413.92139859
0.37200002 23179.61991273  1426.58977511
0.37300002 23326.67270610  1570.35168096
0.37400002 23478.06472769  1584.76944419
0.37500002 23631.61144770  1466.10524367
0.37600002 23789.09827658  1614.32828552
0.37700002 23948.30177228  1493.65565229
0.37800002 24111.23157627  1781.94065406
0.37900002 24276.35946253  1522.12781041
0.38000002 24444.04288646  1396.97711714
0.38100002 24613.42436955  1692.41913983
0.38200002 24785.23322198  1423.91171606
0.38300002 24958.69907365  1437.62113475
0.38400002 25134.70407313  1886.98799768
0.38500002 25311.19871749  1758.62217020
0.38600002 25490.61103825  1627.70304496
0.38700002 25670.30866134  1643.41323836
0.38800002 25851.33714167  2564.32350925
0.38900002 26033.57681959  1979.85361093
0.39000002 26217.65440352  2152.73170506
0.39100002 26401.61863300  2018.13982392
0.39200002 26586.94104250  1724.03027358
0.39300002 26772.63045166  1740.48878812
0.39400002 26959.62169371  1916.82919324
0.39500002 27146.13950390  1934.97691551
0.39600002 27333.02314902  2767.05872959
0.39700002 27519.84711501  1807.22844567
0.39800002 27707.70477727  1989.96745138
0.39900002 27894.74212144  1673.68460658
0.40000002 28081.83296815  2195.85903298
0.40100002 28268.23437599  1875.03207500
0.40200002 28455.68583535  1720.14629025
0.40300002 28641.51761723  2082.81125981
0.40400002 28826.90319733  1751.23445221
0.40500002 29011.90664695  1766.82519851
0.40600002 29196.34071565  2495.41135920
0.40700002 29379.85254601  2697.07059151
0.40800002 29562.84215440  2539.15263295
0.40900002 29743.92218662  2012.17643126
0.41000002 29924.90685770  2029.35765471
0.41100002 30104.53043914  1860.46006929
0.41200002 30282.30796445  2813.98360093
0.41300002 30459.27970488  2837.28203895
0.41400002 30634.79323047  2288.41916275
0.41500002 30809.35728940  2114.75438455
0.41600002 30981.13206524  2713.01786351
0.41700002 31152.33696863  2148.57678253
0.41800002 31322.61274950  2165.48893505
0.41900002 31489.26593905  2975.73577224
0.42000002 31654.85891763  2198.90487891
0.42100002 31819.26945621  2215.57583722
0.42200002 31981.64562276  2840.92971529
0.42300002 32141.49957664  2248.61941693
0.42400002 32299.42520281  2059.08845425
0.42500002 32455.68400004  2488.70196705
0.42600002 32608.59199664  2088.58041635
0.42700002 32760.62645433  2944.52524525
0.42800002 32909.77553890  2117.74415628
0.42900002 33057.39184542  2558.64225008
0.43000002 33202.53395830  3434.47027540
0.43100002 33343.93656028  2808.89334894
0.43200002 33483.97613716  3479.65496507
0.43300002 33621.11859862  2845.35540184
0.43400002 33756.10183591  2643.10289900
0.43500002 33888.23410776  3989.32310821
0.43600002 34018.61058807  2452.91203269
0.43700002 34145.39438605  3140.69352446
0.43800002 34268.96968411  3159.25646489
0.43900002 34390.92450155  2723.76134960
0.44000002 34509.31357696  2511.07032143
0.44100002 34625.72931853  2525.25455887
0.44200002 34739.05566206  3231.77450140
0.44300002 34849.88863490  2553.10296239
0.44400002 34957.23746838  2800.07485391
0.44500002 35060.98730064  3283.81222620
0.44600002 35162.57132576  2829.18062295
0.44700002 35261.53912550  3317.40575814
0.44800002 35356.60004025  2857.52055068
0.44900002 35449.92692272  2871.44421682
0.45000002 35539.93926514  2644.70470575
0.45100002 35625.71926849  2656.96626896
0.45200002 35709.47162516  2911.75045431
0.45300002 35789.62940544  2681.00126582
0.45400002 35867.30739449  2937.53261483
0.45500002 35941.76118260  2458.41658140
0.45600002 36012.65633908  2715.53447995
0.45700002 36080.73151561  3718.11955890
0.45800002 36144.97193836  3732.87215385
0.45900002 36206.38282477  3497.53674664
0.46000002 36265.55470497  3761.64484005
0.46100002 36320.27190340  2768.69445842
0.46200002 36372.62448649  2778.68677934
0.46300002 36421.29880358  4816.35278206
0.46400002 36466.46211772  4069.65736522
0.46500002 36509.34479503  3317.60431876
0.46600002 36548.29718789  2816.22917329
0.46700002 36584.09842091  3595.48536322
0.46800002 36617.26212512  3091.22941511
0.46900002 36646.57045395  3358.65834129
0.47000002 36672.42277656  3109.08815036
0.47100002 36695.52481963  2598.04328037
0.47200002 36715.26274074  3386.43241940
0.47300002 36732.20763017  2872.82609492
0.47400002 36744.78765726  3141.67949360
0.47500002 36755.23549448  3149.18872643
0.47600002 36762.76184982  2893.41330853
0.47700002 36766.07465624  3954.19151670
0.47800002 36766.35483879  2905.82899241
0.47900002 36764.13934463  2647.01815828
0.48000002 36757.90107894  3182.49922626
0.48100002 36749.95618839  3719.83074171
0.48200002 36736.77719626  3726.21148764
0.48300002 36721.10693829  3465.73823711
0.48400002 36702.64458192  2937.12927189
0.48500002 36681.04370353  3743.66749783
0.48600002 36656.84290696  4552.23025218
0.48700002 36629.09749320  3217.50007631
0.48800002 36597.46816926  2952.86685920
0.48900002 36563.72574684  3762.40755769
0.49000002 36526.60560785  2690.18463054
0.49100002 36486.90282633  3500.55362309
0.49200002 36443.37555854  2694.98775030
0.49300002 36397.19191743  4045.54807339
0.49400002 36348.17237389  2968.73711936
0.49500002 36295.51121965  2700.38616275
0.49600002 36241.08453921  2971.95027851
0.49700002 36182.80058038  3513.71193092
0.49800002 36121.93456841  3244.47231673
0.49900002 36058.15951622  4597.41555625
0.50000002 35991.34327792  4327.59932088
