# SAXS profile: number of points = 501, q_min = 0, q_max = 0.5, delta_q = 0.001
#    q    intensity    error
0.00000000 1700912.83420644 306.16431016
0.00100000 1700842.73826688 510.25283360
0.00200000 1700632.39466235 841.81306201
0.00300000 1700281.96763792 1428.23690369
0.00400000 1699791.33552451 1274.84355008
0.00500000 1699160.97355436 1682.16943040
0.00600000 1698390.56894865 2139.97220400
0.00700000 1697480.82503958 2444.37248965
0.00800000 1696431.17025283 2290.18217653
0.00900000 1695243.00390917 2797.15107602
0.01000000 1693915.43742721 3074.45665168
0.01100000 1692449.73914293 3351.05062941
0.01200000 1690845.42181597 4616.00820394
0.01300000 1689103.81440525 5675.38906671
0.01400000 1687224.18546359 7212.88371261
0.01500000 1685208.40011809 5257.85044249
0.01600000 1683055.22075808 4720.97010527
0.01700000 1680766.86180320 5899.49194957
0.01800000 1678342.75598395 6696.58789771
0.01900000 1675783.78995651 6032.82191606
0.02000000 1673090.55586527 6851.30613619
0.02100000 1670264.77328913 6614.24880210
0.02200000 1667304.55975903 7477.86129026
0.02300000 1664212.72898427 5991.16609705
0.02400000 1660989.34313899 9343.06548118
0.02500000 1657635.77070212 6464.77980099
0.02600000 1654152.04654035 6699.31609490
0.02700000 1650539.43402707 6932.26594042
0.02800000 1646797.68847311 10028.99838273
0.02900000 1642929.26251278 8871.81842491
0.03000000 1638934.82827930 9145.25676216
0.03100000 1634814.31810075 9416.53090554
0.03200000 1630568.99874778 8071.31691555
0.03300000 1626201.57112720 9952.35407411
0.03400000 1621710.03194177 10216.77367264
0.03500000 1617097.86487256 13098.49331033
0.03600000 1612364.71865649 9843.48706230
0.03700000 1607512.50708833 11911.66822841
0.03800000 1602542.35678440 10312.36054316
0.03900000 1597455.86215582 17252.52411025
0.04000000 1592251.87203052 13709.28925346
0.04100000 1586934.22241589 11997.22327773
0.04200000 1581503.28869777 11220.76635387
0.04300000 1575959.36339892 14561.86519374
0.04400000 1570305.87229875 13779.43466937
0.04500000 1564542.64731761 12954.41372172
0.04600000 1558669.92182274 16482.93518952
0.04700000 1552691.16077350 13415.25225300
0.04800000 1546606.32172764 13641.06839233
0.04900000 1540418.22125402 11553.13719717
0.05000000 1534126.64046617 14083.28321528
0.05100000 1527734.53275715 15491.22888380
0.05200000 1521240.60765259 16931.40875220
0.05300000 1514649.84639121 13495.53076048
0.05400000 1507961.01978231 16172.88269137
0.05500000 1501178.02967372 13870.88564125
0.05600000 1494299.14473611 20442.01325390
0.05700000 1487329.79442791 15527.72377864
0.05800000 1480268.40933645 17030.48884461
0.05900000 1473116.80724626 15909.66226133
0.06000000 1465878.18243842 16095.34319513
0.06100000 1458554.01603729 13564.55298304
0.06200000 1451144.72099937 13713.31825445
0.06300000 1443653.25724850 13859.07191757
0.06400000 1436078.00769155 19602.46572173
0.06500000 1428425.22496820 15555.55142756
0.06600000 1420692.91804357 17133.55739326
0.06700000 1412883.91613289 20175.98326659
0.06800000 1405001.50023143 17450.11944970
0.06900000 1397045.98650599 17602.78025412
0.07000000 1389017.28655606 16272.33827401
0.07100000 1380920.22225209 19388.12082852
0.07200000 1372753.69284330 18037.98436898
0.07300000 1364522.71221267 18175.44337829
0.07400000 1356226.17874325 19834.80879366
0.07500000 1347867.02345933 23048.52718150
0.07600000 1339445.18196883 18564.71109241
0.07700000 1330966.18209316 18686.76607278
0.07800000 1322428.10841481 21939.08334746
0.07900000 1313833.23071796 18919.19940972
0.08000000 1305185.74031345 20615.40973534
0.08100000 1296485.57839864 19136.12803500
0.08200000 1287733.50005963 16032.28282806
0.08300000 1278933.11262551 17726.01377291
0.08400000 1270084.61917179 16193.57965455
0.08500000 1261192.18215299 19523.25589625
0.08600000 1252254.99513887 19610.31414461
0.08700000 1243276.43065946 19693.49958641
0.08800000 1234255.77961461 24715.97314754
0.08900000 1225198.62258521 21502.23683632
0.09000000 1216103.81233902 19919.78138185
0.09100000 1206974.11241505 16656.24353386
0.09200000 1197810.79185639 20051.35359782
0.09300000 1188616.86145501 21787.34809430
0.09400000 1179390.90789860 20167.58547289
0.09500000 1170137.32532847 26959.96524276
0.09600000 1160856.94921241 27024.75104804
0.09700000 1151553.22336214 18620.61649717
0.09800000 1142226.80372373 22050.68948266
0.09900000 1132879.27255631 20391.82786489
0.10000000 1123510.77550907 17021.18904942
0.10100000 1114123.96996329 20455.31705058
0.10200000 1104721.41802430 18774.74138242
0.10300000 1095303.72051027 18795.41272811
0.10400000 1085873.78478225 20523.01549789
0.10500000 1076434.29094923 27384.48965017
0.10600001 1066981.50809266 29112.59181816
0.10700001 1057522.88667020 22271.43304132
0.10800001 1048056.36627007 23990.01135293
0.10900001 1038585.95491857 22277.66978152
0.11000001 1029111.69657264 25702.06583169
0.11100001 1019635.87650177 17129.88353159
0.11200001 1010160.41839695 20546.66387747
0.11300001 1000684.79536071 17111.71080630
0.11400001 991213.59866434 23937.80953484
0.11500001 981746.70455838 18790.63281006
0.11600001 972285.50940445 20476.33379232
0.11700001 962832.76179608 18746.35475503
0.11800001 953386.78194255 25526.93228879
0.11900001 943952.18400240 18690.25412359
0.12000001 934528.56854107 18657.86374980
0.12100001 925120.16560480 18622.66981090
0.12200001 915724.61844897 25342.68000950
0.12300001 906345.92553106 18543.83851005
0.12400001 896983.73928171 16818.44590397
0.12500001 887640.66387417 28519.89587415
0.12600001 878319.00238846 20078.37334076
0.12700001 869018.36085781 23359.21464069
0.12800001 859739.26603749 26617.52893098
0.12900001 850485.17034801 16584.46160345
0.13000001 841256.30666947 16530.68720523
0.13100001 832052.70450099 16474.64432570
0.13200001 822878.50738137 19699.71239536
0.13300001 813733.83013702 19627.26090819
0.13400001 804618.00173275 16293.51530326
0.13500001 795534.43221361 25966.24509171
0.13600001 786482.57410970 21010.88295802
0.13700001 777465.19895360 27359.00164124
0.13800001 768481.14835637 17625.11596868
0.13900001 759535.48815744 19140.29520419
0.14000001 750625.12422412 22226.01097647
0.14100001 741753.69957536 20539.16090993
0.14200001 732920.09963528 22009.59163014
0.14300001 724129.31436913 25025.91028501
0.14400001 715375.19342384 15559.41119090
0.14500001 706667.16110500 15476.01155824
0.14600001 698000.03017641 24625.44222631
0.14700001 689379.31587890 16834.64368796
0.14800001 680801.40062947 21302.27683071
0.14900001 672268.86703891 16638.65524424
0.15000001 663783.85389504 19545.11650013
0.15100001 655345.97999082 17930.26685859
0.15200001 646957.69040097 25241.05548204
0.15300001 638618.35545372 16227.29317783
0.15400001 630326.78862489 17586.11823254
0.15500001 622087.91958689 17468.22960638
0.15600001 613899.04480821 15903.05550630
0.15700001 605765.29934519 15792.30209928
0.15800001 597679.83845080 19956.53074780
0.15900001 589651.26719685 21227.44662103
0.16000001 581674.45412643 15452.18260325
0.16100001 573755.84656266 15336.49450257
0.16200001 565890.03242061 13836.01194583
0.16300001 558081.71597330 15101.69194716
0.16400001 550329.54395080 14982.72254139
0.16500001 542635.04061647 14862.77446418
0.16600001 534997.55553088 18762.36515830
0.16700001 527418.43326871 15949.13417508
0.16800001 519896.61437231 15815.25575595
0.16900001 512436.56174422 13067.13294148
0.17000001 505035.00312072 15544.97813008
0.17100001 497693.70369513 16692.64761018
0.17200001 490412.96856728 17816.70398941
0.17300001 483193.15619530 13872.47616949
0.17400001 476035.53355819 14995.12001524
0.17500001 468938.60312052 12379.97970706
0.17600001 461902.24135788 13489.85559597
0.17700001 454930.37820069 13361.30583882
0.17800001 448020.31840013 12029.34611721
0.17900001 441172.96096746 19058.67281400
0.18000001 434389.28452378 14152.40355827
0.18100001 427670.16209553 17513.09396507
0.18200001 421011.80197123 12712.45196103
0.18300001 414419.91734465 19444.58344036
0.18400001 407890.33377985 11318.95729711
0.18500001 401426.17302413 16799.68613471
0.18600001 395025.93439294 13296.57357984
0.18700001 388689.77543862 12057.15740374
0.18800001 382417.69099108 13009.85046218
0.18900001 376212.50999262 13938.67415379
0.19000001 370068.04308314 14843.42990940
0.19100001 363993.16927375 12579.60452449
0.19200001 357980.18484885 15545.29026160
0.19300001 352034.01552056 11268.60936928
0.19400001 346151.78031204 11137.43405783
0.19500001 340335.02546932 12007.02026595
0.19600001 334582.27962962 12852.97887936
0.19700001 328895.03020372 9768.18285867
0.19800001 323272.90530512 14474.54501909
0.19900001 317716.36233539 11437.78958462
0.20000001 312222.51346393 13178.91291616
0.20100001 306795.32081425 10225.48852602
0.20200001 301431.43418319 12850.02264657
0.20300001 296133.00434157 12686.33850561
0.20400001 290898.83462909 8945.13958764
0.20500001 285728.18920759 12360.60204937
0.20600001 280621.96811864 10455.97502633
0.20700001 275579.67166759 10317.70339494
0.20800001 270600.87609888 11028.33922672
0.20900001 265687.93023520 9206.08721783
0.21000001 260836.00657240 10732.09799775
0.21100001 256047.46896437 8956.54088778
0.21200001 251321.81912378 12044.59875091
0.21300001 246658.68455583 10293.06739312
0.21400001 242059.15041665 7806.40797000
0.21500001 237522.21434286 7695.72010854
0.21600001 233045.49660392 12895.57316426
0.21700001 228631.61501390 12709.63207953
0.21800001 224278.92390047 8841.07559817
0.21900001 219986.28226121 9437.41195522
0.22000001 215754.33095072 7867.48205011
0.22100001 211585.40315544 7045.79425823
0.22200001 207475.21617730 9022.06020207
0.22300001 203424.74899792 9569.10064534
0.22400001 199432.16518669 8750.08666133
0.22500001 195501.73213485 7953.01083932
0.22600001 191628.59069045 7177.44920372
0.22700001 187814.64429511 9634.89170796
0.22800001 184058.12472754 6954.63657172
0.22900001 180358.81858584 6222.37953547
0.23000001 176717.17512509 6123.25040766
0.23100001 173134.07229197 7230.07920084
0.23200001 169605.28502131 6520.47549102
0.23300001 166134.05810595 6997.56685837
0.23400001 162718.40797519 8030.15381336
0.23500001 159356.77712641 6769.47621250
0.23600001 156051.01696488 6102.37530704
0.23700001 152799.55453085 6545.93322571
0.23800001 149602.09881209 7508.52969452
0.23900001 146458.40185712 7381.50380274
0.24000001 143367.61834717 6219.28757807
0.24100001 140330.50973316 6112.79729312
0.24200001 137345.23238220 6508.10414428
0.24300001 134411.78932012 6887.26041055
0.24400001 131529.11306831 7250.54270087
0.24500001 128697.81237987 5223.84445161
0.24600001 125916.97416460 6064.79134753
0.24700001 123186.94836761 4582.55469606
0.24800001 120505.40568938 5401.05253850
0.24900001 117872.89014874 5746.30366659
0.25000001 115289.39872089 5642.83988735
0.25100001 112753.53466691 5966.91733686
0.25200001 110266.27912337 6276.90823606
0.25300001 107826.17572251 4929.81298726
0.25400001 105432.13572746 6452.44701179
0.25500001 103084.34822876 5541.81482297
0.25600001 100782.81446423 3885.17768141
0.25700001 98526.15166353  3812.96224978
0.25800001 96314.18486164  4490.16751070
0.25900001 94146.78275206  4406.06964127
0.26000001 92023.51420179  6124.62527749
0.26100001 89941.55681121  4241.64401992
0.26200001 87905.16189475  4161.43056100
0.26300001 85909.52414848  4762.82424416
0.26400001 83955.45863654  4672.12149420
0.26500001 82043.69830582  3600.89808903
0.26600001 80171.96832490  3210.88748335
0.26700001 78341.43243980  3464.25830642
0.26800001 76550.74669032  3706.58733014
0.26900001 74798.84916694  3029.35353461
0.27000001 73086.39897143  3268.05848466
0.27100001 71412.24555086  4079.06765890
0.27200001 69776.49555847  3714.55191684
0.27300001 68177.51029663  3642.72454754
0.27400001 66614.47402684  3297.41662038
0.27500001 65090.21007233  4581.04920169
0.27600001 63599.96297370  3963.86787993
0.27700001 62146.62721531  3628.12026854
0.27800001 60727.52953513  4320.46029325
0.27900001 59343.42742414  3489.39369768
0.28000001 57993.13913310  2933.29311618
0.28100001 56676.38725025  3116.63468240
0.28200001 55393.16209769  3762.30374774
0.28300001 54142.58970674  2767.76931681
0.28400001 52924.30577942  2941.26843290
0.28500001 51738.05701970  2885.43157656
0.28600001 50582.22298395  2395.32128278
0.28700001 49457.77145169  2777.54857620
0.28800001 48363.04073883  2306.19170679
0.28900001 47299.91584934  2057.54643684
0.29000001 46264.53464719  2019.44703294
0.29100001 45259.46262877  2577.07392407
0.29200001 44282.52073934  2335.46025434
0.29300001 43333.53446686  2102.10985649
0.29400001 42412.08845287  2252.08200345
0.29500001 41518.90928906  2212.12759164
0.29600001 40651.53440032  2354.33372624
0.29700001 39810.37318543  2491.33327188
0.29800001 38995.70813945  2098.74911142
0.29900001 38206.53845595  1891.22374310
0.30000001 37442.21991279  2535.77446364
0.30100001 36703.60576781  1662.67341999
0.30200001 35987.95850515  2617.04446639
0.30300001 35296.53583205  1931.42653217
0.30400001 34629.46244463  1901.15757821
0.30500001 33984.02003122  1715.85325261
0.30600001 33361.60950078  1997.19284732
0.30700001 32761.93861987  2270.40245384
0.30800001 32183.70669637  1790.05785120
0.30900001 31627.02584654  1617.72244864
0.31000001 31092.09030432  1595.49068950
0.31100001 30576.16693314  1574.06114824
0.31200001 30081.62100233  1694.79860751
0.31300001 29606.46997409  1673.35776216
0.31400001 29152.21179829  1790.67469449
0.31500001 28716.00386519  2041.70797148
0.31600002 28298.74762399  1749.28716720
0.31700002 27899.51460413  1463.88760059
0.31800002 27518.68776287  1711.80005334
0.31900002 27155.75599429  1303.47634944
0.32000002 26809.92492094  1290.89794607
0.32100002 26481.45055196  1406.95953444
0.32200002 26169.56123486  1394.70683205
0.32300002 25873.35235684  1634.67847931
0.32400002 25593.46769032  1372.44976988
0.32500002 25328.78544518  1610.15096699
0.32600002 25079.91487543  1599.22084776
0.32700002 24845.69667951  1222.40833452
0.32800002 24626.90563484  1579.93920582
0.32900002 24421.10560991  1208.84478493
0.33000002 24230.97572271  1203.06800160
0.33100002 24052.04149677  1317.57089559
0.33200002 23889.00451263  1551.23258149
0.33300002 23737.55227766  1308.17656797
0.33400002 23599.68012302  1304.47238057
0.33500002 23473.72339888  1892.92114453
0.33600002 23359.83440082  1298.92365337
0.33700002 23257.26270847  1297.05760268
0.33800002 23167.45818608  1295.87183501
0.33900002 23087.86770152  1295.22943939
0.34000002 23019.62608287  1412.94471588
0.34100002 22962.12741498  1649.14006904
0.34200002 22915.94517967  1650.63560946
0.34300002 22878.38750352  1534.68230642
0.34400002 22851.77446312  1537.35319981
0.34500002 22834.09393198  1303.59848432
0.34600002 22827.11362677  1425.78158465
0.34700002 22827.06555754  1310.73016639
0.34800002 22837.54163943  1434.65443374
0.34900002 22856.09727250  1319.93968000
0.35000002 22883.08285171  1566.23267997
0.35100002 22918.29663348  1573.11195543
0.35200002 22960.35014092  1215.75059754
0.35300002 23010.64359088  1344.05175580
0.35400002 23068.72064214  1351.25037561
0.35500002 23133.43896574  1482.39083914
0.35600002 23204.75562383  1491.13766701
0.35700002 23282.94272919  1375.32349216
0.35800002 23368.13965974  1384.21181831
0.35900002 23459.00300668  1393.46484460
0.36000002 23556.59721424  1403.14877953
0.36100002 23659.23739099  1541.63598142
0.36200002 23768.55072266  2070.71623704
0.36300002 23881.58587618  1434.32811566
0.36400002 24000.51103302  1576.83364956
0.36500002 24124.03494640  1854.17341381
0.36600002 24252.87797415  1468.63309529
0.36700002 24385.91029156  2288.37393016
0.36800002 24524.66142213  1493.18408142
0.36900002 24666.57789799  2053.49270728
0.37000002 24811.56865592  1656.91663333
0.37100002 24960.93865010  1671.38453118
0.37200002 25114.48811027  1826.70237923
0.37300002 25270.75675208  1417.68952095
0.37400002 25431.47142902  1573.57236921
0.37500002 25594.00291899  2165.25274952
0.37600002 25760.73046021  1456.76937653
0.37700002 25928.95555450  1764.20621950
0.37800002 26100.62247837  2077.34864146
0.37900002 26274.71170384  1797.19036568
0.38000002 26451.02730502  1662.84391030
0.38100002 26629.08429681  1831.01592299
0.38200002 26809.36678107  2310.29729181
0.38300002 26991.36192169  1710.17277238
0.38400002 27175.56389424  2040.20555601
0.38500002 27360.40614012  1742.58434962
0.38600002 27547.54397649  1918.96200431
0.38700002 27735.09800418  1775.60105835
0.38800002 27923.66535969  1792.28054602
0.38900002 28113.44803094  2466.95518159
0.39000002 28304.74080091  1992.08775194
0.39100002 28495.81013063  2178.21982958
0.39200002 28688.22843834  1860.28826122
0.39300002 28880.49823182  2218.88878427
0.39400002 29074.12658838  2583.96312296
0.39500002 29266.91122142  1912.30006981
0.39600002 29459.90828913  2105.20514608
0.39700002 29652.55978302  2124.30948350
0.39800002 29846.31884423  2679.45340119
0.39900002 30038.78659859  2703.49092196
0.40000002 30230.79254322  1818.38225763
0.40100002 30422.41134058  1834.47149075
0.40200002 30614.51526719  1850.64753558
0.40300002 30804.81400684  2426.80336244
0.40400002 30994.57012636  2447.79629171
0.40500002 31183.42630030  2278.88490200
0.40600002 31371.72136289  2298.29241594
0.40700002 31558.61395742  2317.66471885
0.40800002 31744.63549010  2337.04017551
0.40900002 31928.71237861  2552.70067562
0.41000002 32112.38158592  2375.67410229
0.41100002 32294.31995521  2195.36797458
0.41200002 32474.01278075  3218.82429934
0.41300002 32652.79696622  2027.73878768
0.41400002 32829.63872779  3065.46766146
0.41500002 33005.37280786  2883.34950512
0.41600002 33178.09728049  2490.34809987
0.41700002 33349.80325635  2927.44586856
0.41800002 33520.34997997  2528.10491528
0.41900002 33686.92167107  2758.95901559
0.42000002 33852.23519293  2351.54562910
0.42100002 34015.86869473  2368.52504945
0.42200002 34177.21742858  3686.52573262
0.42300002 34335.68113729  3057.24919333
0.42400002 34491.96954787  3078.40842802
0.42500002 34646.26885374  2213.89668466
0.42600002 34796.76225910  3788.84563812
0.42700002 34946.09113382  2467.89307281
0.42800002 35092.36036566  3613.10959446
0.42900002 35236.55411677  3636.41255717
0.43000002 35378.11553921  2973.35386139
0.43100002 35515.60785003  2991.83494706
0.43200002 35651.15546128  2547.09692263
0.43300002 35783.68147919  3028.37310709
0.43400002 35913.78542121  3515.06191467
0.43500002 36040.34303710  2592.74240095
0.43600002 36165.10619656  4267.12108235
0.43700002 36285.98111076  2383.98907195
0.43800002 36403.07784221  2636.85706846
0.43900002 36518.27755730  2892.24771960
0.44000002 36629.70328010  3876.88797889
0.44100002 36738.74648136  2435.77900715
0.44200002 36844.31257970  3672.45703042
0.44300002 36946.97551131  2460.66868567
0.44400002 37045.88754480  3214.65704404
0.44500002 37140.83821317  3230.13885248
0.44600002 37233.41998969  2496.50092862
0.44700002 37323.05139539  3260.54192442
0.44800002 37408.04053613  3527.20430931
0.44900002 37491.35573414  2783.73329519
0.45000002 37571.02066516  3304.18356899
0.45100002 37646.05029408  3318.12303017
0.45200002 37718.68187538  2819.28301039
0.45300002 37787.22789434  4117.29654650
0.45400002 37853.15095301  2583.47767498
0.45500002 37915.45340434  2852.75884934
0.45600002 37974.17976978  3384.06919057
0.45700002 38029.32797160  3135.13794656
0.45800002 38080.49751680  3408.39509178
0.45900002 38128.54106017  3420.13029519
0.46000002 38173.84585049  3431.63803537
0.46100002 38214.41030221  3707.56226324
0.46200002 38252.39020347  3187.95435065
0.46300002 38286.56197600  4263.59174372
0.46400002 38316.73922701  3474.37049408
0.46500002 38344.47849917  2680.27917413
0.46600002 38367.68194690  3762.71874687
0.46700002 38387.54215599  5389.61117415
0.46800002 38404.65346255  2971.94424906
0.46900002 38417.47317296  3250.11838448
0.47000002 38426.45180087  3529.27763293
0.47100002 38432.55754942  2993.12772381
0.47200002 38434.91448458  2726.95731193
0.47300002 38434.54511915  3005.96591624
0.47400002 38428.99669306  3011.87275857
0.47500002 38421.38860439  3291.94473166
0.47600002 38410.56478563  3297.93124881
0.47700002 38394.99406554  3303.50544598
0.47800002 38376.37683274  3584.54564796
0.47900002 38354.91720068  3590.02042015
0.48000002 38329.32936143  3595.09961786
0.48100002 38301.65955153  3599.97315188
0.48200002 38268.56913659  4158.83694804
0.48300002 38232.64071799  3608.39680200
0.48400002 38193.76035762  3612.17505704
0.48500002 38151.62986622  3059.37934399
0.48600002 38106.54543831  3340.41993146
0.48700002 38057.74219219  4735.90566288
0.48800002 38004.83416371  3066.42018985
0.48900002 37949.59789552  3347.15469304
0.49000002 37890.84835313  3069.72722484
0.49100002 37829.27082893  4187.70047926
0.49200002 37763.67372343  3351.14856507
0.49300002 37695.27646627  3351.86414226
0.49400002 37623.95441816  3072.93662276
0.49500002 37548.52585630  3911.05463858
0.49600002 37471.25603253  3352.17872357
0.49700002 37390.04554990  3351.64384197
0.49800002 37306.17462885  3630.07749433
0.49900002 37219.09348349  3628.86178666
0.50000002 37128.96810800  3348.29050270
