# SAXS profile: number of points = 501, q_min = 0, q_max = 0.5, delta_q = 0.001
#    q    intensity    error
0.00000000 1719190.39626459 386.81783916
0.00100000 1719119.65002114 515.73590725
0.00200000 1718907.35304391 773.50833336
0.00300000 1718553.67280840 1443.58513658
0.00400000 1718058.47088401 2190.52463361
0.00500000 1717422.25309280 1854.81610676
0.00600000 1716644.68523789 1802.47699288
0.00700000 1715726.48291381 2470.64623808
0.00800000 1714667.09775066 2546.28074766
0.00900000 1713467.88464157 2570.20193683
0.01000000 1712127.94453848 2825.01123047
0.01100000 1710648.64248138 4002.91799769
0.01200000 1709029.38491867 3665.86819138
0.01300000 1707271.60888725 4302.32464415
0.01400000 1705374.48868508 4604.51132357
0.01500000 1703339.94414591 4496.81765278
0.01600000 1701166.70112677 4771.77280998
0.01700000 1698857.04071260 5504.29705882
0.01800000 1696410.34461296 5318.24666967
0.01900000 1693827.54955636 7622.22431694
0.02000000 1691109.24589843 5859.69380211
0.02100000 1688257.03547268 5571.24846965
0.02200000 1685269.25866349 6395.59712719
0.02300000 1682148.57995306 6661.30867983
0.02400000 1678895.13296482 8184.61414640
0.02500000 1675510.26230727 9148.28645001
0.02600000 1671993.97590908 6771.57591215
0.02700000 1668347.68577394 10510.59090177
0.02800000 1664570.92776808 8689.06064143
0.02900000 1660666.32904637 11209.49823574
0.03000000 1656634.45299165 9244.02067260
0.03100000 1652475.41889561 10311.44708837
0.03200000 1648190.32684546 10606.10524175
0.03300000 1643782.00669543 11736.60406887
0.03400000 1639248.35626741 12048.47597449
0.03500000 1634592.93244813 13240.20336424
0.03600000 1629815.35554458 10854.57076956
0.03700000 1624917.61428059 12040.64007867
0.03800000 1619900.74794010 14214.62972102
0.03900000 1614766.54082110 10657.45966297
0.04000000 1609513.53337937 11878.21042676
0.04100000 1604145.86546693 14148.56718944
0.04200000 1598663.72958852 12373.65784106
0.04300000 1593067.60035127 15771.36997555
0.04400000 1587360.75976020 11786.15418859
0.04500000 1581543.13577276 16368.97221583
0.04600000 1575615.03540180 16662.12977394
0.04700000 1569579.62573128 15821.36336319
0.04800000 1563437.27240366 17236.89673025
0.04900000 1557190.63879831 14014.71640153
0.05000000 1550839.40235039 17795.88297066
0.05100000 1544386.75695313 15660.08244501
0.05200000 1537831.22811621 14670.91059991
0.05300000 1531177.77099154 13642.79457553
0.05400000 1524425.48409885 18864.76624546
0.05500000 1517577.99443999 14022.42132276
0.05600000 1510633.52170943 15499.10065599
0.05700000 1503597.92245151 13081.30253594
0.05800000 1496469.16639670 14568.12801509
0.05900000 1489249.22323136 13403.24363509
0.06000000 1481941.43361233 18983.67065147
0.06100000 1474547.28923386 20569.93564607
0.06200000 1467067.00053046 16636.54056367
0.06300000 1459503.59984431 19615.72929905
0.06400000 1451855.92821258 15571.15555829
0.06500000 1444129.62597513 18585.94915571
0.06600000 1436322.95682275 20209.06494805
0.06700000 1428438.87105946 16027.08488334
0.06800000 1420480.69742832 16172.17349723
0.06900000 1412448.46996746 19279.92251772
0.07000000 1404342.25537739 20938.74400821
0.07100000 1396167.06048801 24125.76793523
0.07200000 1387921.49800848 18237.28933819
0.07300000 1379610.78154512 16845.04843195
0.07400000 1371233.99388634 20054.29810042
0.07500000 1362793.77064820 17089.43468495
0.07600000 1354289.93304792 20334.66429802
0.07700000 1345728.35624725 20468.52925826
0.07800000 1337107.24001410 17429.19369095
0.07900000 1328428.61272094 22317.60174049
0.08000000 1319696.68823525 24051.47327137
0.08100000 1310911.72324345 19349.05794290
0.08200000 1302073.84166397 22695.14812518
0.08300000 1293187.47862010 17923.57929486
0.08400000 1284252.05525935 24561.32170971
0.08500000 1275272.38399118 18096.11597836
0.08600000 1266247.35853324 24786.79320707
0.08700000 1257180.28168506 16594.78049750
0.08800000 1248070.74573086 21660.26880941
0.08900000 1238924.17550535 18398.02487040
0.09000000 1229739.40874121 18464.53808963
0.09100000 1220519.42821481 20211.80268081
0.09200000 1211265.19881010 20276.58038081
0.09300000 1201980.11282399 23727.08854213
0.09400000 1192662.52486111 16995.44177801
0.09500000 1183316.77117308 20447.71476697
0.09600000 1173943.90404725 22205.14998887
0.09700000 1164547.37394270 17118.84720176
0.09800000 1155127.78911766 22299.74301740
0.09900000 1145686.63179742 20622.36034207
0.10000000 1136224.16420170 34427.59379434
0.10100000 1126743.09869380 27582.67235329
0.10200000 1117246.13136979 29344.47102068
0.10300000 1107733.65809595 20736.77505503
0.10400000 1098208.69232850 20756.14526148
0.10500000 1088673.80742918 22502.88865831
0.10600001 1079125.67843467 24247.95513538
0.10700001 1069570.86640169 19059.75373619
0.10800001 1060008.45003822 17331.13897376
0.10900001 1050441.81339256 19065.51981041
0.11000001 1040871.28125041 24262.71070798
0.11100001 1031298.90632912 24256.15141868
0.11200001 1021726.57607567 17318.26627978
0.11300001 1012154.07058261 22500.18604838
0.11400001 1002585.79848142 22482.98758954
0.11500001 993021.91450848 19006.44033867
0.11600001 983463.39714730 31067.61017890
0.11700001 973913.42993255 20685.92222597
0.11800001 964370.10142100 18935.40783323
0.11900001 954838.02043274 17187.08517733
0.12000001 945316.98967183 17157.50417075
0.12100001 935811.30608124 25688.02156204
0.12200001 926318.11390122 23926.79800929
0.12300001 916842.01451330 18758.58850074
0.12400001 907382.43564794 20416.10576403
0.12500001 897941.78387683 23759.54072094
0.12600001 888522.81376670 20311.63247986
0.12700001 879124.92495148 21942.95916088
0.12800001 869748.53758760 25244.45249323
0.12900001 860397.19505892 26844.39375107
0.13000001 851071.27138850 23412.97177947
0.13100001 841770.59088182 20000.47018213
0.13200001 832499.66665719 28234.22752565
0.13300001 823258.20465874 23166.48697123
0.13400001 814045.76295279 18132.87022466
0.13500001 804865.88482455 24628.89723684
0.13600001 795717.64155588 21257.59779648
0.13700001 786604.32894905 19539.25245243
0.13800001 777524.46639976 19453.66306667
0.13900001 768482.92202674 17751.95633597
0.14000001 759477.18676578 19275.53190916
0.14100001 750510.61955917 22380.22773077
0.14200001 741581.90654270 20679.01243928
0.14300001 732696.60360388 18991.49686120
0.14400001 723848.10984659 20466.80627133
0.14500001 715045.88941787 21923.30800372
0.14600001 706284.99399296 26475.09424877
0.14700001 697570.63335530 15486.06879107
0.14800001 688899.49599396 23095.35669281
0.14900001 680273.96163610 21428.63080256
0.15000001 671696.45753638 19778.10312535
0.15100001 663166.23614078 22680.28634618
0.15200001 654686.23070080 15025.04970357
0.15300001 646255.34965469 16421.34920963
0.15400001 637872.55679080 14830.53764525
0.15500001 629543.00993341 19150.69926595
0.15600001 621263.79417886 23409.22086946
0.15700001 613039.90036769 15981.95095688
0.15800001 604864.84644746 17311.23272239
0.15900001 596747.31515863 20050.71073574
0.16000001 588681.76321959 18481.66482866
0.16100001 580674.78659036 18343.51737428
0.16200001 572721.24657859 23805.15973779
0.16300001 564825.76877411 15284.18602456
0.16400001 556986.70538706 17921.04809187
0.16500001 549205.64927178 17777.78770624
0.16600001 541482.15308141 14920.54143260
0.16700001 533817.67593490 17487.86788931
0.16800001 526210.92900128 13339.44768002
0.16900001 518666.55511102 17193.79711379
0.17000001 511180.92485201 19667.68701238
0.17100001 503756.31464598 19495.37029740
0.17200001 496392.40992099 18033.93710404
0.17300001 489090.24120574 15318.30707796
0.17400001 481850.91125431 13913.44571955
0.17500001 474672.70909495 15037.63213432
0.17600001 467555.70967851 14896.32561390
0.17700001 460503.62385157 20902.26047385
0.17800001 453514.14910526 12176.85547861
0.17900001 446587.63640132 14469.44010285
0.18000001 439725.48435469 15520.11170339
0.18100001 432928.52109328 16546.52885778
0.18200001 426192.70024607 12868.88919183
0.18300001 419524.36839693 12736.76042621
0.18400001 412918.64029895 19479.43777633
0.18500001 406379.04378611 12471.77344299
0.18600001 399903.97610952 19069.42200169
0.18700001 393493.67817654 12206.17447371
0.18800001 387147.57256234 14268.32446091
0.18900001 380869.51036646 11940.25971414
0.19000001 374652.59363200 12880.55677766
0.19100001 368505.89899397 12735.56447099
0.19200001 362421.78369074 10492.11113361
0.19300001 356405.17021094 13482.80822618
0.19400001 350453.05820224 12300.90292416
0.19500001 344566.96035674 11143.29602451
0.19600001 338745.65767780 12011.92158889
0.19700001 332990.43589028 9889.81641331
0.19800001 327300.81965753 9769.92992849
0.19900001 321677.83865866 13510.46986217
0.20000001 316117.81315567 11437.14302050
0.20100001 310625.42699630 13176.73123595
0.20200001 305196.79349938 12081.21564167
0.20300001 299834.19640338 9174.92684359
0.20400001 294536.68727849 12679.80498666
0.20500001 289303.48420202 10727.37370126
0.20600001 284135.22482902 9704.63906275
0.20700001 279031.64263645 11317.52396030
0.20800001 273991.82733020 12884.46628925
0.20900001 269018.82389305 8474.09335321
0.21000001 264107.61826941 9194.90716471
0.21100001 259260.43829424 9068.93056025
0.21200001 254476.77258917 9756.63992231
0.21300001 249756.13516642 11224.04124500
0.21400001 245100.01841481 9485.37116109
0.21500001 240507.02679033 10130.15644734
0.21600001 235974.84625656 8449.07976968
0.21700001 231506.33686971 9084.30908827
0.21800001 227099.50760862 10444.30684873
0.21900001 222753.43773058 7350.86379267
0.22000001 218468.75876992 7966.46366522
0.22100001 214247.86297114 9274.79042657
0.22200001 210086.24426447 7730.12372323
0.22300001 205985.17559052 8997.43289524
0.22400001 201942.54635871 9541.78576665
0.22500001 197962.60195493 10737.49203778
0.22600001 194040.78407402 7267.79791117
0.22700001 190178.73601418 6504.11307926
0.22800001 186374.76970910 7042.17100648
0.22900001 182628.67349521 10081.10325368
0.23000001 178941.06825310 7440.36996983
0.23100001 175312.26625066 7931.12730026
0.23200001 171738.77209705 7202.72444239
0.23300001 168223.29494481 7085.56551818
0.23400001 164764.31811265 9873.50222987
0.23500001 161359.68299041 6854.55965763
0.23600001 158011.66834157 9549.43562788
0.23700001 154718.56911238 6075.79849642
0.23800001 151480.15843132 8145.84590493
0.23900001 148296.10149831 5872.52589710
0.24000001 145165.69844296 5247.74024693
0.24100001 142089.38671995 5157.84498191
0.24200001 139065.71577929 5575.84013792
0.24300001 136094.34854989 5479.15873180
0.24400001 133174.39440397 4894.15922586
0.24500001 130306.50351440 5769.97224856
0.24600001 127489.40062721 8029.92027836
0.24700001 124724.21875768 6495.63762018
0.24800001 122007.72834343 5012.68775612
0.24900001 119341.03168660 4475.28889996
0.25000001 116723.89647031 5713.05138301
0.25100001 114154.94771254 6472.58584151
0.25200001 111635.29105432 5931.18329432
0.25300001 109163.25055097 5406.85605559
0.25400001 106737.92219593 5307.54343230
0.25500001 104359.30840347 4808.87715875
0.25600001 102027.63352620 5899.74818779
0.25700001 99741.48087270  4631.99459088
0.25800001 97500.36603681  5681.83409963
0.25900001 95304.45951539  4460.24891636
0.26000001 93153.21751268  4741.03322963
0.26100001 91043.88509868  3935.82733904
0.26200001 88980.43725280  5265.41762358
0.26300001 86958.62394160  3787.91783813
0.26400001 84978.74232607  5066.85775095
0.26500001 83041.62867816  3976.03336925
0.26600001 81145.15498107  3574.84997185
0.26700001 79290.40521293  3187.47444039
0.26800001 77475.97347413  3751.38681314
0.26900001 75700.96488123  3985.65598960
0.27000001 73965.73882874  3006.70742567
0.27100001 72269.45717325  4422.89098831
0.27200001 70611.93560213  2891.55889975
0.27300001 68991.67363823  3119.11371279
0.27400001 67407.87580013  4170.86251252
0.27500001 65863.36390577  3272.09207369
0.27600001 64353.26653559  2673.87835110
0.27700001 62880.51030098  3408.75262474
0.27800001 61442.71154781  3342.79087996
0.27900001 60039.98009387  2773.84721162
0.28000001 58671.87367025  2473.01959225
0.28100001 57337.47000532  2667.91260562
0.28200001 56037.17528697  2378.77820352
0.28300001 54769.93395765  3499.79894554
0.28400001 53535.36075277  2746.36413660
0.28500001 52333.38885172  2918.63323440
0.28600001 51162.12020249  2202.52937897
0.28700001 50022.64908073  2377.07639683
0.28800001 48913.32591985  2968.54989059
0.28900001 47836.08612775  2913.21778307
0.29000001 46786.94392841  2246.47521906
0.29100001 45768.49586484  3006.99032066
0.29200001 44778.48804359  4329.63221388
0.29300001 43816.94319723  2705.25820105
0.29400001 42883.24054647  1897.58348401
0.29500001 41978.17575260  2236.59730997
0.29600001 41099.23369169  2746.45642146
0.29700001 40246.97799469  1978.94400168
0.29800001 39421.59722211  1944.86459102
0.29900001 38621.85278349  2085.58014904
0.30000001 37847.42196875  2050.57341934
0.30100001 37099.02649841  1680.58597994
0.30200001 36374.05716693  2314.48136710
0.30300001 35673.55820408  2277.40006356
0.30400001 34997.67605158  2401.71563274
0.30500001 34343.77351006  1891.65513449
0.30600001 33713.17220504  1707.74081890
0.30700001 33105.69972245  2141.27675942
0.30800001 32519.99639584  1658.03209474
0.30900001 31955.99750856  1634.54934995
0.31000001 31414.11158062  1758.56204954
0.31100001 30891.53787111  2168.58606122
0.31200001 30390.55671897  1569.52037606
0.31300001 29909.33267546  1972.22149000
0.31400001 29449.31861225  1808.92448140
0.31500001 29007.39531695  2199.92096500
0.31600002 28584.96799233  1495.13682163
0.31700002 28180.66371483  1613.06126741
0.31800002 27795.05671918  1595.99223238
0.31900002 27427.46907219  1448.17043558
0.32000002 27077.49161547  1434.15941132
0.32100002 26744.89168614  1808.48966145
0.32200002 26429.21842718  1408.54526277
0.32300002 26129.30200996  1650.84937916
0.32400002 25846.07669872  1385.99592860
0.32500002 25578.32354998  1500.93609698
0.32600002 25326.33012046  1739.15917172
0.32700002 25089.48220284  1728.16361597
0.32800002 24868.10567408  1349.96518044
0.32900002 24659.98685870  1342.73634804
0.33000002 24467.71505029  1822.23316466
0.33100002 24286.80889912  1572.32808259
0.33200002 24122.05272114  1566.36556762
0.33300002 23968.96610579  1681.18336227
0.33400002 23829.69285439  1915.90739622
0.33500002 23702.57814333  1791.91499249
0.33600002 23587.53957017  1669.29025443
0.33700002 23484.10977933  1428.77330664
0.33800002 23393.59635411  1784.34664641
0.33900002 23313.44976355  1545.68179252
0.34000002 23244.80440500  2140.14924292
0.34100002 23186.97364106  1427.39016494
0.34200002 23140.65492489  1666.82145318
0.34300002 23103.10850938  1668.96863776
0.34400002 23076.75584434  1552.48882295
0.34500002 23059.22925948  1316.45146077
0.34600002 23052.74713904  1679.85376358
0.34700002 23053.18345620  1925.40197345
0.34800002 23064.42700879  1931.87649775
0.34900002 23083.68605680  2181.40843568
0.35000002 23111.61602730  1703.55729806
0.35100002 23147.81527636  1833.30705672
0.35200002 23190.92406858  1473.55138511
0.35300002 23242.53527454  1357.59654969
0.35400002 23301.87423048  1488.98983385
0.35500002 23368.02547532  1372.63788143
0.35600002 23440.94089623  2008.41991112
0.35700002 23520.62826065  1641.97513665
0.35800002 23607.61286685  1398.39701440
0.35900002 23700.23473097  1663.75655692
0.36000002 23799.70196626  2062.00627603
0.36100002 23904.26258723  1557.60182396
0.36200002 24015.61320761  1699.94526142
0.36300002 24130.72397524  1581.04510975
0.36400002 24251.80751575  1593.34382926
0.36500002 24377.57743613  1873.66069049
0.36600002 24508.70287582  1619.04498867
0.36700002 24644.04853862  1904.49216128
0.36800002 24785.24714908  1920.60889256
0.36900002 24929.56968720  1660.30941981
0.37000002 25077.13430343  1535.09684910
0.37100002 25229.01912882  1407.77933407
0.37200002 25385.13586616  1846.38794469
0.37300002 25544.10992870  1862.93202535
0.37400002 25707.51335548  1735.25723370
0.37500002 25872.78596088  1459.22519732
0.37600002 26042.21202079  1914.49330740
0.37700002 26213.28385950  2526.69855091
0.37800002 26387.73693383  1950.18579048
0.37900002 26564.62670995  1514.18379420
0.38000002 26743.92504672  1834.09846659
0.38100002 26924.80641424  2005.62892481
0.38200002 27108.10469937  1713.09675763
0.38300002 27292.95062469  1886.48883655
0.38400002 27480.07458761  2539.15901219
0.38500002 27668.00969534  1762.17562098
0.38600002 27858.11550692  1940.59641815
0.38700002 28048.64091580  1795.67407650
0.38800002 28240.20989237  1977.37959034
0.38900002 28433.01959969  2328.66441554
0.39000002 28627.39009203  2350.59511182
0.39100002 28821.38921855  2372.57687287
0.39200002 29016.96335057  1881.60507761
0.39300002 29212.19430084  2244.37299446
0.39400002 29408.84573174  1916.72161137
0.39500002 29604.53689301  2110.21148971
0.39600002 29800.63544987  1952.09071763
0.39700002 29996.26236720  2507.08772743
0.39800002 30193.04762892  1807.05398621
0.39900002 30388.55418541  2187.97600501
0.40000002 30583.39041110  2575.42742854
0.40100002 30778.07360453  1855.91792629
0.40200002 30973.06758818  2434.01863174
0.40300002 31166.19292473  2266.40565687
0.40400002 31358.94506980  1905.05600325
0.40500002 31550.74689461  2305.72869230
0.40600002 31741.88377956  2131.62630621
0.40700002 31931.49318408  2735.89046564
0.40800002 32120.28710458  2364.69564868
0.40900002 32307.12430388  2582.95471048
0.41000002 32493.57326926  2604.19755306
0.41100002 32678.22084996  2423.41697306
0.41200002 32860.57933064  2239.28428459
0.41300002 33042.08741388  2667.48784332
0.41400002 33221.41856807  2688.44342501
0.41500002 33399.78587840  2500.97608508
0.41600002 33575.10668232  3150.18453374
0.41700002 33749.32926110  2327.69134943
0.41800002 33922.37036984  2345.22318665
0.41900002 34091.35714927  3651.18452370
0.42000002 34259.02242889  2596.14884268
0.42100002 34425.03719750  2179.10495786
0.42200002 34588.67745703  2194.65168864
0.42300002 34749.48721334  3536.10798639
0.42400002 34907.93852589  2670.45742377
0.42500002 35064.40801895  3136.86209002
0.42600002 35216.97476235  3157.90627658
0.42700002 35368.40646393  2724.78216310
0.42800002 35516.74899909  2742.60348767
0.42900002 35662.85606549  2760.30519027
0.43000002 35806.35952866  2777.85750387
0.43100002 35945.73014638  2562.21176625
0.43200002 36083.10984801  3515.39714353
0.43300002 36217.36884326  4008.17639982
0.43400002 36349.22190807  2608.96552609
0.43500002 36477.38772748  2624.18339747
0.43600002 36603.83428476  3359.13403150
0.43700002 36726.26746637  3860.66541902
0.43800002 36844.86699013  2668.85806691
0.43900002 36961.55198311  2683.40880114
0.44000002 37074.34633495  2697.71493891
0.44100002 37184.60507226  2465.33943312
0.44200002 37291.47911039  2725.82079475
0.44300002 37395.35200723  3486.74278639
0.44400002 37495.43246284  2753.10225906
0.44500002 37591.47572924  2766.35683001
0.44600002 37685.09131335  2526.78549231
0.44700002 37775.69414510  2792.37944354
0.44800002 37861.49050329  2804.96865687
0.44900002 37945.70740711  2817.46890850
0.45000002 38026.23352124  3344.21726552
0.45100002 38101.88437201  2841.63867114
0.45200002 38175.15797660  2594.00210745
0.45300002 38244.25352169  3646.20730356
0.45400002 38310.75896768  3137.65130816
0.45500002 38373.50293240  3674.64681496
0.45600002 38432.63852489  2898.01324532
0.45700002 38488.09288806  3966.19816009
0.45800002 38539.48914100  4245.51032498
0.45900002 38587.76991073  2928.81187503
0.46000002 38633.15127488  2938.63079100
0.46100002 38673.72105362  3216.10679525
0.46200002 38711.77807375  4570.50629490
0.46300002 38745.91855750  3775.40248318
0.46400002 38775.90274652  3245.54321371
0.46500002 38803.50778641  4068.54798424
0.46600002 38826.38618319  2991.76732914
0.46700002 38845.92406688  2999.68239862
0.46800002 38862.60588845  3554.17978998
0.46900002 38875.01441443  3836.96410456
0.47000002 38883.39077820  4670.08987076
0.47100002 38888.78892372  3303.99166356
0.47200002 38890.46250777  4690.77335770
0.47300002 38889.45547807  3871.05658176
0.47400002 38883.02333733  3047.45709850
0.47500002 38874.55653060  2775.64346784
0.47600002 38862.83701468  3058.69973222
0.47700002 38846.17813635  3342.32532527
0.47800002 38826.44377759  5021.42421176
0.47900002 38803.83195015  3073.26363612
0.48000002 38777.09058086  3637.09738343
0.48100002 38748.04658614  3641.92907125
0.48200002 38713.60421016  4207.20113696
0.48300002 38676.29229677  3650.26863999
0.48400002 38635.91662712  3653.99198821
0.48500002 38592.28447012  3938.72873971
0.48600002 38545.58455218  3378.90610200
0.48700002 38495.00999317  2817.83486507
0.48800002 38440.38047433  3947.44285802
0.48900002 38383.30592182  3103.29043088
0.49000002 38322.63121674  3104.70811519
0.49100002 38259.20160610  2823.52921237
0.49200002 38191.56307096  4518.82595675
0.49300002 38121.12709245  3107.25321659
0.49400002 38047.68237334  3107.54460514
0.49500002 37969.97752076  4237.44969218
0.49600002 37890.44174332  3107.20582245
0.49700002 37806.94356261  3389.01458160
0.49800002 37720.64892071  3388.06884666
0.49900002 37631.13643641  3104.56890317
0.50000002 37538.52700735  3103.12248216
