# SAXS profile: number of points = 501, q_min = 0, q_max = 0.5, delta_q = 0.001
#    q    intensity    error
0.00000000 1719190.39626458 361.02998322
0.00100000 1719119.72786498 670.45670979
0.00200000 1718907.66504189 850.85932114
0.00300000 1718554.37479861 1340.47246009
0.00400000 1718059.73185954 1417.39933264
0.00500000 1717424.21615258 1854.81822686
0.00600000 1716647.53563115 2343.22398153
0.00700000 1715730.34924602 2676.53945606
0.00800000 1714672.16109330 3240.73052129
0.00900000 1713474.23548336 3084.25375571
0.01000000 1712135.83850601 2825.02425552
0.01100000 1710658.14303564 4926.69566645
0.01200000 1709040.70937896 4332.41838823
0.01300000 1707284.89647324 4302.35812887
0.01400000 1705389.90103146 4220.84019217
0.01500000 1703357.58945769 4905.67007608
0.01600000 1701186.77314020 4771.82911198
0.01700000 1698879.65874461 5045.67281281
0.01800000 1696435.73525221 7735.74730084
0.01900000 1693855.83923206 5081.56774699
0.02000000 1691140.49763353 7990.63921278
0.02100000 1688291.51372977 10028.45204623
0.02200000 1685307.01889684 5814.30947935
0.02300000 1682189.80913006 8478.23702393
0.02400000 1678939.96304767 7555.23017821
0.02500000 1675558.77297669 7841.61541566
0.02600000 1672046.36514144 10834.86094168
0.02700000 1668404.10343209 8408.75706643
0.02800000 1664631.48178229 7965.26200561
0.02900000 1660731.37380814 7473.29152527
0.03000000 1656703.91558217 9244.40827387
0.03100000 1652549.53957022 10311.90960140
0.03200000 1648269.00505806 8974.82514590
0.03300000 1643865.49158729 10060.45727231
0.03400000 1639336.88773869 10327.82286928
0.03500000 1634686.65615950 10592.77002107
0.03600000 1629914.23615480 9046.02442871
0.03700000 1625021.84155192 12967.67489531
0.03800000 1620010.54257320 12320.18074644
0.03900000 1614881.86966474 14533.93750005
0.04000000 1609634.81306344 9899.25455906
0.04100000 1604272.88853022 14149.68753291
0.04200000 1598796.76086305 11343.46354458
0.04300000 1593206.83275926 11566.68214273
0.04400000 1587506.06748158 11787.23309847
0.04500000 1581694.68826826 14187.80201300
0.04600000 1575773.15197619 14441.96160922
0.04700000 1569744.18254663 12432.37450397
0.04800000 1563608.50719077 16089.53228761
0.04900000 1557368.56731165 12848.29127838
0.05000000 1551024.27539272 14238.40351113
0.05100000 1544578.56758361 14457.25606606
0.05200000 1538029.94924215 13450.07253291
0.05300000 1531383.83090075 13644.63056941
0.05400000 1524638.71627377 17609.57799416
0.05500000 1517798.52076299 15299.40980300
0.05600000 1510861.55679181 14209.65360471
0.05700000 1503833.35125034 14391.68584325
0.05800000 1496712.26165379 15895.08496094
0.05900000 1489499.93135103 16086.60000993
0.06000000 1482199.95997112 18986.98237428
0.06100000 1474813.67021035 13715.76777391
0.06200000 1467340.89805182 15253.00934823
0.06300000 1459785.77010594 14013.94404824
0.06400000 1452146.12378850 14158.42536908
0.06500000 1444427.92095275 17159.80450362
0.06600000 1436629.41164867 21657.18939391
0.06700000 1428753.51553330 17487.94384855
0.06800000 1420803.72368091 20587.44691982
0.06900000 1412779.53769048 16317.60442430
0.07000000 1404681.88967549 23935.78052095
0.07100000 1396515.06937642 21115.30883797
0.07200000 1388278.15958586 21282.30518346
0.07300000 1379975.95665100 21444.82737117
0.07400000 1371607.83986588 23145.88338245
0.07500000 1363176.00351175 17094.22788529
0.07600000 1354680.98672386 26599.16242131
0.07700000 1346127.92416425 15749.69745120
0.07800000 1337515.63757697 20604.42936314
0.07900000 1328845.75399946 25513.83967348
0.08000000 1320122.67522219 22455.28775893
0.08100000 1311346.64773783 16129.56452395
0.08200000 1302517.44591125 22702.88014757
0.08300000 1293639.87265426 22819.80842460
0.08400000 1284713.24852558 22932.13256259
0.08500000 1275742.38770844 16457.07757402
0.08600000 1266726.31370456 18183.85708699
0.08700000 1257668.14555456 18261.34233096
0.08800000 1248567.27673874 18335.21132000
0.08900000 1239429.74900016 18405.53263715
0.09000000 1230254.08197900 20151.56280945
0.09100000 1221042.58278548 16850.38843409
0.09200000 1211797.23671249 18595.02947107
0.09300000 1202521.11182527 18651.10332087
0.09400000 1193212.29092066 23804.58632262
0.09500000 1183875.60913311 23866.93340193
0.09600000 1174511.34140736 20506.96898496
0.09700000 1165123.62323189 25690.97710007
0.09800000 1155712.63121424 22311.03339460
0.09900000 1146280.24487029 17194.20448157
0.10000000 1136826.29117286 22389.79485758
0.10100000 1127354.08992312 20698.22206446
0.10200000 1117865.85657525 18998.13112610
0.10300000 1108361.87708386 20748.53531504
0.10400000 1098845.39917693 17306.81585124
0.10500000 1089318.92543442 19052.18890224
0.10600001 1079779.30273155 25995.68793645
0.10700001 1070233.04429764 24272.88658690
0.10800001 1060678.77772865 26013.14824802
0.10900001 1051120.24108649 24280.87871189
0.11000001 1041558.23410514 19076.13995554
0.11100001 1031993.80397779 20804.99606755
0.11200001 1022429.70855779 29461.31343905
0.11300001 1012865.13171722 19051.99402458
0.11400001 1003305.02347577 24229.81745779
0.11500001 993748.60748902 19020.34924297
0.11600001 984198.02231934 18999.94371561
0.11700001 974655.62229160 20701.68639242
0.11800001 965120.33851634 22395.61851007
0.11900001 955595.39525744 24081.00509474
0.12000001 946082.04029621 22322.80679230
0.12100001 936583.43791663 22281.32103767
0.12200001 927097.46434707 20525.93882765
0.12300001 917628.88681484 18774.68790879
0.12400001 908176.22893240 28948.11866118
0.12500001 898742.75918418 32273.85400306
0.12600001 889330.56394065 23718.44725799
0.12700001 879939.66365161 28721.23197512
0.12800001 870570.04549805 23583.74364403
0.12900001 861225.00661035 21832.05494656
0.13000001 851905.69914609 18413.94255498
0.13100001 842611.32195969 21688.81644960
0.13200001 833346.40792980 19950.31394630
0.13300001 824111.34270046 33129.27753837
0.13400001 814904.88596536 18152.00719067
0.13500001 805730.69801169 24655.36052161
0.13600001 796588.17963071 21280.85422224
0.13700001 787480.63148773 17930.93482448
0.13800001 778406.30145947 19475.72658091
0.13900001 769370.05374654 17772.44907966
0.14000001 760369.76131375 17690.00333124
0.14100001 751408.13250334 17605.49337488
0.14200001 742484.48478301 15926.29294976
0.14300001 733603.88629115 17430.42916043
0.14400001 724760.27203424 20492.59765840
0.14500001 715962.37400357 25087.32276851
0.14600001 707205.90822844 20272.05831569
0.14700001 698496.04664950 23259.91945075
0.14800001 689828.87972751 16959.44380822
0.14900001 681207.38434523 16859.88355801
0.15000001 672633.83724474 15235.15713243
0.15100001 664107.32303243 16655.81244756
0.15200001 655630.56066291 21065.41090811
0.15300001 647203.07440056 17940.47006898
0.15400001 638823.54316511 22278.97211925
0.15500001 630497.28602435 17704.36462709
0.15600001 622220.64787900 16118.62664402
0.15700001 613999.72345562 17462.15295924
0.15800001 605827.38869490 15893.88229258
0.15900001 597712.04055422 15779.59861544
0.16000001 589648.80492625 19936.02703559
0.16100001 581643.93500227 14133.94828774
0.16200001 573692.28542401 14026.77704077
0.16300001 565798.55811737 15310.50970543
0.16400001 557960.94859431 20714.30119448
0.16500001 550181.57142373 17809.37830779
0.16600001 542459.38130393 16306.32977187
0.16700001 534795.62782222 17519.90559465
0.16800001 527190.20624567 20046.40853901
0.16900001 519646.40581881 13250.98397407
0.17000001 512161.42827214 13136.94125550
0.17100001 504737.36219825 19533.33683946
0.17200001 497373.43201575 18069.57763843
0.17300001 490071.23233282 19186.28965189
0.17400001 482832.18166177 12674.34536718
0.17500001 475653.58918879 13812.98088240
0.17600001 468536.21973519 13683.60094363
0.17700001 461483.54413633 16018.09457352
0.17800001 454493.12461038 12203.14097217
0.17900001 447565.46706329 12084.26818149
0.18000001 440702.39891587 13161.57776531
0.18100001 433904.21585400 16583.81991330
0.18200001 427166.79740636 22278.88537114
0.18300001 420496.61884637 11605.70722841
0.18400001 413889.21745124 16079.59685759
0.18500001 407347.71118087 13638.00201462
0.18600001 400870.36120657 14617.73841199
0.18700001 394457.57682511 14460.81544961
0.18800001 388109.19641574 15404.05473352
0.18900001 381828.26347078 11970.31662538
0.19000001 375608.54164340 13989.54079450
0.19100001 369458.84100833 12768.49814856
0.19200001 363371.11826117 13675.47268194
0.19300001 357351.24421844 11438.81386795
0.19400001 351395.58321353 11306.15342415
0.19500001 345505.92538186 11173.66215486
0.19600001 339680.52365824 11041.31594328
0.19700001 333921.10437195 9917.45726852
0.19800001 328227.41303320 13716.62423889
0.19900001 322600.02939320 14517.00200877
0.20000001 317035.44772258 14337.92880088
0.20100001 311538.39558786 12271.49798219
0.20200001 306104.67200299 12117.15401394
0.20300001 300737.10301704 11043.06694473
0.20400001 295434.26488726 9993.06448214
0.20500001 290195.82658508 11657.16690492
0.20600001 285022.05107226 8849.93510411
0.20700001 279912.59568527 11353.25541765
0.20800001 274867.03677524 8617.08201023
0.20900001 269887.79932014 11051.90590460
0.21000001 264970.40336336 9224.94502918
0.21100001 260116.91686286 13234.74935563
0.21200001 255326.72141682 9789.22696190
0.21300001 250599.41988630 14479.63516556
0.21400001 245936.38156983 9517.73841672
0.21500001 241336.44126121 9383.16127985
0.21600001 236797.41904945 10020.08326081
0.21700001 232321.32564676 8356.59847861
0.21800001 227907.49778070 8235.43782168
0.21900001 223553.74851926 8852.72885993
0.22000001 219261.33816443 8722.21644459
0.22100001 215032.72841144 10740.88529202
0.22200001 210862.82583257 9874.70660066
0.22300001 206753.74492159 8336.31138942
0.22400001 202702.83024890 7525.34292884
0.22500001 198714.64620133 9430.99755468
0.22600001 194784.33219830 7958.88818998
0.22700001 190913.73917330 8488.02524504
0.22800001 187100.95225463 7069.60981526
0.22900001 183346.02008690 6957.98179135
0.23000001 179649.45309550 6847.33922856
0.23100001 176011.57052536 6737.72323836
0.23200001 172428.82784648 8436.94294554
0.23300001 168904.00256627 7114.23692456
0.23400001 165435.52477140 6414.76277640
0.23500001 162021.32579318 6309.11072478
0.23600001 158663.70757186 7332.64359225
0.23700001 155360.55013975 6655.64628278
0.23800001 152112.55241614 5453.23526205
0.23900001 148918.31659874 9113.80140692
0.24000001 145777.74315717 5269.86566440
0.24100001 142691.31601764 7251.57302302
0.24200001 139657.32159811 5599.56057435
0.24300001 136675.52322361 6503.02170259
0.24400001 133745.21010199 6881.19138525
0.24500001 130866.70958531 5311.87999334
0.24600001 128038.99918102 5692.61417288
0.24700001 125263.08436072 6057.72304625
0.24800001 122535.92211936 4576.71690767
0.24900001 119858.00971596 5843.07825007
0.25000001 117230.05122495 5737.82512865
0.25100001 114650.12415854 6067.28485751
0.25200001 112119.40536603 5105.91796193
0.25300001 109636.12654077 4177.13661883
0.25400001 107199.44423517 4510.41682959
0.25500001 104809.55973467 5232.09346950
0.25600001 102466.58021672 5530.12159594
0.25700001 100168.75032749 5427.14314952
0.25800001 97916.44778521  5325.67584702
0.25900001 95708.80383537  5598.96528928
0.26000001 93546.10190968  5493.49509457
0.26100001 91425.21982342  3593.01130907
0.26200001 89349.97970363  4934.79961253
0.26300001 87316.50585884  4149.28055475
0.26400001 85324.79612428  3391.66080643
0.26500001 83375.93619944  3659.37001295
0.26600001 81467.71272353  3915.33845876
0.26700001 79600.95132829  4799.93759223
0.26800001 77774.82317780  4707.32139559
0.26900001 75987.72933397  3385.25350202
0.27000001 74240.59074540  3319.66817227
0.27100001 72532.35591261  3255.25228741
0.27200001 70862.79858747  2901.83173948
0.27300001 69230.64339845  4268.06936750
0.27400001 67634.79607937  3068.92901734
0.27500001 66078.28444107  3009.20521586
0.27600001 64556.28863757  3487.00809578
0.27700001 63071.36556644  2893.08367545
0.27800001 61621.63772624  3094.63879307
0.27900001 60206.73072207  2781.55109100
0.28000001 58826.64796698  2727.49766208
0.28100001 57480.30426119  2917.70038239
0.28200001 56168.07397705  2861.20182381
0.28300001 54888.77605958  2338.26197081
0.28400001 53642.31943426  2522.53019079
0.28500001 52428.31678412  3598.67983439
0.28600001 51245.22326269  2867.93905564
0.28700001 50093.72227171  2813.26357594
0.28800001 48972.58332237  2335.25774626
0.28900001 47883.49611981  2291.22539778
0.29000001 46822.57062455  2452.56636540
0.29100001 45792.38133160  2206.27703699
0.29200001 44790.52265934  2165.39792047
0.29300001 43817.24602199  2125.57470514
0.29400001 42871.98048869  2466.21079435
0.29500001 41955.20561916  2421.65458297
0.29600001 41064.83364403  2561.21379562
0.29700001 40200.91532775  2156.37720026
0.29800001 39363.99383465  2295.11776918
0.29900001 38552.89525240  1908.36840533
0.30000001 37767.18175222  1875.70717052
0.30100001 37007.42153124  2347.01078462
0.30200001 36271.31595194  1978.23766567
0.30300001 35559.50570392  1783.66489055
0.30400001 34872.45839934  1914.49805676
0.30500001 34207.63320635  2198.18261391
0.30600001 33566.02433942  2318.57324101
0.30700001 32947.53126712  1978.82882159
0.30800001 32351.08792284  1649.42029584
0.30900001 31776.34852385  1773.12033158
0.31000001 31223.81944132  2039.22774426
0.31100001 30690.62875402  2441.74653928
0.31200001 30179.11569531  1558.60050388
0.31300001 29687.53403562  1538.11121121
0.31400001 29217.15379851  1932.71481528
0.31500001 28764.96144767  1772.49700833
0.31600002 28332.43591753  1616.64887000
0.31700002 27917.88668492  1331.68325792
0.31800002 27522.38246845  1448.64066982
0.31900002 27144.97145639  1433.25456076
0.32000002 26785.24318906  1676.62237681
0.32100002 26443.06635785  1532.64019867
0.32200002 26117.72014762  1391.94396118
0.32300002 25808.30186580  1379.71188308
0.32400002 25515.84251473  1368.28711964
0.32500002 25238.81733608  1481.01387141
0.32600002 24977.70241866  1347.67199781
0.32700002 24731.85351881  1338.48797582
0.32800002 24501.51918021  1692.81004032
0.32900002 24284.59724552  1322.29638263
0.33000002 24083.75003868  1674.06154446
0.33100002 23894.27640947  1308.92852369
0.33200002 23721.03865361  1303.35253054
0.33300002 23559.65080845  1298.37241754
0.33400002 23412.25231283  1411.75888132
0.33500002 23277.04439654  1290.47940246
0.33600002 23154.19488150  1287.48906736
0.33700002 23042.79099368  2102.88520567
0.33800002 22944.63264229  1400.08155014
0.33900002 22856.98203092  1631.98859429
0.34000002 22780.90190002  1398.29182484
0.34100002 22715.80472800  1514.91708905
0.34200002 22662.39841081  1632.37263484
0.34300002 22617.74213193  1167.07554928
0.34400002 22584.54701460  1402.50043603
0.34500002 22560.30464301  1522.14382635
0.34600002 22547.16973418  1173.58024025
0.34700002 22541.18409557  1764.97479827
0.34800002 22546.05877300  1534.37210247
0.34900002 22559.13775965  1421.22574617
0.35000002 22581.05040250  2140.00624800
0.35100002 22611.30295378  1432.65222301
0.35200002 22648.71882202  1319.17469027
0.35300002 22694.57898753  1325.59042145
0.35400002 22748.54272521  1332.49595324
0.35500002 22809.37132599  1461.62458380
0.35600002 22877.14320991  1347.57818461
0.35700002 22951.77725430  1355.76154663
0.35800002 23033.86507690  1488.44843177
0.35900002 23121.78101660  1248.57623404
0.36000002 23216.62530898  1382.89835203
0.36100002 23316.67159358  1645.92392575
0.36200002 23423.78578691  1402.96771616
0.36300002 23534.75809045  1284.99785260
0.36400002 23651.78473177  1553.92233048
0.36500002 23773.77297517  1827.25227742
0.36600002 23901.18353942  1973.64032425
0.36700002 24032.97077344  1459.28205449
0.36800002 24170.72932902  1471.63492491
0.36900002 24311.83241720  1484.23743938
0.37000002 24456.30119380  1497.09254849
0.37100002 24605.16950835  1784.85908068
0.37200002 24758.53568552  1939.33619211
0.37300002 24914.84323228  1537.49504870
0.37400002 25075.76181346  1551.56283571
0.37500002 25238.66039918  1850.49866813
0.37600002 25405.95943833  1724.04848916
0.37700002 25574.90239735  2030.13584847
0.37800002 25747.52928206  1756.49653083
0.37900002 25922.67520197  2068.62957911
0.38000002 26100.30562600  1640.79579091
0.38100002 26279.75480245  2108.16203012
0.38200002 26461.72151475  1976.29376495
0.38300002 26645.41633753  1841.73126450
0.38400002 26831.56681864  2014.37997434
0.38500002 27018.62143829  1720.81608093
0.38600002 27208.11087418  2053.26018439
0.38700002 27398.02727337  1754.02178914
0.38800002 27589.12052170  1770.80778458
0.38900002 27781.73271621  2275.32401725
0.39000002 27975.95051415  1968.94749047
0.39100002 28169.88582692  1656.38936510
0.39200002 28365.63351331  1839.36959231
0.39300002 28561.24824374  2194.36080653
0.39400002 28758.29239023  1703.92890485
0.39500002 28954.66948093  2579.86117298
0.39600002 29151.33920905  1909.55856536
0.39700002 29347.85303487  2452.89367287
0.39800002 29545.63252034  2121.96742815
0.39900002 29742.20900638  2319.89241241
0.40000002 29938.39982902  1980.87431854
0.40100002 30134.48567528  2180.53148678
0.40200002 30331.01286173  2200.21177723
0.40300002 30525.89450559  2219.84315362
0.40400002 30720.38061574  2052.88953191
0.40500002 30914.13132663  2824.00603049
0.40600002 31107.28112333  3038.55936410
0.40700002 31299.08796181  2298.60512883
0.40800002 31490.24328301  2125.11916864
0.40900002 31679.59648236  1948.29527598
0.41000002 31868.58427610  3143.51730194
0.41100002 32055.90486245  2575.37151868
0.41200002 32241.10401876  2396.80378632
0.41300002 32425.64071488  2214.99562219
0.41400002 32608.05886482  2638.80728867
0.41500002 32789.59639657  2659.89218572
0.41600002 32968.16322093  3093.23806077
0.41700002 33145.77864241  2078.24041935
0.41800002 33322.39504642  2722.60641628
0.41900002 33494.98725953  3376.29487574
0.42000002 33666.48229679  2338.64230356
0.42100002 33836.44497579  3212.77060269
0.42200002 34004.01846317  3236.33261059
0.42300002 34168.93806362  3042.40238935
0.42400002 34331.62106500  2626.36913592
0.42500002 34492.41195117  2424.47175093
0.42600002 34649.32535223  2441.21833337
0.42700002 34805.31414829  2457.95140163
0.42800002 34958.24392422  2699.47572375
0.42900002 35109.13581240  3170.35511409
0.43000002 35257.43224648  2735.27172330
0.43100002 35401.69470991  3441.04488887
0.43200002 35544.07622161  3462.88178999
0.43300002 35683.42112944  3019.88807329
0.43400002 35820.52900830  2571.01859141
0.43500002 35953.86965781  3056.79814316
0.43600002 36085.76125217  2601.96393839
0.43700002 36213.64060726  2855.08356078
0.43800002 36337.76641715  5024.96826713
0.43900002 36460.12767529  2647.00539467
0.44000002 36578.61326381  3145.57799669
0.44100002 36694.61854360  3162.70932215
0.44200002 36807.35204894  2935.01839147
0.44300002 36917.14610648  2704.55025193
0.44400002 37023.22742382  2965.56065719
0.44500002 37125.36167554  2980.42417656
0.44600002 37225.13145321  3494.32325511
0.44700002 37321.99143438  3260.44932623
0.44800002 37414.08391594  2771.82253827
0.44900002 37504.64073842  3544.18871775
0.45000002 37591.56149221  2543.06925547
0.45100002 37673.71038575  3065.13322225
0.45200002 37753.52939036  2821.88768802
0.45300002 37829.23095332  3349.02197502
0.45400002 37902.32620014  2845.51727433
0.45500002 37971.82662366  3116.72767698
0.45600002 38037.73702748  4171.97919490
0.45700002 38099.89918534  3140.95583770
0.45800002 38158.24348926  2889.91470762
0.45900002 38213.47903129  3691.42224938
0.46000002 38265.76584709  3704.50896723
0.46100002 38313.34834533  3186.13819940
0.46200002 38358.48488823  3729.59566245
0.46300002 38399.61723748  2939.87483504
0.46400002 38436.70634355  2680.96039453
0.46500002 38471.48516623  2689.15694057
0.46600002 38501.51750635  4315.25028664
0.46700002 38528.28761232  3786.56028601
0.46800002 38552.24704874  4339.44113348
0.46900002 38571.97332941  2991.25667347
0.47000002 38587.58267872  3271.45541456
0.47100002 38600.37608261  3279.48810742
0.47200002 38609.40122512  4382.93943481
0.47300002 38615.76000445  4118.37099967
0.47400002 38616.69431265  3852.01544026
0.47500002 38615.68602124  4135.74016890
0.47600002 38611.34313659  3315.17007884
0.47700002 38602.16320138  5258.77294218
0.47800002 38589.81735083  4159.01776212
0.47900002 38574.68365130  4166.06603181
0.48000002 38555.39563400  2781.77192685
0.48100002 38533.86742339  3621.79837079
0.48200002 38506.94668678  3068.81126166
0.48300002 38477.16602701  3072.78662457
0.48400002 38444.20441925  2796.81600407
0.48500002 38408.06736357  3359.93789223
0.48600002 38368.92747583  3083.13531346
0.48700002 38325.81648020  2805.44989933
0.48800002 38278.64493120  3369.28648655
0.48900002 38229.08091987  2809.83758080
0.49000002 38175.89272203  3092.82009548
0.49100002 38119.88959371  3094.57278390
0.49200002 38059.66254737  3658.86583243
0.49300002 37996.73582127  3660.22573516
0.49400002 37930.66969778  3661.25806613
0.49500002 37860.40327520  3380.17696464
0.49600002 37788.21110084  3098.82239821
0.49700002 37712.08757595  2817.09307546
0.49800002 37633.16941365  2816.84286414
0.49900002 37550.94175363  3661.21699453
0.50000002 37465.65098090  3097.09818515
