# SAXS profile: number of points = 501, q_min = 0, q_max = 0.5, delta_q = 0.001
#    q    intensity    error
0.00000000 1700912.83420645 280.65061764
0.00100000 1700842.90201257 867.42990063
0.00200000 1700633.05613066 1071.39885929
0.00300000 1700283.45217204 1122.18711841
0.00400000 1699793.97080140 1529.81463185
0.00500000 1699165.08450844 2293.87295488
0.00600000 1698396.51147440 2318.31133255
0.00700000 1697488.91355993 2036.98678093
0.00800000 1696441.73435682 3206.27501330
0.00900000 1695256.34015790 3051.46154273
0.01000000 1693931.89041022 2794.98773986
0.01100000 1692469.62838172 3351.09001010
0.01200000 1690869.05720883 4945.79220918
0.01300000 1689131.56136323 4966.04700943
0.01400000 1687256.34359142 4175.95963551
0.01500000 1685245.22632627 6066.88308493
0.01600000 1683097.08237224 5579.46707749
0.01700000 1680814.07608105 4992.01802990
0.01800000 1678395.63658344 6696.79889131
0.01900000 1675842.56923882 7038.53910840
0.02000000 1673155.62811124 6324.52856035
0.02100000 1670336.43056361 5512.11047077
0.02200000 1667383.00612883 6902.96595899
0.02300000 1664298.34372207 8987.21146518
0.02400000 1661082.40393309 6851.96522866
0.02500000 1657736.58256466 9051.24215418
0.02600000 1654260.80294648 7369.73221421
0.02700000 1650656.53505225 9012.58509417
0.02800000 1646923.30824743 7880.52839136
0.02900000 1643063.73932135 8872.54459971
0.03000000 1639078.46401033 7621.71520798
0.03100000 1634967.31681366 7847.84348181
0.03200000 1630731.55542109 8072.12157112
0.03300000 1626374.00670876 9953.40937991
0.03400000 1621892.60287940 8514.93655800
0.03500000 1617290.87841583 13100.05672010
0.03600000 1612568.28938285 14319.60707148
0.03700000 1607726.96734133 12829.66179272
0.03800000 1602768.02092023 14064.29003446
0.03900000 1597692.79285508 10544.77292117
0.04000000 1592500.31049041 12732.04057236
0.04100000 1587194.45233006 11999.19061598
0.04200000 1581775.49858339 12242.94292702
0.04300000 1576243.74172449 14564.49284959
0.04400000 1570602.70130942 11661.72559882
0.04500000 1564851.91200451 11877.22656399
0.04600000 1558992.02814948 12089.98374032
0.04700000 1553026.11556322 13418.14626252
0.04800000 1546954.37828150 14781.14977222
0.04900000 1540779.65623367 17333.77193947
0.05000000 1534501.43807311 16434.51116705
0.05100000 1528123.05294206 14303.23244184
0.05200000 1521642.75509107 13306.76651338
0.05300000 1515065.96823626 14726.44189777
0.05400000 1508391.24076784 13688.65114832
0.05500000 1501622.44560171 13874.99204462
0.05600000 1494757.88692721 15336.21663552
0.05700000 1487802.87937409 12943.88565476
0.05800000 1480756.12502653 13104.69231837
0.05900000 1473619.04119839 15915.08638827
0.06000000 1466395.33048775 13417.51790081
0.06100000 1459086.00888576 20354.25077514
0.06200000 1451691.46568217 15090.33349114
0.06300000 1444215.17860229 18023.80627167
0.06400000 1436655.10693079 19610.34312672
0.06500000 1429017.45984841 18391.45556856
0.06600000 1421300.34636581 14284.06914931
0.06700000 1413506.62154076 15859.54503590
0.06800000 1405639.52613996 17458.04373185
0.06900000 1397699.36155327 14675.84398342
0.07000000 1389686.13012741 19240.20537260
0.07100000 1381604.47618497 14921.32904168
0.07200000 1373453.41703981 19551.11030747
0.07300000 1365237.96568490 16669.55634207
0.07400000 1356956.95958192 22898.64976607
0.07500000 1348613.35335994 16911.61224382
0.07600000 1340206.80741998 24767.02296221
0.07700000 1331743.21982663 15581.39640256
0.07800000 1323220.68156749 25088.26529906
0.07900000 1314641.29386048 20508.40514614
0.08000000 1306009.28754317 20628.41766445
0.08100000 1297324.44805036 17552.80060567
0.08200000 1288587.65603970 17647.20877756
0.08300000 1279802.52459245 17738.06382333
0.08400000 1270969.18290841 16204.85784272
0.08500000 1262091.91736472 19537.18379798
0.08600000 1253169.82705151 22895.41381521
0.08700000 1244206.19703941 21350.57934377
0.08800000 1235200.42210355 23085.89697332
0.08900000 1226158.25499941 18208.45094199
0.09000000 1217078.11984584 18274.42882794
0.09100000 1207963.00949065 16669.89031414
0.09200000 1198814.04407778 18395.80237073
0.09300000 1189634.63107444 23483.38872094
0.09400000 1180422.98743365 31959.95388680
0.09500000 1171183.57792576 18551.54874632
0.09600000 1161917.27162547 20287.07651623
0.09700000 1152627.34105319 20332.34725206
0.09800000 1143314.60862693 22071.68955730
0.09900000 1133980.66168841 22112.62394271
0.10000000 1124625.59413742 25557.11782865
0.10100000 1115252.06523189 17063.35740057
0.10200000 1105862.61937827 18794.13610034
0.10300000 1096457.93527815 18815.21905445
0.10400000 1087040.78179174 27393.42898988
0.10500000 1077613.80559463 17134.06031510
0.10600001 1068173.48714058 20573.02233036
0.10700001 1058727.06213201 20581.65505637
0.10800001 1049272.61414873 17155.60804870
0.10900001 1039813.96028657 20588.31738268
0.11000001 1030351.32843103 17155.35042587
0.11100001 1020886.78704801 20581.07859571
0.11200001 1011422.58441442 27429.78178063
0.11300001 1001957.92831049 17133.48138077
0.11400001 992497.53111991 18832.64153972
0.11500001 983041.20241939 22236.39304579
0.11600001 973590.24636050 17086.50962826
0.11700001 964147.54051051 18771.95349780
0.11800001 954711.49258807 20449.92113439
0.11900001 945286.21281042 17015.15263203
0.12000001 935872.03906607 32273.54878744
0.12100001 926472.62820817 28822.56482133
0.12200001 917085.90347498 20304.28285950
0.12300001 907715.91603258 20260.22020040
0.12400001 898362.12918427 21897.57793063
0.12500001 889027.14074817 20163.13650227
0.12600001 879713.22528607 21786.09905085
0.12700001 870420.23090616 21725.68998727
0.12800001 861148.40458345 23328.51137962
0.12900001 851901.15387870 21595.69526868
0.13000001 842679.15415490 16558.64615963
0.13100001 833482.00209593 18153.23886135
0.13200001 824313.90179359 19734.07573921
0.13300001 815175.21966755 22939.03176286
0.13400001 806065.02866575 17955.09936003
0.13500001 796986.76538868 21136.09001464
0.13600001 787939.95870822 25907.46706388
0.13700001 778927.34477923 20960.93583639
0.13800001 769947.82781925 16053.41296704
0.13900001 761006.35614852 19177.36107931
0.14000001 752099.88474961 22269.67863769
0.14100001 743232.15085455 17413.93011581
0.14200001 734401.76044002 22054.08590620
0.14300001 725614.11688532 26644.55162879
0.14400001 716862.82844884 26506.00433218
0.14500001 708157.23709986 17059.50864647
0.14600001 699492.20586135 18508.56464022
0.14700001 690873.48847222 24539.82746824
0.14800001 682297.18251719 19824.14557331
0.14900001 673765.85358755 19707.65214726
0.15000001 665281.94488730 16575.50043895
0.15100001 656844.82091559 17971.27514822
0.15200001 648456.88683007 14882.08625499
0.15300001 640117.88678127 14786.72388242
0.15400001 631826.02831503 17627.94702187
0.15500001 623586.88683223 18969.51399266
0.15600001 615397.04592922 15941.86122717
0.15700001 607262.49391561 15831.33396357
0.15800001 599175.65161464 18577.44195514
0.15900001 591145.56967231 15606.24377597
0.16000001 583166.81988942 18308.52317464
0.16100001 575246.09579644 13978.48078770
0.16200001 567377.95980692 15259.63094935
0.16300001 559566.95917329 17894.95219914
0.16400001 551811.65854038 16388.80703236
0.16500001 544113.95681834 17612.96961374
0.16600001 536473.02050106 20157.97469705
0.16700001 528889.98892670 13328.02835023
0.16800001 521364.31579992 13216.58602957
0.16900001 513899.89529373 15725.33753851
0.17000001 506493.69837600 14290.72037448
0.17100001 499147.56013925 19317.01148956
0.17200001 491861.59403893 16592.95165847
0.17300001 484636.42117953 15178.81342815
0.17400001 477473.27983097 13787.04160623
0.17500001 470370.48409736 18626.67204995
0.17600001 463327.98710667 17221.90209413
0.17700001 456349.77850446 13402.99362771
0.17800001 449433.18268240 15687.46598248
0.17900001 442578.87162050 16729.48213745
0.18000001 435788.18564085 11831.64979902
0.18100001 429061.79015818 16398.74239446
0.18200001 422395.76021609 12754.24058221
0.18300001 415796.17663976 19509.15752954
0.18400001 409258.65230344 12492.62095172
0.18500001 402786.36834434 12361.51422847
0.18600001 396377.52582190 12230.22913703
0.18700001 390032.94192326 13198.71537825
0.18800001 383751.75039158 11967.29890137
0.18900001 377537.67092934 12911.78895583
0.19000001 371384.04121532 10640.15328355
0.19100001 365299.72264396 15780.94876387
0.19200001 359276.77334882 15601.59461987
0.19300001 353321.00857103 18506.95530345
0.19400001 347428.63635287 11178.51690288
0.19500001 341601.81964521 14060.33156102
0.19600001 335838.61000403 13893.64395243
0.19700001 330140.83726838 11766.21999629
0.19800001 324508.02079978 11623.87785438
0.19900001 318940.58306526 11481.86153298
0.20000001 313435.69523610 13230.12132119
0.20100001 307997.30267463 13998.47806816
0.20200001 302622.05802749 10136.32631271
0.20300001 297312.15078801 15466.17881500
0.20400001 292066.28437851 9879.14253605
0.20500001 286883.75864866 8864.70856125
0.20600001 281765.75296959 9623.70974757
0.20700001 276711.33076807 10360.07271367
0.20800001 271720.30855207 9370.27528335
0.20900001 266794.95339521 13446.46628675
0.21000001 261930.60150066 9119.11432233
0.21100001 257129.52509269 11447.40699828
0.21200001 252391.21071262 10483.06943253
0.21300001 247715.27341555 11132.32491358
0.21400001 243102.94637294 10192.09150853
0.21500001 238552.91513458 7729.11481577
0.21600001 234063.11638469 9142.50575823
0.21700001 229636.03727434 10512.73828346
0.21800001 225270.15567260 8140.13746010
0.21900001 220964.11901015 8020.99789931
0.22000001 216718.73216973 12213.18472890
0.22100001 212536.28277714 10616.18782669
0.22200001 208412.40279027 7668.53472327
0.22300001 204348.40769151 6866.10682310
0.22400001 200342.10787680 6761.54646057
0.22500001 196397.94127797 7323.67957657
0.22600001 192510.80242732 7210.49244589
0.22700001 188683.13605474 9034.14898152
0.22800001 184912.62871249 7622.09891598
0.22900001 181199.38292378 6876.51690715
0.23000001 177543.75738246 7997.45892951
0.23100001 173946.50614679 7869.34031024
0.23200001 170403.67909948 6551.16975281
0.23300001 166918.35453871 6444.71797354
0.23400001 163488.68368103 6915.57164678
0.23500001 160112.76099615 6234.79120807
0.23600001 156792.87586786 7246.18310096
0.23700001 153527.15516065 7673.28757786
0.23800001 150315.65157184 5388.81636373
0.23900001 147157.68245805 5827.44450097
0.24000001 144052.73139732 6249.00778360
0.24100001 141001.42957667 7677.52820361
0.24200001 138001.80824261 6036.19937806
0.24300001 135054.23688227 5931.58236445
0.24400001 132157.39071108 4856.78433838
0.24500001 129311.95348413 6203.09470207
0.24600001 126516.96127301 5156.19900060
0.24700001 123772.77062406 5064.78201353
0.24800001 121077.14089972 5878.90085450
0.24900001 118430.39534773 6217.59604989
0.25000001 115832.95014035 5233.33293492
0.25100001 113282.99972454 6423.14638825
0.25200001 110781.85747696 5465.42319719
0.25300001 108327.76529615 6190.93207957
0.25400001 105919.82383293 4861.72014395
0.25500001 103558.12150321 4374.29525925
0.25600001 101242.70838723 4683.48791158
0.25700001 98972.27021776  4213.24974251
0.25800001 96746.61582010  4886.18806318
0.25900001 94565.47705877  3688.05377979
0.26000001 92428.53095610  4342.29258978
0.26100001 90333.22904120  4260.11528316
0.26200001 88283.15590199  5224.15599769
0.26300001 86274.06476492  4441.38906425
0.26400001 84306.56289696  3351.18603373
0.26500001 82381.55042617  3287.02401754
0.26600001 80496.47441377  4191.04913867
0.26700001 78652.88363312  3478.03067884
0.26800001 76849.01422332  4341.20101890
0.26900001 75084.06620506  4561.35723781
0.27000001 73358.55847298  2982.02554304
0.27100001 71671.66259501  3216.62436948
0.27200001 70022.98481915  3727.67377325
0.27300001 68411.35090085  2811.70665509
0.27400001 66835.64667039  3308.36466675
0.27500001 65298.82847657  2973.70878955
0.27600001 63796.00514097  3445.94138077
0.27700001 62330.38622266  3378.93039704
0.27800001 60898.93349556  3313.20663363
0.27900001 59502.62251853  3248.84334327
0.28000001 58140.27500121  3185.79651947
0.28100001 56811.39742165  3124.05889208
0.28200001 55516.28487372  3534.99960664
0.28300001 54253.71999132  3004.57115533
0.28400001 53023.77250271  2266.76638178
0.28500001 51825.84724448  2223.32895202
0.28600001 50658.57775824  2398.93706329
0.28700001 49522.51392013  2567.24724313
0.28800001 48416.50224586  2308.74101887
0.28900001 47342.08318880  2471.25685943
0.29000001 46295.59187811  2627.04348547
0.29100001 45279.48817488  2181.56584353
0.29200001 44291.52146296  2335.93495253
0.29300001 43331.65956252  2102.01890488
0.29400001 42399.45632135  2626.64644344
0.29500001 41495.55496957  2763.60409179
0.29600001 40617.76952101  2895.23474851
0.29700001 39766.11963554  1955.30019504
0.29800001 38941.07306254  1921.15793049
0.29900001 38141.61753816  1888.01015752
0.30000001 37367.21448631  2193.26875810
0.30100001 36618.58246868  1824.70405080
0.30200001 35892.96712112  1794.46897617
0.30300001 35191.80414955  2246.64488327
0.30400001 34515.01560022  2210.68685385
0.30500001 33859.96106560  2642.09288703
0.30600001 33227.93892546  1836.17599195
0.30700001 32618.92296695  2260.49146863
0.30800001 32031.50953147  1633.12659078
0.30900001 31465.59241170  1463.15011642
0.31000001 30921.49592503  1730.98542384
0.31100001 30396.65897816  1422.56370753
0.31200001 29893.25778988  2105.23277953
0.31300001 29409.35770674  1385.18081357
0.31400001 28946.58536857  1504.49884576
0.31500001 28501.68890129  1621.17614146
0.31600002 28076.11685569  1468.52136167
0.31700002 27668.40463531  1583.73955631
0.31800002 27279.39934267  1566.38318442
0.31900002 26908.32171011  1549.91940389
0.32000002 26554.58405379  1534.32393928
0.32100002 26218.21004234  1519.60752601
0.32200002 25898.54244454  1631.21977311
0.32300002 25594.59809476  1492.67703157
0.32400002 25307.15123128  1603.84078523
0.32500002 25035.00037898  1469.05389180
0.32600002 24778.74650328  1336.93733089
0.32700002 24537.24298403  1690.12537677
0.32800002 24311.24042641  1559.68770341
0.32900002 24098.31735986  1431.44011896
0.33000002 23901.32428422  1186.70080691
0.33100002 23715.49184390  1535.34101468
0.33200002 23545.69341775  1646.55041868
0.33300002 23387.68903780  1288.89560391
0.33400002 23243.15343862  1167.96851560
0.33500002 23110.74342615  1164.78152384
0.33600002 22990.59829749  1627.04471856
0.33700002 22881.63897763  1160.09915110
0.33800002 22785.77759919  1158.65684579
0.33900002 22700.09494918  1389.24587668
0.34000002 22625.88913481  1388.77714086
0.34100002 22562.51892972  1388.94873109
0.34200002 22510.57995435  1389.80327220
0.34300002 22467.36048544  1275.24744155
0.34400002 22435.17846937  1277.12259485
0.34500002 22412.09700664  1163.18788973
0.34600002 22399.74896287  1515.67908536
0.34700002 22394.38977276  1753.48080225
0.34800002 22399.66917654  1876.19637909
0.34900002 22413.10827848  1294.35706439
0.35000002 22435.17314147  1181.21192184
0.35100002 22465.37452607  1304.78901427
0.35200002 22502.74783809  1429.82466535
0.35300002 22548.37471656  1915.71000665
0.35400002 22601.79079553  1323.89995855
0.35500002 22662.05320373  1210.15369840
0.35600002 22728.93890435  1217.13473598
0.35700002 22802.78955068  1224.50985687
0.35800002 22883.73620236  1478.74710344
0.35900002 22970.53431784  1860.61336787
0.36000002 23064.11605262  1498.70633209
0.36100002 23162.65039808  1760.82476667
0.36200002 23268.20623737  2280.51700135
0.36300002 23377.43073811  1404.04855664
0.36400002 23492.73154864  1800.71795850
0.36500002 23612.61104614  1425.96564862
0.36600002 23737.95948822  1568.12967807
0.36700002 23867.59776813  1580.98975105
0.36800002 24003.00863736  1328.56659101
0.36900002 24141.60564974  1875.80284784
0.37000002 24283.54390524  1756.79306704
0.37100002 24429.83051601  2181.09537179
0.37200002 24580.47449967  1375.27761340
0.37300002 24733.88121570  1526.32788212
0.37400002 24891.77114303  1680.19463175
0.37500002 25051.59935459  1554.20129758
0.37600002 25215.75724582  1711.14136776
0.37700002 25381.39661622  2014.77535884
0.37800002 25550.73288524  1743.07108000
0.37900002 25722.44043094  1466.17917402
0.38000002 25896.56134896  1923.98511657
0.38100002 26072.32468007  1792.73312993
0.38200002 26250.62921239  1809.71846363
0.38300002 26430.60402537  1826.88343678
0.38400002 26612.91205475  1690.58531837
0.38500002 26795.89996202  2016.92748569
0.38600002 26981.45261560  1722.90073839
0.38700002 27167.18379427  1739.24318891
0.38800002 27354.27729803  2074.95880274
0.38900002 27542.73044437  1772.37478806
0.39000002 27732.60045181  2765.07905905
0.39100002 27922.34947359  1641.83422683
0.39200002 28113.54464694  1823.02288900
0.39300002 28304.77209758  1840.09332124
0.39400002 28497.36000748  1857.31552648
0.39500002 28689.18080920  3578.68858369
0.39600002 28881.34786019  1891.87278121
0.39700002 29073.23408392  2256.37380416
0.39800002 29266.35027299  1751.59114683
0.39900002 29458.18765787  3358.23355211
0.40000002 29649.65872879  1961.76976274
0.40100002 29840.95090900  2159.29131008
0.40200002 30032.64007075  2541.66244961
0.40300002 30222.71828835  2747.24522257
0.40400002 30412.30530347  1847.54763472
0.40500002 30601.17607198  3168.13990884
0.40600002 30789.38147723  2067.66101107
0.40700002 30976.46695775  2464.48782793
0.40800002 31162.59270950  2103.00766864
0.40900002 31346.99494640  2698.97639277
0.41000002 31531.04103657  1943.88877201
0.41100002 31713.40912020  2351.86653179
0.41200002 31893.68845936  2568.55832178
0.41300002 32073.04227253  2589.25682535
0.41400002 32250.66219804  2007.60381695
0.41500002 32427.10726959  2428.14190740
0.41600002 32600.69428472  2039.17352413
0.41700002 32773.35121859  2671.35598441
0.41800002 32944.93838716  2484.70737089
0.41900002 33112.62579946  2294.70507664
0.42000002 33279.23293454  2311.74202534
0.42100002 33444.13904261  2328.71551188
0.42200002 33606.86966168  2985.29837351
0.42300002 33766.84080392  3650.87100072
0.42400002 33924.64302300  3244.04414280
0.42500002 34080.61178408  2395.52631582
0.42600002 34232.78685268  2411.87111199
0.42700002 34383.89139959  2648.93511895
0.42800002 34532.06834306  2222.13870318
0.42900002 34678.22840335  3802.46792461
0.43000002 34821.81531178  3151.72265322
0.43100002 34961.47081496  2945.15444102
0.43200002 35099.29205606  2735.63895249
0.43300002 35234.03198436  2981.85626814
0.43400002 35366.50238631  2538.43082907
0.43500002 35495.52080826  2785.68860504
0.43600002 35622.89419123  3035.60507236
0.43700002 35746.34725150  4462.21673886
0.43800002 35866.13186114  3306.49885297
0.43900002 35984.06248603  3087.43270761
0.44000002 36098.39761063  3343.07276115
0.44100002 36210.27840318  2400.74157190
0.44200002 36318.91037097  2654.73087937
0.44300002 36424.70133920  3396.23931382
0.44400002 36526.62163249  3169.59774237
0.44500002 36624.91826675  2940.24857780
0.44600002 36720.83776748  3446.98520459
0.44700002 36813.80454242  2721.27656074
0.44800002 36902.26263860  3230.97775844
0.44900002 36989.12080779  2746.44235014
0.45000002 37072.33283902  2758.73777896
0.45100002 37151.05429148  2518.84160034
0.45200002 37227.42548314  3035.52441776
0.45300002 37299.82283057  3556.16527720
0.45400002 37369.59444114  2550.47494148
0.45500002 37435.82557101  3072.73270850
0.45600002 37498.55789124  3598.73677138
0.45700002 37557.83963803  4128.35792867
0.45800002 37613.07963483  3625.52491783
0.45900002 37665.40429575  3118.69562350
0.46000002 37714.97912144  2868.79002284
0.46100002 37759.79538746  3401.78012768
0.46200002 37802.22948436  3150.43795454
0.46300002 37840.90494679  2897.09982003
0.46400002 37875.58801817  3434.36910632
0.46500002 37907.81616085  3709.65906532
0.46600002 37935.70990760  3188.87592597
0.46700002 37960.24559787  3730.73311418
0.46800002 37982.13882425  2672.04359293
0.46900002 37999.77081763  2678.98396962
0.47000002 38013.55009785  3222.78893005
0.47100002 38024.59004923  2961.35521339
0.47200002 38031.85704101  3507.86850044
0.47300002 38036.57810446  4056.60124711
0.47400002 38036.09475750  3523.09344390
0.47500002 38033.55777379  3258.71538451
0.47600002 38027.82885602  4353.42605378
0.47700002 38017.48796632  4088.78102458
0.47800002 38004.09358536  3549.77252959
0.47900002 37987.92597646  3282.15695994
0.48000002 37967.64462257  3013.30225830
0.48100002 37945.29957238  3840.82340477
0.48200002 37917.65520605  3296.56109987
0.48300002 37887.17937771  3575.79215916
0.48400002 37853.75482878  2753.86079433
0.48500002 37817.13391661  3308.24303184
0.48600002 37777.55128536  2759.65025220
0.48700002 37734.28679449  3038.36491671
0.48800002 37686.98344430  2764.34036667
0.48900002 37637.38329277  3042.98258346
0.49000002 37584.25096107  3044.88823594
0.49100002 37528.40343397  3046.55593518
0.49200002 37468.43574437  3879.10733649
0.49300002 37405.81869599  3048.94842643
0.49400002 37340.18526072  2772.50888703
0.49500002 37270.55530931  3327.51533574
0.49600002 37199.05677977  3605.14675870
0.49700002 37123.60251951  4159.69985949
0.49800002 37045.51762254  2772.85712549
0.49900002 36964.31954684  4158.48614614
0.50000002 36879.99798000  3048.68517753
