# SAXS profile: number of points = 501, q_min = 0, q_max = 0.5, delta_q = 0.001
#    q    intensity    error
0.00000000 1682732.95097189 429.09690250
0.00100000 1682663.72357064 605.75895487
0.00200000 1682455.99231252 1287.07887487
0.00300000 1682109.92360025 1312.04578715
0.00400000 1681625.37620331 1765.70671211
0.00500000 1681002.82616992 1815.48312412
0.00600000 1680241.99072783 1940.67957830
0.00700000 1679343.54871343 2418.25481065
0.00800000 1678306.92504487 2945.42877781
0.00900000 1677133.48437891 3270.41043434
0.01000000 1675822.39391379 3041.61777629
0.01100000 1674374.86634635 3616.64986877
0.01200000 1672790.44656929 4240.52396797
0.01300000 1671070.46337100 4211.09775342
0.01400000 1669214.16821706 4131.30524948
0.01500000 1667223.32726499 4801.60339633
0.01600000 1665096.88539534 5095.19669708
0.01700000 1662836.87554210 5836.55769497
0.01800000 1660442.82460363 6625.16716828
0.01900000 1657915.58942157 4973.74699269
0.02000000 1655255.68985661 6778.27235658
0.02100000 1652464.94056301 7634.38837153
0.02200000 1649541.36995569 8536.37697735
0.02300000 1646487.75034460 7112.82740525
0.02400000 1643304.33189507 6162.39152560
0.02500000 1639992.32958928 6395.97037751
0.02600000 1636551.65016774 8616.44483223
0.02700000 1632983.72230387 8230.23833737
0.02800000 1629288.23777040 8504.88499119
0.02900000 1625467.69945925 8777.52598009
0.03000000 1621522.63876052 7540.08061682
0.03100000 1617453.04584748 12422.03996369
0.03200000 1613260.05071251 9582.76514260
0.03300000 1608946.62797191 13949.56790760
0.03400000 1604510.53436969 10108.41683294
0.03500000 1599955.29601931 11231.68669671
0.03600000 1595280.46595033 11509.94909375
0.03700000 1590488.07694285 13598.67368677
0.03800000 1585579.33048584 11130.76741514
0.03900000 1580555.49674655 14225.00012948
0.04000000 1575415.54117716 13564.32843809
0.04100000 1570163.35766914 9892.02961197
0.04200000 1564799.30136311 18167.32073166
0.04300000 1559323.53517107 11320.68939083
0.04400000 1553739.62325211 11536.51723843
0.04500000 1548047.14345194 10681.52578613
0.04600000 1542246.61762134 14134.69090758
0.04700000 1536341.19770841 16592.48570693
0.04800000 1530331.13631558 13497.52125032
0.04900000 1524218.90181238 17147.46344356
0.05000000 1518004.34703103 13935.28055466
0.05100000 1511690.71428650 12970.30693279
0.05200000 1505276.15516888 14360.33518952
0.05300000 1498766.23867903 16996.00993894
0.05400000 1492159.17427400 17234.43926657
0.05500000 1485459.13023584 13725.64300367
0.05600000 1478664.36588093 17699.61328553
0.05700000 1471780.09186248 20487.17983504
0.05800000 1464804.81851984 18148.93254888
0.05900000 1457740.53133939 13119.66539482
0.06000000 1450590.14350153 15927.48051976
0.06100000 1443355.23956465 17450.16566181
0.06200000 1436035.98918597 16284.64887857
0.06300000 1428635.66338497 21943.84481558
0.06400000 1421152.48663306 18013.10861049
0.06500000 1413592.88397602 15394.02722660
0.06600000 1405954.31391808 15542.82566759
0.06700000 1398240.02725423 15688.25383999
0.06800000 1390452.99733662 14391.18919607
0.06900000 1382593.88743758 24679.30204622
0.07000000 1374662.34801944 16104.17016118
0.07100000 1366663.19830684 17711.95587965
0.07200000 1358595.41502623 16364.28254061
0.07300000 1350463.85372576 17988.17937447
0.07400000 1342267.39443184 16610.55978453
0.07500000 1334009.00613830 16728.47372108
0.07600000 1325688.46503716 16842.87273790
0.07700000 1317311.36868472 21577.56123080
0.07800000 1308875.92485089 18612.21652422
0.07900000 1300384.45629907 18725.53704900
0.08000000 1291840.67603946 20404.62443525
0.08100000 1283244.75179325 15783.91118761
0.08200000 1274597.53644648 19042.48808808
0.08300000 1265902.34054179 19140.44428729
0.08400000 1257159.59799987 20837.42131493
0.08500000 1248373.32585262 19324.81999141
0.08600000 1239542.79266535 21028.84446490
0.08700000 1230671.27219607 17869.34771139
0.08800000 1221757.73883677 22834.65321126
0.08900000 1212808.27033133 18010.20366035
0.09000000 1203821.57224308 19718.59827963
0.09100000 1194800.17989442 21434.71623433
0.09200000 1185745.21416261 18195.26116626
0.09300000 1176660.21674249 18250.00081928
0.09400000 1167543.34078480 16637.49338810
0.09500000 1158398.90436011 18349.03950752
0.09600000 1149227.95853431 23409.77461579
0.09700000 1140033.82692616 20110.19765241
0.09800000 1130817.10755328 20151.16180406
0.09900000 1121579.42754485 23553.16908597
0.10000000 1112320.62950655 23592.32166131
0.10100000 1103043.95501371 18564.23063599
0.10200000 1093751.34857870 21967.99686950
0.10300000 1084443.64516617 21992.51815851
0.10400000 1075123.83602421 18626.52133541
0.10500000 1065794.27007380 18640.74266063
0.10600001 1056451.28010162 18651.64822782
0.10700001 1047102.60536113 22051.98190662
0.10800001 1037745.97643669 23754.00651854
0.10900001 1028385.31055591 20362.03010736
0.11000001 1019020.60062022 20360.03255873
0.11100001 1009653.96602127 27139.49988420
0.11200001 1000287.81304750 20345.85507521
0.11300001 990921.37059050 20333.70748184
0.11400001 981558.91127318 25397.83802504
0.11500001 972200.66093215 21991.17998581
0.11600001 962847.61848833 16897.97650022
0.11700001 953503.02084621 20252.40511656
0.11800001 944164.81488246 20224.01128730
0.11900001 934837.46662392 21875.19774936
0.12000001 925521.13745701 20157.85132335
0.12100001 916219.41214496 21796.86084174
0.12200001 906930.24630984 21752.72298254
0.12300001 897657.90727206 21705.36922047
0.12400001 888401.31210341 21654.78300284
0.12500001 879163.44177456 16616.18983250
0.12600001 869946.54169280 16572.48240020
0.12700001 860750.34763388 18179.04819874
0.12800001 851575.25746005 28012.56941436
0.12900001 842424.52164613 19712.73473562
0.13000001 833298.53129781 24561.47536770
0.13100001 824197.46808021 16319.11063723
0.13200001 815124.83197646 21140.26351387
0.13300001 806081.66527000 29164.03602435
0.13400001 797066.63147011 20982.78006270
0.13500001 788083.31158648 17684.59034580
0.13600001 779131.04538407 19213.37248510
0.13700001 770212.50641560 17537.73959804
0.13800001 761326.89796837 17461.03322829
0.13900001 752479.24376942 20542.68432366
0.14000001 743666.02636378 18874.24463923
0.14100001 734890.96288768 20349.13172209
0.14200001 726153.05198453 17133.58206969
0.14300001 717457.58002526 20146.20979736
0.14400001 708798.07639349 20041.26655537
0.14500001 700183.66805654 18400.82766453
0.14600001 691609.34262235 21349.98141392
0.14700001 683081.28746260 19713.72688620
0.14800001 674594.92423781 18092.63672164
0.14900001 666153.13355492 19484.98007580
0.15000001 657758.19378592 17877.86855063
0.15100001 649409.69843343 16287.19600522
0.15200001 641110.07656880 17656.17234185
0.15300001 632858.60785998 23390.45525028
0.15400001 624654.13045902 17427.85106224
0.15500001 616501.58559217 14426.13778367
0.15600001 608397.77158706 21491.65229561
0.15700001 600348.84141621 18496.74867702
0.15800001 592347.35652439 15540.23363190
0.15900001 584401.66382555 15428.20465321
0.16000001 576507.03680402 13922.64559600
0.16100001 568669.67068115 15200.54101484
0.16200001 560884.40250603 19199.07400409
0.16300001 553155.63108841 17689.91791731
0.16400001 545482.25845630 20251.02980123
0.16500001 537865.73582882 14732.14319988
0.16600001 530305.39941313 19926.22632373
0.16700001 522802.40278746 14492.08328951
0.16800001 515356.13865066 16983.56235114
0.16900001 507970.39875403 18134.54409180
0.17000001 500642.60313771 14125.63171454
0.17100001 493374.08373281 14001.95715753
0.17200001 486165.02038045 16400.77773703
0.17300001 479016.21284435 16253.02086935
0.17400001 471928.71124327 14865.75510621
0.17500001 464901.15134397 15955.40826766
0.17600001 457932.86687087 13373.93000860
0.17700001 451028.60232954 14450.95710117
0.17800001 444185.03017772 13119.00548594
0.17900001 437403.31556188 14171.86809359
0.18000001 430684.43271300 11693.08290048
0.18100001 424029.25151474 12733.59902448
0.18200001 417433.79449041 14896.12566005
0.18300001 410904.00897352 12475.04630175
0.18400001 404435.71409703 14590.01907529
0.18500001 398031.80533743 14436.61426160
0.18600001 391690.99507861 12085.62622412
0.18700001 385413.46922080 11955.52638007
0.18800001 379199.07148148 10750.29418441
0.18900001 373050.70139639 12758.33459056
0.19000001 366962.20244747 12616.16111624
0.19100001 360942.37701927 11434.65504426
0.19200001 354983.25963627 12332.11902247
0.19300001 349090.50451493 12190.24099368
0.19400001 343260.78185891 10040.37834382
0.19500001 337495.80843964 10914.61496071
0.19600001 331793.58825178 13726.30139463
0.19700001 326156.18426152 13561.57478248
0.19800001 320583.07878239 11483.28642467
0.19900001 315074.72235503 13233.13896431
0.20000001 309628.22027563 9335.29128251
0.20100001 304247.61943729 9218.70330465
0.20200001 298929.30913325 10012.63768265
0.20300001 293675.70569753 12581.06782672
0.20400001 288485.41714762 8870.92699658
0.20500001 283357.83291488 9631.33319602
0.20600001 278294.07560635 8641.03145602
0.20700001 273293.32258047 13642.80330810
0.20800001 268355.29279363 9254.23270944
0.20900001 263482.28618927 11619.56937022
0.21000001 258669.54430021 9824.26975694
0.21100001 253919.33641841 10497.02586377
0.21200001 249231.30739624 7962.94064775
0.21300001 244605.04477914 8637.00453947
0.21400001 240041.53594701 10837.87586038
0.21500001 235539.83972672 9920.93851833
0.21600001 231097.73579841 15796.68647734
0.21700001 226717.60823389 11120.49920964
0.21800001 222398.05660757 9497.50945647
0.21900001 218137.78736873 9358.11152058
0.22000001 213937.42201152 8510.43105001
0.22100001 209799.36444062 11178.11066594
0.22200001 205719.30500125 10321.96661651
0.22300001 201698.30890938 7454.76984979
0.22400001 197734.65423557 6673.54489602
0.22500001 193832.41215547 7228.01099107
0.22600001 189986.54430156 9056.65899513
0.22700001 186199.50940338 6368.02352273
0.22800001 182468.93400937 7521.36981555
0.22900001 178795.26113001 7402.12416084
0.23000001 175178.32653513 6676.92223165
0.23100001 171619.35701249 6569.58929713
0.23200001 168114.14317913 6463.14854019
0.23300001 164665.87925095 6357.74989857
0.23400001 161272.50733770 10801.22668979
0.23500001 157932.54541930 6708.97484672
0.23600001 154647.91594124 7147.05377326
0.23700001 151416.98194804 7567.82111571
0.23800001 148239.56663259 6377.26645817
0.23900001 145115.20024994 5224.14745610
0.24000001 142043.17207519 5134.86091340
0.24100001 139024.37707436 7065.21917711
0.24200001 136056.61746451 5455.19033528
0.24300001 133140.47477307 5847.52992864
0.24400001 130274.45295258 5745.10364697
0.24500001 127459.26955868 7995.52035764
0.24600001 124694.16977395 5081.91112954
0.24700001 121979.13079637 5445.14865634
0.24800001 119312.15046370 4901.93993370
0.24900001 116693.72052316 6126.42061729
0.25000001 114123.90908257 6015.47153232
0.25100001 111601.12526320 7171.48864869
0.25200001 109126.66361827 4141.35708024
0.25300001 106698.85583150 4065.22659951
0.25400001 104316.59230038 5586.15378197
0.25500001 101980.17034788 4699.24647196
0.25600001 99689.49733455  3843.03030407
0.25700001 97443.31983347  4902.37365277
0.25800001 95241.49115533  4070.14531710
0.25900001 93083.81193200  5082.37637196
0.26000001 90969.77838207  7479.08068356
0.26100001 88896.86915908  4192.37654791
0.26200001 86868.91339955  5483.16607323
0.26300001 84881.40460528  3361.30378142
0.26400001 82935.13592712  4285.67335182
0.26500001 81030.87485568  4203.07167765
0.26600001 79166.07534353  4121.78190780
0.26700001 77342.46637381  3420.08402489
0.26800001 75558.09734056  4573.15405794
0.26900001 73812.21814850  2989.39497648
0.27000001 72105.53928698  4396.63546608
0.27100001 70436.88684684  2873.82511935
0.27200001 68806.19029916  3944.65907653
0.27300001 67212.08537115  3038.65852343
0.27400001 65653.64817037  2979.03442671
0.27500001 64133.61021002  2920.64474718
0.27600001 62647.22192248  3644.18907170
0.27700001 61197.75592505  2807.14119713
0.27800001 59781.99127415  2752.06409855
0.27900001 58401.19893871  3188.70561297
0.28000001 57053.85615347  2885.78418082
0.28100001 55739.80303888  2593.57315815
0.28200001 54459.08466234  2774.14590400
0.28300001 53210.63141337  2493.45030605
0.28400001 51994.42139355  2667.31394373
0.28500001 50809.97161104  2397.72267381
0.28600001 49655.82531119  2565.22005699
0.28700001 48532.69201542  2515.93487316
0.28800001 47439.19001279  2262.13788283
0.28900001 46376.90320121  3631.31169254
0.29000001 45342.48086447  3166.71901347
0.29100001 44337.98218348  3689.80705197
0.29200001 43361.42813116  2096.30834223
0.29300001 42412.70331750  2244.48036581
0.29400001 41491.38976905  2203.19290103
0.29500001 40598.21857467  2163.07318805
0.29600001 39730.67415553  2478.00226438
0.29700001 38889.07609267  1738.34178363
0.29800001 38073.96358901  1707.61734780
0.29900001 37284.11047524  1845.56355589
0.30000001 36519.14430122  2143.49127623
0.30100001 35779.59565847  1782.89733606
0.30200001 35062.83271256  1912.32698667
0.30300001 34370.38031461  1724.01835820
0.30400001 33702.03899223  2004.42886396
0.30500001 33055.34650057  1820.68857145
0.30600001 32431.34247005  1941.50240889
0.30700001 31830.14615836  1764.66338656
0.30800001 31250.36165870  1593.29976460
0.30900001 30691.86305208  1712.60603939
0.31000001 30155.07174983  1547.40758010
0.31100001 29637.26516287  1525.72648282
0.31200001 29140.81282737  1915.42571783
0.31300001 28663.49705335  1755.06600767
0.31400001 28207.13686656  2132.45964808
0.31500001 27768.73423023  1579.48567780
0.31600002 27349.25577097  1690.59432553
0.31700002 26947.62329801  1413.94186139
0.31800002 26564.50590146  2033.77866811
0.31900002 26199.15605523  1257.55955020
0.32000002 25850.81634794  1244.71686609
0.32100002 25519.87566089  1355.87105806
0.32200002 25205.44848902  2320.28767052
0.32300002 24906.64537338  1452.55562696
0.32400002 24624.16241631  1680.59916449
0.32500002 24356.74584504  1310.14942104
0.32600002 24105.26287166  1773.54479976
0.32700002 23868.32196738  1174.32149640
0.32800002 23646.74172306  1166.96675929
0.32900002 23438.18922722  1276.20946385
0.33000002 23245.34804064  1731.19737731
0.33100002 23063.66713340  1378.28481316
0.33200002 22897.80683015  1372.49460639
0.33300002 22743.61999404  1481.29204036
0.33400002 22602.92194703  1249.37656979
0.33500002 22474.16083904  1699.04663989
0.33600002 22357.54121927  1130.17376216
0.33700002 22252.08560692  1240.99887307
0.33800002 22159.53847561  1126.81258485
0.33900002 22077.10312547  1125.93231272
0.34000002 22006.18755941  1238.17820167
0.34100002 21945.87164788  1688.73490328
0.34200002 21896.92026455  1351.91592116
0.34300002 21856.72113208  1353.36823659
0.34400002 21827.30349721  1355.47561137
0.34500002 21807.04570738  1358.14287098
0.34600002 21797.40172961  1361.46577651
0.34700002 21794.72952315  1592.75890899
0.34800002 21802.57406230  1483.77424808
0.34900002 21818.54551693  1947.30527961
0.35000002 21843.01659398  1265.03836596
0.35100002 21875.63051687  1155.03334600
0.35200002 21915.36306168  1508.54408780
0.35300002 21963.18627212  1516.11882017
0.35400002 22018.89883860  1641.50898617
0.35500002 22081.30181776  1297.05573021
0.35600002 22150.26349575  1423.37599965
0.35700002 22226.19298219  1670.96526755
0.35800002 22309.12194326  1441.61552826
0.35900002 22397.88565131  1693.28023544
0.36000002 22493.41328185  2070.63125774
0.36100002 22593.92147167  1349.53499342
0.36200002 22701.28802777  1483.30222999
0.36300002 22812.31711054  1619.21834520
0.36400002 22929.44229927  1255.38702535
0.36500002 23051.05867412  2024.80508985
0.36600002 23178.13410583  1786.33888015
0.36700002 23309.47254975  1801.35612397
0.36800002 23446.48968090  1297.76326531
0.36900002 23586.84091928  1570.88367964
0.37000002 23730.38517784  1452.65559747
0.37100002 23878.31696193  1598.89217951
0.37200002 24030.49377743  1613.40742864
0.37300002 24185.44075102  1763.84427753
0.37400002 24344.87356363  1917.15888395
0.37500002 24506.31978382  2211.45040205
0.37600002 24671.89823731  1534.71550255
0.37700002 24839.12116297  1549.21606032
0.37800002 25009.89076889  1421.81235757
0.37900002 25183.08160930  2296.69715157
0.38000002 25358.67934646  1449.24859331
0.38100002 25535.97095143  1609.53232532
0.38200002 25715.74959052  1772.84386076
0.38300002 25897.13534589  1640.84257325
0.38400002 26080.86835522  2409.87235019
0.38500002 26265.31815571  1824.91439191
0.38600002 26452.26118835  1996.21998515
0.38700002 26639.56264660  1705.46488143
0.38800002 26828.10073603  1565.41975211
0.38900002 27017.94310229  1580.54974636
0.39000002 27209.30965750  1755.40869572
0.39100002 27400.54466812  1933.38252338
0.39200002 27593.17656121  1951.94140242
0.39300002 27785.90028169  1806.36146289
0.39400002 27979.94739179  2320.93674611
0.39500002 28173.37056069  2342.89760683
0.39600002 28367.01596653  1858.18146892
0.39700002 28560.38083252  2216.57126143
0.39800002 28754.98472730  2237.28169271
0.39900002 28948.41830766  1910.59569883
0.40000002 29141.55283425  2103.43738323
0.40100002 29334.30274457  2299.51610110
0.40200002 29527.70036225  2855.91931435
0.40300002 29719.37877383  2521.39221464
0.40400002 29910.58967135  2362.18893122
0.40500002 30101.13194156  2383.10672873
0.40600002 30290.98531269  2404.04416325
0.40700002 30479.79768762  2424.97281892
0.40800002 30667.72564284  2257.75806880
0.40900002 30853.80125280  2846.26330043
0.41000002 31039.58157770  1913.59029493
0.41100002 31223.73089200  2315.55199267
0.41200002 31405.86937640  3307.50929009
0.41300002 31587.07839830  2157.71342763
0.41400002 31766.60652693  2175.21848500
0.41500002 31944.96634823  3388.72219079
0.41600002 32120.50712288  2009.13781574
0.41700002 32295.08943256  2429.88264404
0.41800002 32468.74298980  2448.79271232
0.41900002 32638.42007488  2673.08673080
0.42000002 32807.02765914  2486.11667381
0.42100002 32974.03682104  2504.70795561
0.42200002 33138.91062397  3153.99596809
0.42300002 33301.00981495  2965.12205443
0.42400002 33461.09370122  2559.77378944
0.42500002 33619.24671522  3007.57795366
0.42600002 33773.70512842  2163.20591598
0.42700002 33927.17016224  3049.37419868
0.42800002 34077.57998981  2192.89237626
0.42900002 34226.16844513  2649.10556319
0.43000002 34372.22141203  3333.24632939
0.43100002 34514.24483005  2683.82780516
0.43200002 34654.58992565  2700.97886680
0.43300002 34791.86180694  3170.93043535
0.43400002 34926.87854746  2962.67261318
0.43500002 35058.61418146  2980.68351896
0.43600002 35188.57475707  2767.93342156
0.43700002 35314.72009444  3248.24810822
0.43800002 35437.27467727  2800.25357770
0.43900002 35557.99546157  2816.19337401
0.44000002 35675.11300134  2831.89060425
0.44100002 35789.88314988  3322.01711140
0.44200002 35901.42481539  2385.64979204
0.44300002 36010.14747549  2398.27593552
0.44400002 36115.15166461  3133.89243421
0.44500002 36216.44427494  3149.74430786
0.44600002 36315.39428299  2921.93676248
0.44700002 36411.51214916  2936.22447886
0.44800002 36503.22480445  2950.19076851
0.44900002 36593.24712912  3211.05758776
0.45000002 36679.72974063  3970.21413528
0.45100002 36761.71103950  3240.17736458
0.45200002 36841.48355480  3254.39260405
0.45300002 36917.27216702  2765.47298909
0.45400002 36990.48891814  2777.06108714
0.45500002 37060.28330556  3548.89289753
0.45600002 37126.46476476  2545.01928024
0.45700002 37189.31750694  3065.88748058
0.45800002 37248.25425540  2820.99666973
0.45900002 37304.23124956  2831.39128603
0.46000002 37357.55091842  4649.89458319
0.46100002 37406.22088773  2851.47635342
0.46200002 37452.45651873  2861.18055135
0.46300002 37494.91825398  2870.61107758
0.46400002 37533.49324392  4188.73804455
0.46500002 37569.71579924  3413.96023648
0.46600002 37601.64726778  2897.39506754
0.46700002 37630.22785290  4490.79160481
0.46800002 37656.20501530  3973.67122258
0.46900002 37677.91557323  3187.55180857
0.47000002 37695.95396162  3195.86312834
0.47100002 37711.21206369  3203.94472879
0.47200002 37722.78849457  2676.43197054
0.47300002 37731.71544598  2950.99760490
0.47400002 37735.63342387  2957.53040978
0.47500002 37737.50521156  2963.90379980
0.47600002 37736.22000188  4320.04267058
0.47700002 37730.42777522  3787.38051959
0.47800002 37721.56737652  2981.32421891
0.47900002 37709.96737312  2715.11777956
0.48000002 37694.30348686  4079.46618823
0.48100002 37676.61585826  3268.82334680
0.48200002 37653.66648951  3000.80909312
0.48300002 37627.90905974  4097.67949083
0.48400002 37599.27325138  3008.88198456
0.48500002 37567.44578407  3834.13369846
0.48600002 37532.80250760  3015.94848845
0.48700002 37494.44800091  3293.51246851
0.48800002 37452.06178756  4670.08506596
0.48900002 37407.42864529  3574.27997648
0.49000002 37359.27759043  2751.51092496
0.49100002 37308.43360181  3579.37128942
0.49200002 37253.62287428  3030.39609635
0.49300002 37196.04202177  3858.71758225
0.49400002 37135.53646206  2757.31371301
0.49500002 37071.10315462  4412.94432871
0.49600002 37004.89187253  3310.45778384
0.49700002 36934.63757485  3310.82106915
0.49800002 36861.80377727  3586.83798657
0.49900002 36785.88494505  3586.62395216
0.50000002 36706.90555170  4413.63853275
