# SAXS profile: number of points = 501, q_min = 0, q_max = 0.5, delta_q = 0.001
#    q    intensity    error
0.00000000 1628779.37420969 268.74859674
0.00100000 1628712.32566381 537.47508023
0.00200000 1628511.11530091 732.83002509
0.00300000 1628175.93677512 1074.59615655
0.00400000 1627706.62339418 1587.01401811
0.00500000 1627103.63003696 1903.71132249
0.00600000 1626366.72359024 2049.22215515
0.00700000 1625496.52915304 2340.71509926
0.00800000 1624492.48303161 2412.37143915
0.00900000 1623355.94530717 2922.04082646
0.01000000 1622086.08360980 3211.73058423
0.01100000 1620684.11766836 4959.29361599
0.01200000 1619149.49807815 5367.48082146
0.01300000 1617483.60864168 4415.73044635
0.01400000 1615685.71396340 4362.35162109
0.01500000 1613757.46756640 4647.62171354
0.01600000 1611697.90997297 4520.81283957
0.01700000 1609508.94208144 6518.51150784
0.01800000 1607190.30481872 5038.54183233
0.01900000 1604742.62224338 5777.07370075
0.02000000 1602166.44542575 5046.82453139
0.02100000 1599463.41063406 7917.34424160
0.02200000 1596631.77557826 5508.37987600
0.02300000 1593674.44579133 6310.95109260
0.02400000 1590591.29396044 7754.13291163
0.02500000 1587383.38712450 7428.95459103
0.02600000 1584051.16414353 7698.48900985
0.02700000 1580595.56428578 7966.20200886
0.02800000 1577016.36328235 8232.02579385
0.02900000 1573316.26192563 7079.92350373
0.03000000 1569495.41394562 8757.78481237
0.03100000 1565554.20025380 11271.99076049
0.03200000 1561493.33196722 8502.33158416
0.03300000 1557315.87981851 8736.54248854
0.03400000 1553019.62045340 8968.68872194
0.03500000 1548607.97394937 12543.72516824
0.03600000 1544080.63956296 13711.43671298
0.03700000 1539439.34323257 12284.72652713
0.03800000 1534685.47077429 13466.86562929
0.03900000 1529820.13116983 10096.81333330
0.04000000 1524842.36989519 12191.11531224
0.04100000 1519755.98798451 17234.03370283
0.04200000 1514561.24264728 12699.59660877
0.04300000 1509258.39681025 12949.43764572
0.04400000 1503850.93530715 13196.29257018
0.04500000 1498338.37380080 11372.38878556
0.04600000 1492721.12565057 11576.05286755
0.04700000 1487002.35149957 12847.70091448
0.04800000 1481182.14382467 15241.36496911
0.04900000 1475263.45518272 13277.37171467
0.05000000 1469245.16711219 13487.67126216
0.05100000 1463131.31104053 14836.15218508
0.05200000 1456919.70053542 16215.51702262
0.05300000 1450616.01904178 15274.98739260
0.05400000 1444217.95365082 20255.15774453
0.05500000 1437730.07869744 18115.39983666
0.05600000 1431150.54800353 13459.97153207
0.05700000 1424484.48325167 17350.22181589
0.05800000 1417730.28065109 15056.29628353
0.05900000 1410890.18614480 17777.21717572
0.06000000 1403966.51956512 15415.55310502
0.06100000 1396960.91916908 19487.60573309
0.06200000 1389873.75395793 18388.03062438
0.06300000 1382708.45547451 13274.00179319
0.06400000 1375462.78854455 17433.99166013
0.06500000 1368143.35062968 14899.08178530
0.06600000 1360747.48853088 19145.71805943
0.06700000 1353278.35381948 13803.43985495
0.06800000 1345738.80781312 15321.23704413
0.06900000 1338129.50443186 21075.54068154
0.07000000 1330450.26807785 17003.15522227
0.07100000 1322705.80077756 19999.31264448
0.07200000 1314894.64256665 17277.71641273
0.07300000 1307021.94579185 17409.53313368
0.07400000 1299086.64216435 17537.67049111
0.07500000 1291091.22668468 16190.28474150
0.07600000 1283035.98796130 19264.78626238
0.07700000 1274925.93715775 17899.96099700
0.07800000 1266759.68461554 16512.21326332
0.07900000 1258539.11575449 16612.71710716
0.08000000 1250268.01196058 15190.75705794
0.08100000 1241946.28864002 18331.12808039
0.08200000 1233575.38689343 19965.41857375
0.08300000 1225157.72739649 15436.98808968
0.08400000 1216694.69428210 17064.14388827
0.08500000 1208189.28044730 21819.89942922
0.08600000 1199641.13949749 17220.84936603
0.08700000 1191053.79403065 23582.86622920
0.08800000 1182425.34872434 15785.37914681
0.08900000 1173762.42524112 19014.95218203
0.09000000 1165063.61074271 20674.05474380
0.09100000 1156331.62931910 20744.59040459
0.09200000 1147566.89435991 24012.83839277
0.09300000 1138773.19386807 17662.37306689
0.09400000 1129948.77056103 22542.47903213
0.09500000 1121097.73788297 19372.56982118
0.09600000 1112221.64020073 16182.82562564
0.09700000 1103322.77467342 17840.73010521
0.09800000 1094401.83583748 17877.05482894
0.09900000 1085461.40844624 21166.49846000
0.10000000 1076500.50584386 27725.27183185
0.10100000 1067522.34626132 24499.63899896
0.10200000 1058528.85821292 26166.83460581
0.10300000 1049520.75718754 16372.52458230
0.10400000 1040501.07782399 18026.68202137
0.10500000 1031472.19890758 18040.44960769
0.10600001 1022430.37887386 24615.01252961
0.10700001 1013383.84153900 22983.54660766
0.10800001 1004328.96459322 19704.93521267
0.10900001 995270.36507282 22990.74651526
0.11000001 986207.85741837 18062.39775881
0.11100001 977143.92943664 21340.82442348
0.11200001 968080.97064450 19690.76786989
0.11300001 959017.47156888 19679.03944310
0.11400001 949957.81931559 18025.45047023
0.11500001 940902.45560714 26194.72559756
0.11600001 931852.29436960 17989.40938995
0.11700001 922810.24185583 16333.74205008
0.11800001 913774.69016358 16310.87898763
0.11900001 904749.77487462 22799.69540074
0.12000001 895735.94727193 21134.89067144
0.12100001 886735.70328538 17849.99054801
0.12200001 877748.26702247 19433.34754741
0.12300001 868776.73067258 22622.94713258
0.12400001 859821.13829957 17733.81181300
0.12500001 850883.53223823 20906.20937220
0.12600001 841966.43362080 16039.46131631
0.12700001 833069.75473307 23992.41006699
0.12800001 824193.17777017 15948.13874148
0.12900001 815340.59862001 19078.97090694
0.13000001 806511.51564113 22187.13284108
0.13100001 797707.37345663 15794.60673896
0.13200001 788930.37708759 15739.16176485
0.13300001 780182.47180180 20386.16894925
0.13400001 771461.59834180 17184.30791323
0.13500001 762771.74791379 20228.70770842
0.13600001 754111.74974711 21695.79606320
0.13700001 745484.84762677 20060.99819558
0.13800001 736889.76813976 23046.22858533
0.13900001 728331.16941888 18353.94633489
0.14000001 719806.72194881 16746.30417590
0.14100001 711318.65199311 16666.19680223
0.14200001 702866.97599902 16584.14708089
0.14300001 694456.05453114 16500.27663394
0.14400001 686080.66656850 19398.93176227
0.14500001 677748.82162022 14842.69989364
0.14600001 669455.44316848 17713.79186187
0.14700001 661207.63374248 16146.69117774
0.14800001 652999.52978893 18972.90223313
0.14900001 644835.21926697 21763.18967707
0.15000001 636715.77582418 17305.93560345
0.15100001 628642.29697800 20066.26306636
0.15200001 620615.07811783 18516.05172936
0.15300001 612635.06181722 18397.43177453
0.15400001 604700.83867902 19683.01322786
0.15500001 596816.87203877 23741.37629013
0.15600001 588979.33537714 16644.55680330
0.15700001 581195.90316951 15151.77791075
0.15800001 573458.10215270 16412.37165825
0.15900001 565774.55732119 14936.44901829
0.16000001 558140.15190797 16174.90236579
0.16100001 550561.12367185 20067.95390513
0.16200001 543032.94941035 18588.01873578
0.16300001 535559.47746759 19762.14565148
0.16400001 528139.60263732 15685.74693885
0.16500001 520774.39735262 14264.01141691
0.16600001 513464.61849883 12862.28930066
0.16700001 506209.14002461 14032.11802400
0.16800001 499009.15763295 13914.87101760
0.16900001 491867.87491986 16305.42082350
0.17000001 484782.18608717 14921.59639236
0.17100001 477754.19503710 13558.66469541
0.17200001 470784.20445815 17103.59095565
0.17300001 463871.92261457 20581.99817838
0.17400001 457019.08953996 17995.12750047
0.17500001 450224.60592433 16640.30222084
0.17600001 443487.13816517 11774.58407439
0.17700001 436811.93565946 15161.74300284
0.17800001 430195.01967167 15015.95787087
0.17900001 423638.21503601 16013.52528474
0.18000001 417142.25817995 11325.41284454
0.18100001 410708.03333481 11212.32983967
0.18200001 404331.46159989 12208.78905973
0.18300001 398018.30875046 17576.48934472
0.18400001 391764.85903714 17394.36056297
0.18500001 385573.43979930 15060.49927005
0.18600001 379443.16908181 13836.39581425
0.18700001 373374.02377141 14740.80715492
0.18800001 367366.52230353 14580.77795911
0.18900001 361422.43197492 13390.70173735
0.19000001 355535.94141117 12223.32624325
0.19100001 349716.49260522 14100.56964810
0.19200001 343954.72500368 11948.98771123
0.19300001 338258.07327312 9843.31039737
0.19400001 332622.12254868 11675.03705315
0.19500001 327048.76412124 9615.23411953
0.19600001 321535.86165239 12351.80070908
0.19700001 316086.23170836 12204.08998300
0.19800001 310698.08831555 10201.77221196
0.19900001 305372.75594138 9161.18311120
0.20000001 300107.42977636 10857.88732246
0.20100001 294905.45862200 15190.58089156
0.20200001 289763.98554941 12352.63928780
0.20300001 284684.65449621 11324.75609112
0.20400001 279666.80403196 9459.73009350
0.20500001 274709.49226335 11035.08082581
0.20600001 269814.08954165 10053.27345152
0.20700001 264979.19235627 10747.55655000
0.20800001 260205.27434160 13051.89717794
0.20900001 255494.08988871 8852.87063313
0.21000001 250840.67746247 7939.10781699
0.21100001 246248.07881050 7830.68927636
0.21200001 241715.25361323 7722.80271803
0.21300001 237242.46014513 7615.48333068
0.21400001 232829.84433744 10512.26796882
0.21500001 228477.33476194 9623.46579515
0.21600001 224182.67147712 7297.14630158
0.21700001 219947.49736338 8630.74020460
0.21800001 215770.75090149 9923.29730314
0.21900001 211651.33187253 9778.29199484
0.22000001 207589.77645046 11010.56226354
0.22100001 203588.08457944 7457.43189076
0.22200001 199642.84183276 8013.66405009
0.22300001 195754.40219386 7235.08304720
0.22400001 191921.31206096 6477.34458835
0.22500001 188147.93612931 8291.67993731
0.22600001 184428.14443198 8791.69006082
0.22700001 180765.86941747 8655.07023700
0.22800001 177157.94698969 7302.45092025
0.22900001 173604.84432989 5989.36741262
0.23000001 170106.60528543 7073.03298226
0.23100001 166664.25857733 6959.89976734
0.23200001 163273.79729127 7988.98727929
0.23300001 159938.05878113 6175.20874159
0.23400001 156655.68041368 7730.95819405
0.23500001 153424.73746192 9233.10113715
0.23600001 150247.16589680 8546.05920041
0.23700001 147121.56244464 5252.24002769
0.23800001 144047.08518812 8778.95002202
0.23900001 141024.25931782 7615.31036336
0.24000001 138051.67943979 5988.68213736
0.24100001 135130.89279659 6867.35229676
0.24200001 132259.03670548 6267.09475074
0.24300001 129437.02168024 5684.87426111
0.24400001 126663.27998849 4654.87575977
0.24500001 123938.65917546 7317.33878386
0.24600001 121262.43130351 5840.60528002
0.24700001 118634.35100582 6178.47729266
0.24800001 116052.55810564 5634.93222539
0.24900001 113517.68206578 4682.60460674
0.25000001 111029.95379319 4180.27795808
0.25100001 108587.13555525 4515.05330999
0.25200001 106191.12546989 4835.94408269
0.25300001 103840.32515814 5143.21154841
0.25400001 101532.92587591 4271.99805834
0.25500001 99270.21069350  4955.56915228
0.25600001 97051.31697857  4489.59413584
0.25700001 94875.45730490  3671.68037142
0.25800001 92742.18852847  3603.03419481
0.25900001 90651.75667581  5656.66988421
0.26000001 88603.61471211  3468.83168011
0.26100001 86594.70702980  4083.80657676
0.26200001 84629.01109367  5007.92196843
0.26300001 82702.33731299  3602.51398382
0.26400001 80815.89331100  3212.43191112
0.26500001 78969.64095312  4096.15547006
0.26600001 77161.20293563  4017.39822095
0.26700001 75392.87887269  3333.87326151
0.26800001 73662.17125623  2972.26875084
0.26900001 71968.48783432  3206.19628474
0.27000001 70312.95707318  3429.86620834
0.27100001 68693.61929409  3363.23975980
0.27200001 67111.11450321  4397.12043034
0.27300001 65563.81640319  2964.14027986
0.27400001 64050.93780331  2642.10130942
0.27500001 62574.90052722  2849.66110487
0.27600001 61131.29559647  2540.00545224
0.27700001 59723.67161082  4233.81128086
0.27800001 58348.14911694  3174.43120294
0.27900001 57006.58079616  2873.13180811
0.28000001 55696.85123378  2817.14686874
0.28100001 54419.50803713  2762.33435870
0.28200001 53174.17366515  3385.86566838
0.28300001 51959.93520927  2877.54134808
0.28400001 50776.93280546  2387.78537819
0.28500001 49624.23271776  2341.76765279
0.28600001 48500.87708225  2296.75914294
0.28700001 47407.51265347  2457.60557228
0.28800001 46342.41778594  2209.83829672
0.28900001 45307.38138033  2167.95830167
0.29000001 44299.49813272  1933.67318502
0.29100001 43320.57250618  2276.92939870
0.29200001 42368.05664472  2420.69903098
0.29300001 41442.65308433  2010.38319628
0.29400001 40543.62511299  1973.46104579
0.29500001 39671.92876569  2466.00720881
0.29600001 38824.40957609  1902.59028134
0.29700001 38002.36456593  2548.05866477
0.29800001 37205.53554385  1668.66834813
0.29900001 36433.27694381  1803.44729409
0.30000001 35684.81558079  1611.16949974
0.30100001 34960.75107925  1742.09430875
0.30200001 34258.76933835  1868.47336817
0.30300001 33580.25980093  2296.88987912
0.30400001 32924.92467307  1656.94691262
0.30500001 32290.42273788  1778.55656860
0.30600001 31678.08645525  1750.53114039
0.30700001 31087.43069607  1579.86330277
0.30800001 30517.39425732  1555.92941987
0.30900001 29967.89135923  1950.90981985
0.31000001 29439.46974466  1785.35672719
0.31100001 28929.03722321  1489.26690676
0.31200001 28439.56673943  1335.23772163
0.31300001 27968.18810142  1712.49223853
0.31400001 27516.99982901  1560.21396418
0.31500001 27083.72002697  1925.65258509
0.31600002 26667.85268312  1521.66774615
0.31700002 26269.75067028  1754.29403282
0.31800002 25889.31519577  1486.56454893
0.31900002 25526.00145067  1715.34737871
0.32000002 25178.92717970  1333.60194122
0.32100002 24848.76484327  1560.25401839
0.32200002 24534.78327953  1545.32339803
0.32300002 24235.66677194  1531.20949916
0.32400002 23952.28379049  1284.44127908
0.32500002 23683.48032638  1505.55891564
0.32600002 23430.08438727  1494.01940170
0.32700002 23190.54419945  1825.55972583
0.32800002 22966.03730656  1473.38619317
0.32900002 22753.99298639  1464.21951801
0.33000002 22556.93202971  1343.94207397
0.33100002 22370.98001888  1336.88982924
0.33200002 22200.17816547  1219.78884706
0.33300002 22040.68025054  1435.50957270
0.33400002 21894.34387588  1210.20991505
0.33500002 21759.32883667  1316.00427036
0.33600002 21636.21300804  1421.82380516
0.33700002 21523.66834193  1200.37504028
0.33800002 21423.83432553  1198.34222975
0.33900002 21333.41199368  1305.60487584
0.34000002 21254.71618219  1413.33241947
0.34100002 21185.87696807  1195.51909393
0.34200002 21128.04597986  1413.14942229
0.34300002 21078.84597089  1305.20220433
0.34400002 21039.96729450  1306.58203087
0.34500002 21009.98420754  1526.58552482
0.34600002 20990.38049805  1638.82403500
0.34700002 20977.47057628  1314.02881913
0.34800002 20974.76240676  1866.64906880
0.34900002 20980.01850476  1542.03143313
0.35000002 20993.35469744  1215.83019489
0.35100002 21014.78376183  1442.45482573
0.35200002 21043.22102009  1559.93404810
0.35300002 21079.26620094  1455.10181477
0.35400002 21123.05572493  1349.76332475
0.35500002 21173.58364414  2374.40578231
0.35600002 21230.20732964  1136.87765635
0.35700002 21293.81246229  1486.52111840
0.35800002 21364.16730988  1380.55255695
0.35900002 21440.26670797  1157.77445707
0.36000002 21523.05961353  1398.56847993
0.36100002 21610.48521074  1760.17410379
0.36200002 21704.87127559  1300.01332663
0.36300002 21802.59668758  1428.50620263
0.36400002 21906.53606347  1439.25948754
0.36500002 22014.89376231  1450.34126976
0.36600002 22128.50975371  1339.99197161
0.36700002 22246.25380222  1350.79259486
0.36800002 22369.84391994  1485.80510354
0.36900002 22496.72180019  1373.42493096
0.37000002 22626.55524140  1636.91821648
0.37100002 22761.01998834  1524.07797061
0.37200002 22899.35344852  2049.95021782
0.37300002 23040.68661985  1551.09909672
0.37400002 23186.40362443  1434.65879222
0.37500002 23334.32676634  1710.87291955
0.37600002 23486.23343619  1726.59053285
0.37700002 23639.79025282  1742.48902208
0.37800002 23797.20042716  1488.15799921
0.37900002 23956.69965104  1502.08513928
0.38000002 24118.83580110  1378.39153133
0.38100002 24282.73575001  1530.54090683
0.38200002 24449.14478134  1545.06377765
0.38300002 24617.11681505  1701.53519486
0.38400002 24787.68390152  1860.93545707
0.38500002 24958.75621951  1589.62325893
0.38600002 25132.92361099  1750.75954168
0.38700002 25307.32988235  1914.75266961
0.38800002 25483.06997941  2379.09952599
0.38900002 25660.16467667  1801.34364564
0.39000002 25838.94888416  2273.18163578
0.39100002 26017.89779327  1529.85246272
0.39200002 26198.03026605  1544.37395735
0.39300002 26378.76459038  1558.98506115
0.39400002 26560.75140046  2045.84197355
0.39500002 26742.36665990  2382.74498229
0.39600002 26924.49824362  1924.02473565
0.39700002 27106.35700089  1618.24958962
0.39800002 27289.44846787  1796.60092500
0.39900002 27471.76426673  2142.79771433
0.40000002 27654.19943397  1996.08020972
0.40100002 27836.00347515  2349.91552471
0.40200002 28018.92282161  1863.11836130
0.40300002 28200.33655837  2734.30476225
0.40400002 28381.29205073  2068.99628853
0.40500002 28561.94424476  1913.36473561
0.40600002 28742.10318164  3333.94041652
0.40700002 28921.50468047  2123.99540437
0.40800002 29100.40561003  1963.84096564
0.40900002 29277.36550976  2340.72548341
0.41000002 29454.42535282  1815.86540904
0.41100002 29630.00215516  2197.36106394
0.41200002 29804.05987078  2030.99775613
0.41300002 29977.24301554  2420.06294331
0.41400002 30149.16592979  2064.46423486
0.41500002 30320.13809877  2459.56971911
0.41600002 30488.41004073  2860.57520762
0.41700002 30656.17800441  2690.99943274
0.41800002 30823.10608826  2130.95554039
0.41900002 30986.48524242  2928.22299416
0.42000002 31148.86676318  2163.75613223
0.42100002 31310.31791307  3369.30347028
0.42200002 31469.64275897  2995.12339151
0.42300002 31626.58940925  3017.17677261
0.42400002 31781.79621392  2431.30752557
0.42500002 31935.37246282  2040.67039707
0.42600002 32085.69114293  2260.59747660
0.42700002 32235.20463954  2069.50023592
0.42800002 32381.92093905  3125.66506676
0.42900002 32527.26207242  2517.61020371
0.43000002 32670.12136427  2323.33579092
0.43100002 32809.43186624  2126.05128568
0.43200002 32947.45887306  2353.93131073
0.43300002 33082.71048542  2584.42146559
0.43400002 33215.89266387  2167.33709902
0.43500002 33346.41280604  2617.02660104
0.43600002 33475.18890704  2852.58835789
0.43700002 33600.45646158  3090.57013180
0.43800002 33722.64036603  2442.69957067
0.43900002 33843.41299964  2680.39843659
0.44000002 33960.64434378  2695.79607576
0.44100002 34075.98927719  2711.08583537
0.44200002 34188.40199747  2953.36524651
0.44300002 34298.35857287  3426.40618381
0.44400002 34405.04404005  2755.84415821
0.44500002 34508.17106194  3232.03545483
0.44600002 34609.35036115  3016.72416720
0.44700002 34707.82796111  2798.83937942
0.44800002 34802.73063959  2343.96401966
0.44900002 34895.90074546  2591.02075314
0.45000002 34985.89230842  2840.15487220
0.45100002 35071.77048579  3091.22599712
0.45200002 35155.65628154  2388.82695754
0.45300002 35236.23802349  2639.54671543
0.45400002 35314.34806493  2410.20436966
0.45500002 35389.33400046  2662.69361639
0.45600002 35460.91169232  2917.01473406
0.45700002 35529.74929808  2929.07267095
0.45800002 35594.91113868  2940.85169766
0.45900002 35657.32573970  2952.42671117
0.46000002 35717.65001481  2963.85073870
0.46100002 35773.67913012  2479.11608121
0.46200002 35827.37662206  2737.03256676
0.46300002 35877.50295972  2746.78175678
0.46400002 35924.25154800  3006.85999708
0.46500002 35968.80924420  2765.64187387
0.46600002 36009.64696577  2774.72347846
0.46700002 36047.34426549  2783.57605611
0.46800002 36082.59390259  3046.09272163
0.46900002 36114.03926641  3564.45584454
0.47000002 36142.25170734  3064.14024498
0.47100002 36167.78587263  3072.81523338
0.47200002 36189.95928265  3851.51659921
0.47300002 36209.45836849  3604.28965683
0.47400002 36224.83830157  3355.32580672
0.47500002 36238.08504415  2846.13933427
0.47600002 36248.49925004  3112.29629312
0.47700002 36254.97817810  2859.43026444
0.47800002 36258.38458849  3647.23107863
0.47900002 36259.45995368  3132.81748849
0.48000002 36256.57460238  4185.45917048
0.48100002 36252.11140278  2621.02777865
0.48200002 36242.54253561  3413.50403051
0.48300002 36230.52022646  3156.40307174
0.48400002 36215.83548176  2634.70215618
0.48500002 36198.04474844  2638.83758724
0.48600002 36177.89767377  3964.19332551
0.48700002 36154.16620019  2911.13360043
0.48800002 36126.68322283  3444.86004200
0.48900002 36097.26310368  3449.09365304
0.49000002 36064.42515669  3187.37404643
0.49100002 36029.11163846  4254.31770393
0.49200002 35990.17564580  2927.62097668
0.49300002 35948.58784416  3196.54858262
0.49400002 35904.22291759  3732.24414920
0.49500002 35856.39994770  3468.03116733
0.49600002 35806.89973731  2936.34495215
0.49700002 35753.53118713  4807.42003130
0.49800002 35697.63148477  3206.36141195
0.49900002 35639.01592514  3742.09684952
0.50000002 35577.29835250  3475.72432731
