# SAXS profile: number of points = 501, q_min = 0, q_max = 0.5, delta_q = 0.001
#    q    intensity    error
0.00000000 1682732.95097188 252.40994265
0.00100000 1682663.96884714 605.75904317
0.00200000 1682456.96020535 984.23735289
0.00300000 1682112.10603588 1211.12075949
0.00400000 1681629.25656611 1387.34418938
0.00500000 1681008.91011662 1966.78050268
0.00600000 1680250.71976692 2117.11599310
0.00700000 1679355.42703777 2216.74925582
0.00800000 1678322.43528031 2492.30892162
0.00900000 1677153.14462188 3018.87578937
0.01000000 1675846.60737652 3041.66172373
0.01100000 1674404.19360521 3315.32044769
0.01200000 1672825.29525813 3588.21041565
0.01300000 1671111.28375802 4211.20062080
0.01400000 1669261.45012157 4131.42227220
0.01500000 1667277.58925971 4401.61303164
0.01600000 1665158.51523578 6793.84704587
0.01700000 1662906.34651581 5387.81680440
0.01800000 1660520.63202109 6625.47761989
0.01900000 1658002.11819948 4974.00657904
0.02000000 1655351.50737624 5735.79323252
0.02100000 1652570.28258758 7089.52683373
0.02200000 1649656.79070252 9106.10589839
0.02300000 1646613.88017935 8891.71535771
0.02400000 1643441.30676192 9244.35777206
0.02500000 1640140.61931041 7675.85844893
0.02600000 1636711.81712925 7954.41979507
0.02700000 1633156.05695443 8231.10690404
0.02800000 1629473.16379766 7797.02944634
0.02900000 1625665.60514012 9510.14422672
0.03000000 1621733.92329918 8295.16939897
0.03100000 1617678.12377378 10870.79749196
0.03200000 1613499.43117888 11980.23382829
0.03300000 1609200.46496324 9027.61502462
0.03400000 1604779.38509553 9267.60137654
0.03500000 1600239.24367275 8641.29231487
0.03600000 1595580.19282531 12397.65867119
0.03700000 1590803.67483450 9974.33950250
0.03800000 1585911.19181315 10205.33899162
0.03900000 1580904.02123259 9485.42456667
0.04000000 1575780.95099207 12598.36928698
0.04100000 1570546.17925440 12862.77380450
0.04200000 1565199.78200349 15143.30859343
0.04300000 1559741.72905499 12353.15506752
0.04400000 1554176.09116766 12588.82692311
0.04500000 1548502.04852078 16026.99694688
0.04600000 1542720.30541284 13051.41439051
0.04700000 1536833.85708476 13278.24514276
0.04800000 1530842.98506293 13502.03575648
0.04900000 1524750.46197774 13722.75479656
0.05000000 1518555.67184551 12778.64657363
0.05100000 1512261.91420205 14154.77217632
0.05200000 1505867.68856531 15563.14328658
0.05300000 1499378.14837334 15788.45263840
0.05400000 1492791.75279355 13547.08578835
0.05500000 1486112.52032606 12483.34575308
0.05600000 1479338.86099250 13913.18263688
0.05700000 1472475.72504348 15372.64728703
0.05800000 1465521.83469341 14266.85572689
0.05900000 1458479.09022741 22314.73112271
0.06000000 1451350.32502526 18591.79853216
0.06100000 1444137.22556098 13430.47682534
0.06200000 1436839.93039343 17651.57936998
0.06300000 1429461.69215707 23328.81590675
0.06400000 1422000.80503450 16637.41019698
0.06500000 1414463.18438253 19604.46065260
0.06600000 1406847.07866953 14138.81380216
0.06700000 1399155.38531469 17125.66271772
0.06800000 1391390.92705684 15840.98644604
0.06900000 1383554.40570415 23243.71510408
0.07000000 1375645.44883744 19045.81213104
0.07100000 1367669.10864131 16247.90977167
0.07200000 1359623.76485374 17865.45710712
0.07300000 1351514.97506338 28503.45215963
0.07400000 1343341.34112950 18135.10895513
0.07500000 1335105.57514337 24352.32683207
0.07600000 1326807.73035925 21454.48200571
0.07700000 1318453.51724528 18511.08825008
0.07800000 1310040.71225252 21733.57643549
0.07900000 1301571.74931809 17180.74789684
0.08000000 1293050.80059048 18852.68155701
0.08100000 1284477.21567583 18958.88459289
0.08200000 1275852.59482587 22238.11177134
0.08300000 1267179.89211305 17563.11412896
0.08400000 1258459.56966753 22463.50437297
0.08500000 1249695.40030295 17733.17856279
0.08600000 1240887.11516976 16193.57761328
0.08700000 1232037.52869324 19515.47537090
0.08800000 1223146.09965282 17961.90131696
0.08900000 1214218.50618007 16391.95060336
0.09000000 1205253.31662269 18096.87939920
0.09100000 1196253.55632655 24762.44977933
0.09200000 1187220.02242846 19874.06410927
0.09300000 1178156.01726532 16612.00062407
0.09400000 1169060.26540912 23322.75339102
0.09500000 1159936.65052947 20043.70626326
0.09600000 1150786.49049884 18418.33864624
0.09700000 1141612.81805276 18459.88013576
0.09800000 1132416.26933886 18498.02062938
0.09900000 1123198.56922683 21902.37312983
0.10000000 1113959.85442728 18564.14184705
0.10100000 1104702.71504652 16901.95233514
0.10200000 1095429.50136094 18616.82525130
0.10300000 1086141.10094614 22026.94256335
0.10400000 1076840.04271698 22048.30091189
0.10500000 1067529.00033267 18671.08309428
0.10600001 1058204.54835882 23777.85732046
0.10700001 1048874.10417442 20390.11354466
0.10800001 1039535.37189399 20395.68495642
0.10900001 1030192.08745399 20397.80429163
0.11000001 1020844.62769546 20396.47662141
0.11100001 1011495.23793075 16993.12079716
0.11200001 1002145.90633661 27178.19825932
0.11300001 992795.84951227 23767.53375632
0.11400001 983449.43678853 18660.95394170
0.11500001 974107.07845764 22034.30315226
0.11600001 964769.62007346 16931.70762963
0.11700001 955440.07091815 28749.19308787
0.11800001 946116.62063257 18577.00072107
0.11900001 936804.08558148 21921.21663513
0.12000001 927501.80663209 23567.82201668
0.12100001 918214.09421839 16803.31871577
0.12200001 908938.40789649 18446.90585732
0.12300001 899678.90716342 25101.04269248
0.12400001 890435.27580275 20034.79464955
0.12500001 881209.88262130 19985.84107959
0.12600001 872005.07892018 18272.86728985
0.12700001 862820.57108999 19879.38689476
0.12800001 853656.72167155 16518.25834284
0.12900001 844517.04861210 24702.12483617
0.13000001 835401.69026220 18057.20838614
0.13100001 826311.04163922 24541.43909351
0.13200001 817248.52012485 16304.10874507
0.13300001 808214.59510249 17869.62554014
0.13400001 799208.63843440 17802.37326043
0.13500001 790234.15656632 20957.01082022
0.13600001 781290.22939565 27294.37545089
0.13700001 772379.98290019 17587.09303993
0.13800001 763501.99265895 23878.52594642
0.13900001 754661.23251827 17432.67529327
0.14000001 745855.08312867 20507.28647776
0.14100001 737086.61284352 17269.94015343
0.14200001 728354.88844280 17185.53440337
0.14300001 719664.97296102 23317.14622375
0.14400001 711010.81996968 15464.48606380
0.14500001 702401.52313593 16920.85349054
0.14600001 693831.84245054 18358.79141731
0.14700001 685307.70325478 19777.98124899
0.14800001 676825.26350629 22690.56802956
0.14900001 668387.02480135 24061.93402811
0.15000001 659995.05904677 16443.77767202
0.15100001 651649.47897218 14857.60882162
0.15200001 643352.05157504 19194.40936447
0.15300001 635102.44093857 23473.38732478
0.15400001 626899.60449861 16032.95814166
0.15500001 618748.22187626 17374.45089024
0.15600001 610645.46442156 15818.77150241
0.15700001 602596.91401760 17137.85704351
0.15800001 594595.35681013 17017.31991510
0.15900001 586649.53336230 14079.58946526
0.16000001 578754.30522334 16772.30055707
0.16100001 570916.02251591 13873.26000201
0.16200001 563129.49551355 13768.51681526
0.16300001 555399.18643283 19127.94888374
0.16400001 547723.79760413 16267.39755682
0.16500001 540104.85078918 18828.05598741
0.16600001 532541.90124712 13340.17525607
0.16700001 525035.93785480 13230.90625863
0.16800001 517586.06577587 13120.80738694
0.16900001 510197.04483789 13010.02525767
0.17000001 502865.12205778 16768.03828680
0.17100001 495592.06240326 17900.78613930
0.17200001 488378.71425107 17742.79952661
0.17300001 481225.02701399 12559.97379820
0.17400001 474132.08872512 13690.56470849
0.17500001 467099.03555445 17263.98116943
0.17600001 460125.04887655 14659.58474957
0.17700001 453214.60508576 20571.41189644
0.17800001 446364.82834352 15580.36506922
0.17900001 439576.29871484 16615.98487625
0.18000001 432850.65018737 11751.89570769
0.18100001 426188.07009498 16288.90880846
0.18200001 419585.22152912 14972.89933755
0.18300001 413047.75404418 14820.15411520
0.18400001 406571.45299574 14667.06585970
0.18500001 400159.31632924 12280.88999832
0.18600001 393810.06934801 11046.37296708
0.18700001 387523.79283829 13113.80576921
0.18800001 381300.53047932 14052.83171476
0.18900001 375142.96559473 11760.73252706
0.19000001 369045.08994007 16917.02772216
0.19100001 363015.64762103 11500.33626003
0.19200001 357047.01320933 10336.51152082
0.19300001 351144.07249396 10218.29299242
0.19400001 345304.12815818 13130.19009367
0.19500001 339528.54207168 11978.56753034
0.19600001 333815.94125468 11837.11383627
0.19700001 328167.92855036 10721.24673240
0.19800001 322583.83197465 9629.12783950
0.19900001 317064.30567841 10463.12258187
0.20000001 311606.52883436 10334.43101721
0.20100001 306214.44038347 12061.78737677
0.20200001 300884.75456984 14659.10593548
0.20300001 295619.24561503 17187.30375241
0.20400001 290417.28800513 10716.39843391
0.20500001 285277.68844036 13222.62148420
0.20600001 280201.91472585 8700.26986348
0.20700001 275188.96622606 9444.48576731
0.20800001 270238.53841526 10166.37429575
0.20900001 265353.22044660 9194.48952311
0.21000001 260527.80436813 8245.70539805
0.21100001 255764.93082871 9759.99022181
0.21200001 251064.22572272 8823.65263016
0.21300001 246425.16422244 8701.27296005
0.21400001 241848.76861125 7799.62315645
0.21500001 237334.21554273 9996.51763127
0.21600001 232879.07088604 12128.34258516
0.21700001 228485.88062645 12701.53070455
0.21800001 224153.07357844 10308.80034128
0.21900001 219879.60589368 12335.24647387
0.22000001 215666.05986217 10009.06231146
0.22100001 211514.59745507 11269.49828527
0.22200001 207421.35043058 10407.36674996
0.22300001 203387.23233325 11617.47926021
0.22400001 199409.96350911 8749.11256268
0.22500001 195494.39305158 6627.26023783
0.22600001 191635.15475084 8482.73052618
0.22700001 187834.57996941 6423.94293874
0.22800001 184090.72369134 8220.57165519
0.22900001 180403.48674334 8091.09676307
0.23000001 176773.31420057 6737.71518939
0.23100001 173200.80697458 10849.29906198
0.23200001 169682.37088676 8895.59871444
0.23300001 166220.63587621 8168.08243326
0.23400001 162813.97697115 8608.78943951
0.23500001 159460.74619795 6773.89281887
0.23600001 156162.84365426 6106.74828993
0.23700001 152918.66223877 6551.03580016
0.23800001 149727.98506544 6441.29822218
0.23900001 146590.46620711 6332.70843968
0.24000001 143505.36810806 6744.03509323
0.24100001 140473.54884024 6628.94708333
0.24200001 137492.91400638 8018.58712415
0.24300001 134563.77492214 5417.53783463
0.24400001 131684.85151897 6291.24407892
0.24500001 128856.89293342 6181.26544642
0.24600001 126078.86775143 5138.34449828
0.24700001 123351.38261616 6424.14031055
0.24800001 120671.79988776 6760.63790853
0.24900001 118040.88810915 6197.14691890
0.25000001 115458.66936465 5216.42292867
0.25100001 112923.53874599 4695.36096319
0.25200001 110436.77637979 5029.29103427
0.25300001 107996.84824387 4114.68011276
0.25400001 105602.51895733 4039.29654122
0.25500001 103254.07584733 4361.45237014
0.25600001 100951.57921946 4280.85191934
0.25700001 98693.75957984  3819.44867645
0.25800001 96480.04912446  4872.72511158
0.25900001 94310.91221089  4781.56347533
0.26000001 92185.59102921  3969.97266551
0.26100001 90101.17718185  3540.97643079
0.26200001 88061.93235603  3474.04339583
0.26300001 86063.30314469  3748.91766237
0.26400001 84106.06985205  3343.21643481
0.26500001 82190.80163728  4591.17839671
0.26600001 80315.25113370  4503.27634416
0.26700001 78480.86045374  3470.42381349
0.26800001 76686.00950049  4331.99288168
0.26900001 74929.69973792  3338.11828129
0.27000001 73212.63962910  3571.31273011
0.27100001 71533.82272067  3502.29612614
0.27200001 69892.98605984  3148.32970606
0.27300001 68288.91978323  3929.34463028
0.27400001 66720.64939944  3577.89499337
0.27500001 65190.76059932  2698.89761654
0.27600001 63694.87109609  2646.52201929
0.27700001 62235.89648111  3114.28440730
0.27800001 60810.89176765  2544.93594092
0.27900001 59420.71211549  3993.07204314
0.28000001 58064.26676635  2692.14985604
0.28100001 56741.16589295  3600.22714630
0.28200001 55451.52897538  2824.70101970
0.28300001 54194.41951885  3001.28709501
0.28400001 52969.47649876  2490.88975025
0.28500001 51776.58382437  2887.58021656
0.28600001 50613.80661104  2396.81692551
0.28700001 49482.50964847  2351.40896979
0.28800001 48380.79898449  3355.69237640
0.28900001 47310.53098547  2263.80901481
0.29000001 46268.05369413  2221.56070328
0.29100001 45255.84170767  2180.42655669
0.29200001 44271.53323634  3113.17436454
0.29300001 43315.25717364  1910.20293178
0.29400001 42386.37910456  2438.27657341
0.29500001 41485.80302664  2210.36368989
0.29600001 40610.99115838  1990.14171592
0.29700001 39762.29464277  2132.84958560
0.29800001 38940.10446511  2445.04927511
0.29900001 38143.30742792  1888.09380706
0.30000001 37371.35240905  1856.04830526
0.30100001 36625.09062360  2156.85168893
0.30200001 35901.74759717  2284.42830775
0.30300001 35202.66861756  1605.24176495
0.30400001 34527.85919516  1737.61459626
0.30500001 33874.70866581  2798.72856247
0.30600001 33244.65131685  1530.91626562
0.30700001 32637.25041772  1507.84104068
0.30800001 32051.34145093  2228.36961988
0.30900001 31486.85914260  1464.13901945
0.31000001 30944.13050598  1587.89813209
0.31100001 30420.47745815  1566.04625369
0.31200001 29918.23416728  2106.99174099
0.31300001 29435.34510011  1525.04530184
0.31400001 28973.36280005  2053.48718568
0.31500001 28529.41561732  1893.21211000
0.31600002 28104.54131286  2138.19360432
0.31700002 27697.68086578  1453.29738384
0.31800002 27309.13839343  1306.74233400
0.31900002 26938.54589630  1551.66031710
0.32000002 26585.05247602  2048.11253973
0.32100002 26248.97594682  1521.39071792
0.32200002 25929.59343352  1633.17551974
0.32300002 25625.83838873  1494.49896560
0.32400002 25338.43687068  1729.34839831
0.32500002 25066.15445560  1593.45551420
0.32600002 24809.78090144  1216.91981084
0.32700002 24568.08953929  1208.75006257
0.32800002 24341.91263928  1922.03751301
0.32900002 24128.71547817  1552.68291455
0.33000002 23931.20985611  1544.64001331
0.33100002 23744.90686300  1300.74605955
0.33200002 23574.51688298  1413.05660888
0.33300002 23415.87650321  1290.44901520
0.33400002 23270.81542418  1637.10194262
0.33500002 23137.58630835  1515.97472671
0.33600002 23016.58125314  1163.48823744
0.33700002 22906.77012548  1509.78529047
0.33800002 22809.90334161  1855.81382376
0.33900002 22723.13627543  1854.20800789
0.34000002 22648.04195260  1158.44740074
0.34100002 22583.48710664  1621.94612081
0.34200002 22530.31619129  1622.85875212
0.34300002 22485.86261181  1624.37879201
0.34400002 22452.39871439  1859.05870160
0.34500002 22427.84259575  1280.40559443
0.34600002 22414.13242735  1633.31790734
0.34700002 22407.33842182  1169.66312102
0.34800002 22411.07146863  1877.15143512
0.34900002 22422.89858993  1177.20223173
0.35000002 22443.26761150  1181.63809571
0.35100002 22471.80146587  1305.16229095
0.35200002 22507.44561834  1430.12316232
0.35300002 22551.24791605  1197.47132106
0.35400002 22602.76362878  1805.39583036
0.35500002 22661.07179159  1452.12154918
0.35600002 22726.04245221  1338.67759405
0.35700002 22797.86271198  1591.51887131
0.35800002 22876.77761677  1724.68034622
0.35900002 22961.40515569  1487.89912456
0.36000002 23052.82542100  1248.31055567
0.36100002 23149.30923243  1634.10981612
0.36200002 23252.48664200  2025.75673220
0.36300002 23359.47067153  1402.96987499
0.36400002 23472.46544211  1413.62929821
0.36500002 23589.99100181  1424.59962408
0.36600002 23712.95214316  1435.93788505
0.36700002 23840.06369283  1447.56873600
0.36800002 23973.03579350  1592.28911283
0.36900002 24109.18716754  1739.47793654
0.37000002 24248.53472446  1484.37412347
0.37100002 24392.32696292  1633.31029081
0.37200002 24540.18596464  1510.32581674
0.37300002 24690.94126390  1662.19424462
0.37400002 24846.16658286  2375.91479203
0.37500002 25003.37824029  1692.22871947
0.37600002 25164.63828940  1707.67243521
0.37700002 25327.53899691  1579.67868207
0.37800002 25494.03032240  1884.13640023
0.37900002 25662.79667983  1609.05742805
0.38000002 25834.15555916  1771.70647218
0.38100002 26007.07171919  1639.22580812
0.38200002 26182.41654464  1504.17990175
0.38300002 26359.39422509  1821.96141515
0.38400002 26538.72617116  1532.61150899
0.38500002 26718.72088507  1701.71541379
0.38600002 26901.20488376  2186.26102448
0.38700002 27084.00880209  2364.43408044
0.38800002 27268.04096616  1750.19929233
0.38900002 27453.32912175  2569.63172753
0.39000002 27640.20631312  2431.64726560
0.39100002 27826.93220752  1799.84606045
0.39200002 28015.05252531  2807.52862183
0.39300002 28203.06792794  2000.16167221
0.39400002 28392.52720415  2018.70877986
0.39500002 28581.18607005  2376.81154619
0.39600002 28770.33752606  2227.25578510
0.39700002 28959.05245592  2939.05437300
0.39800002 29148.99268685  2965.76440144
0.39900002 29337.73885334  1760.26441460
0.40000002 29526.08671017  2308.79245969
0.40100002 29714.14646709  1970.93942854
0.40200002 29902.82574239  1988.38849195
0.40300002 30089.73061112  2370.46908986
0.40400002 30276.16834528  2391.06050836
0.40500002 30461.91359017  2411.66981320
0.40600002 30647.06073038  2806.50471936
0.40700002 30830.99068349  2075.54239115
0.40800002 31014.08182934  3234.61381765
0.40900002 31195.35963083  2685.92059148
0.41000002 31376.30875004  1934.34952609
0.41100002 31555.61427815  2145.15076027
0.41200002 31732.89606006  2752.19420569
0.41300002 31909.28850872  2377.88029234
0.41400002 32083.86827475  3195.55343158
0.41500002 32257.43861089  2012.86426470
0.41600002 32428.08952955  2434.05251542
0.41700002 32597.82844681  2861.43751665
0.41800002 32766.50596931  2265.31249753
0.41900002 32931.36459301  2282.14367443
0.42000002 33095.01647389  2507.94046723
0.42100002 33257.27015926  2526.22236100
0.42200002 33417.13411812  2968.44416437
0.42300002 33574.42737796  2562.40041891
0.42400002 33729.54513670  2150.25860436
0.42500002 33882.87270917  2165.11566871
0.42600002 34032.44075045  2397.75572669
0.42700002 34181.00360657  3291.63080329
0.42800002 34326.66506004  2429.81310142
0.42900002 34470.26948832  2223.33248735
0.43000002 34611.40011549  2461.38983585
0.43100002 34748.65612892  2702.05562863
0.43200002 34884.05829335  2718.86363222
0.43300002 35016.60852016  3191.41385176
0.43400002 35146.75406812  2522.65839278
0.43500002 35273.66491881  2768.27735401
0.43600002 35398.85380238  3480.59246506
0.43700002 35520.15468277  2567.04170057
0.43800002 35637.90493814  3050.78299680
0.43900002 35754.00876265  3775.62350426
0.44000002 35866.29656364  2609.81119313
0.44100002 35976.35367130  3816.37177831
0.44200002 36083.16242260  2397.72625661
0.44300002 36187.19597160  3615.10104888
0.44400002 36287.57446064  2664.41528104
0.44500002 36384.12515051  3164.32751430
0.44600002 36478.53521154  2935.06308222
0.44700002 36569.95616273  2703.25128766
0.44800002 36657.07896277  4443.93789326
0.44900002 36742.53216927  2976.14524676
0.45000002 36824.46035940  2989.40983365
0.45100002 36901.96269726  2501.95318945
0.45200002 36977.13289960  3266.37518949
0.45300002 37048.46863280  2775.30091681
0.45400002 37117.23553464  3293.22687889
0.45500002 37182.54284493  3306.27186647
0.45600002 37244.35991473  2553.10099316
0.45700002 37302.82523252  3075.24505792
0.45800002 37357.35831359  3600.87593851
0.45900002 37408.98584170  3355.58618904
0.46000002 37457.97594861  2590.21915961
0.46100002 37502.39790732  2858.80792797
0.46200002 37544.31016078  3911.17869637
0.46300002 37582.62092316  3923.62581034
0.46400002 37617.01822595  3410.92328930
0.46500002 37649.08712886  2894.83844654
0.46600002 37676.81835606  2903.18737602
0.46700002 37701.33391828  4499.27740306
0.46800002 37723.16875118  2919.20755217
0.46900002 37740.91340515  3458.95487752
0.47000002 37754.91552514  3200.86188993
0.47100002 37766.14327040  3743.38029839
0.47200002 37773.75752717  3216.05786829
0.47300002 37778.76594286  2954.67742443
0.47400002 37778.78864922  2960.91270072
0.47500002 37776.82981527  4585.35182031
0.47600002 37771.74452120  3513.33898316
0.47700002 37762.09215649  2978.29634955
0.47800002 37749.44518053  4339.67642365
0.47900002 37734.19455290  4346.97941853
0.48000002 37714.74969311  4353.79091094
0.48100002 37693.41166103  3270.28055072
0.48200002 37666.74193477  3820.53781553
0.48300002 37637.42862851  3825.46842713
0.48400002 37605.16533261  3556.50867991
0.48500002 37569.79253140  3012.72180589
0.48600002 37531.60675064  3564.18920402
0.48700002 37489.73440555  3018.67355742
0.48800002 37443.88720640  3845.11295948
0.48900002 37395.85321930  2748.59534190
0.49000002 37344.23385110  3575.52383956
0.49100002 37290.05135160  2752.00592020
0.49200002 37231.94196705  3854.62313456
0.49300002 37171.00830998  3029.80903096
0.49400002 37107.21344996  3581.77394804
0.49500002 37039.53044733  3306.88943509
0.49600002 36970.07039441  4134.17831782
0.49700002 36896.72489322  3031.80402819
0.49800002 36820.64168921  2756.02516108
0.49900002 36741.63253931  3857.87159950
0.50000002 36659.46192463  2754.95869423
