# SAXS profile: number of points = 501, q_min = 0, q_max = 0.5, delta_q = 0.001
#    q    intensity    error
0.00000000 1646666.22097351 296.39991978
0.00100000 1646598.29762152 642.17335132
0.00200000 1646394.46526623 740.87753283
0.00300000 1646054.91655429 1185.15958214
0.00400000 1645579.49635380 1357.60313608
0.00500000 1644968.65985490 1924.61340821
0.00600000 1644222.14954639 2071.71999277
0.00700000 1643340.61394186 2366.41058242
0.00800000 1642323.51595809 2438.85052417
0.00900000 1641172.17980713 2707.93421244
0.01000000 1639885.78866759 3246.97400176
0.01100000 1638465.56581489 3539.08577625
0.01200000 1636910.97493798 4787.96481162
0.01300000 1635223.41990708 3433.96933326
0.01400000 1633402.11274795 4042.67040827
0.01500000 1631448.82807627 6264.76377878
0.01600000 1629362.45754279 6232.31167871
0.01700000 1627145.04944026 5711.27937974
0.01800000 1624796.28346186 5093.73657786
0.01900000 1622316.74443113 5353.64549819
0.02000000 1619707.10956023 5612.28538850
0.02100000 1616968.98853172 5335.99790408
0.02200000 1614100.63178080 6125.51217590
0.02300000 1611104.95888168 6959.97373918
0.02400000 1607981.73153076 7235.91812183
0.02500000 1604732.20472299 6884.30147267
0.02600000 1601356.82318371 6485.49543053
0.02700000 1597856.38471985 10066.49568479
0.02800000 1594230.82671999 10402.35662140
0.02900000 1590482.80123175 7872.89022757
0.03000000 1586612.54573414 9591.07327982
0.03100000 1582620.23548688 9115.89297586
0.03200000 1578506.92588316 7813.60964300
0.03300000 1574275.35151086 9634.56559540
0.03400000 1569923.62660364 9890.51930396
0.03500000 1565454.97049250 10144.14867723
0.03600000 1560869.18788148 13860.51902893
0.03700000 1556168.00119450 15079.26862895
0.03800000 1551352.80609628 9982.95576924
0.03900000 1546424.83324615 9278.54942917
0.04000000 1541382.91475630 10427.45590152
0.04100000 1536231.03906341 10646.08159433
0.04200000 1530969.48243803 10862.22898183
0.04300000 1525598.42860691 11075.84510580
0.04400000 1520121.40568995 14365.14795092
0.04500000 1514538.08617974 14630.43859230
0.04600000 1508848.69370483 19147.29081321
0.04700000 1503056.62298011 10822.00818877
0.04800000 1497161.79249363 13204.96762420
0.04900000 1491167.16810194 15657.25599388
0.05000000 1485072.07171473 17041.20281647
0.05100000 1478879.84618942 12688.78967140
0.05200000 1472588.88588032 15219.20684481
0.05300000 1466204.63047248 20189.63870280
0.05400000 1459725.03203219 14451.27849104
0.05500000 1453154.44743486 13427.14772066
0.05600000 1446491.10144445 21024.74914060
0.05700000 1439740.13294004 13778.31371539
0.05800000 1432900.02065388 13949.28235239
0.05900000 1425972.85684949 14117.13194216
0.06000000 1418961.24558035 16878.54480472
0.06100000 1411866.74993970 15756.43366565
0.06200000 1404689.95817865 17256.61694286
0.06300000 1397433.93222349 14756.90301424
0.06400000 1390096.60312913 17619.47526867
0.06500000 1382684.58585146 15057.43584428
0.06600000 1375195.35351214 15202.78534439
0.06700000 1367632.08066138 19529.78702582
0.06800000 1359997.43069428 18298.76628654
0.06900000 1352292.50861359 15618.97920575
0.07000000 1344516.82666063 20046.74682427
0.07100000 1336674.89992333 14436.08959533
0.07200000 1328765.86341794 21824.98032907
0.07300000 1320794.35557242 21991.22705069
0.07400000 1312759.82745944 17722.25850124
0.07500000 1304664.44410075 16360.49289588
0.07600000 1296508.54834266 20964.54420953
0.07700000 1288297.44646184 24116.92932857
0.07800000 1280029.39091384 22752.52349050
0.07900000 1271706.47581180 19838.62195317
0.08000000 1263332.54456699 15349.49113655
0.08100000 1254907.74868188 16978.90263629
0.08200000 1246433.12865591 17069.90249795
0.08300000 1237911.24673228 18717.21892903
0.08400000 1229343.56271582 15674.13116035
0.08500000 1220733.31470934 20471.69864872
0.08600000 1212079.67560209 20562.93266205
0.08700000 1203386.59868647 17473.17423343
0.08800000 1194652.30754389 22328.05267660
0.08900000 1185883.12075922 20812.24974687
0.09000000 1177077.64866055 19280.53279077
0.09100000 1168238.68073771 16121.69455160
0.09200000 1159366.83860340 25877.06905351
0.09300000 1150466.01185783 17843.72868243
0.09400000 1141534.00190212 16266.86029161
0.09500000 1132575.51668305 17939.99702749
0.09600000 1123591.51938047 19617.90885058
0.09700000 1114584.89457124 32768.79744095
0.09800000 1105556.22742393 21342.76397391
0.09900000 1096507.69623849 23026.66270378
0.10000000 1087438.86131975 21417.10938088
0.10100000 1078352.61540316 29697.83242495
0.10200000 1069250.99598749 23127.90013106
0.10300000 1060134.93692895 21499.53753227
0.10400000 1051007.27124886 19864.03836111
0.10500000 1041870.56406588 18222.31702286
0.10600001 1032721.00628174 18232.69022382
0.10700001 1023566.76898714 18239.96068168
0.10800001 1014404.31505008 19902.61359793
0.10900001 1005238.29799190 19903.71923702
0.11000001 996068.70604369 18242.99920988
0.11100001 986897.61710646 21553.84497222
0.11200001 977728.02703821 18229.73992233
0.11300001 968557.84113227 18218.57384944
0.11400001 959391.93021455 24824.26736314
0.11500001 950230.74447861 19840.81887898
0.11600001 941074.81977050 16515.86386473
0.11700001 931927.40001779 19794.13890858
0.11800001 922786.81040871 19766.09440990
0.11900001 913657.32502996 21379.58241271
0.12000001 904538.94730118 18059.12093354
0.12100001 895434.77472219 31134.26858377
0.12200001 886343.96081139 17988.35153212
0.12300001 877269.29176053 19580.65151463
0.12400001 868211.08055000 19534.75023280
0.12500001 859171.27082349 21109.83911884
0.12600001 850152.44822472 16195.40490186
0.12700001 841154.33818919 20995.21327063
0.12800001 832177.15155890 19323.15436988
0.12900001 823224.31807682 16052.87495910
0.13000001 814295.70452467 17601.00248292
0.13100001 805392.37212282 15946.76971972
0.13200001 796517.05893239 17479.56768226
0.13300001 787670.98065498 25331.49993207
0.13400001 778852.68259184 15771.76756605
0.13500001 770066.02401771 17280.28239369
0.13600001 761309.96851544 18773.90470879
0.13700001 752587.53585463 15578.56272677
0.13800001 743897.62883529 20163.34618040
0.13900001 735244.93917735 16984.15889594
0.14000001 726626.68875462 21515.41726870
0.14100001 718046.03668818 16823.81943307
0.14200001 709502.28271178 16740.70715016
0.14300001 700999.96588601 19684.07997053
0.14400001 692533.59149808 19581.38822326
0.14500001 684111.83033717 20974.86970757
0.14600001 675729.41696361 17879.80121632
0.14700001 667392.76221501 17779.34402418
0.14800001 659097.20269071 16203.90549263
0.14900001 650845.82607693 14644.03177765
0.15000001 642640.32740771 16011.38451283
0.15100001 634481.12374903 20252.63842569
0.15200001 626369.51356457 17250.21721755
0.15300001 618305.49353579 17139.42908961
0.15400001 610288.17737316 18445.96103159
0.15500001 602321.82123158 16913.19753837
0.15600001 594403.14981187 16797.83380646
0.15700001 586539.14767066 18071.27199264
0.15800001 578721.45699249 20703.76110110
0.15900001 570958.95289407 15073.31706787
0.16000001 563246.45669896 17683.12334275
0.16100001 555590.33791575 14850.93043351
0.16200001 547985.66467889 13398.25013388
0.16300001 540436.61516831 13294.74136076
0.16400001 532941.97559549 13190.31451870
0.16500001 525503.06838891 17010.53512684
0.16600001 518120.09980684 16872.58184682
0.16700001 510792.68448240 16733.56913371
0.16800001 503521.41096606 14040.69520774
0.16900001 496309.65879701 20249.43503506
0.17000001 489154.55933493 15056.17804728
0.17100001 482057.91147751 13680.80417376
0.17200001 475020.09114782 13559.44914213
0.17300001 468041.01574143 14659.04530529
0.17400001 461122.10426131 15735.79255106
0.17500001 454262.35644635 11992.52677656
0.17600001 447460.70426284 16632.11516297
0.17700001 440722.02952096 14120.73449278
0.17800001 434042.71738949 11654.04751235
0.17900001 427424.21808111 12694.49987662
0.18000001 420867.67398231 12569.21367719
0.18100001 414373.30253488 13574.87003227
0.18200001 407937.76710668 15677.04913046
0.18300001 401566.51597599 13299.88363740
0.18400001 395255.78134763 14258.85298571
0.18500001 389007.85027668 14109.31539609
0.18600001 382822.14000741 15033.42614832
0.18700001 376698.19888901 13809.75662371
0.18800001 370636.69505994 15761.32620209
0.18900001 364639.59917714 11431.45197431
0.19000001 358700.98991179 12332.14061585
0.19100001 352830.27407897 12193.81484833
0.19200001 347018.21751747 14064.64902056
0.19300001 341271.75561936 14896.51283668
0.19400001 335586.91417423 14723.87655515
0.19500001 329965.49242575 16491.67609075
0.19600001 324405.56297323 11503.42180664
0.19700001 318909.53134463 9471.61352854
0.19800001 313475.90183623 15907.33539044
0.19900001 308105.76921898 11091.80821608
0.20000001 302796.46289825 14606.90206055
0.20100001 297551.35432107 11720.54840065
0.20200001 292367.43655932 8902.58886400
0.20300001 287246.66458092 9668.72318678
0.20400001 282188.08127270 13883.65425484
0.20500001 277190.71076889 11991.27071465
0.20600001 272255.98861816 9298.90373079
0.20700001 267382.62358725 10845.03972533
0.20800001 262570.92229993 11524.23832450
0.20900001 257822.70086378 9745.69855334
0.21000001 253133.10611089 8011.66318714
0.21100001 248504.89921954 7902.45616876
0.21200001 243937.29798877 9352.55644703
0.21300001 239430.35283495 9222.85762722
0.21400001 234984.37604828 8336.07113441
0.21500001 230599.22005485 10459.98111621
0.21600001 226272.32392429 9574.71383954
0.21700001 222005.80260816 7985.54909737
0.21800001 217798.44718338 9301.08312673
0.21900001 213649.04984066 7755.46087591
0.22000001 209558.19482914 9030.91083317
0.22100001 205527.78721609 10950.52102065
0.22200001 201554.45843763 6741.99695353
0.22300001 197638.60341960 9960.98608336
0.22400001 193778.68475863 11118.05256376
0.22500001 189979.08736012 7728.34963926
0.22600001 186233.85041480 10146.02065039
0.22700001 182546.47199687 7491.70756503
0.22800001 178914.25424699 7989.41640122
0.22900001 175337.30774585 6654.05114363
0.23000001 171815.83043026 6548.76068655
0.23100001 168350.90321808 6444.47287996
0.23200001 164938.34440745 7493.97403257
0.23300001 161581.15759736 5671.49889990
0.23400001 158277.64277058 6137.21588869
0.23500001 155026.19842267 6036.72045209
0.23600001 151828.65319720 5937.25976409
0.23700001 148683.56348240 5838.80381412
0.23800001 145590.21340835 5741.35033732
0.23900001 142548.90637348 6158.11304661
0.24000001 139558.44225489 7063.05309660
0.24100001 136620.18038143 5455.24406067
0.24200001 133731.31625610 5361.95737892
0.24300001 130892.72107118 5269.74119960
0.24400001 128102.89794428 5649.33806658
0.24500001 125362.56956508 6013.64274651
0.24600001 122671.03616070 6817.44315713
0.24700001 120028.22320407 4465.05011441
0.24800001 117432.12078339 5263.30790250
0.24900001 114883.32227344 4738.93726797
0.25000001 112381.92443011 5077.41558596
0.25100001 109926.01073562 7063.84578405
0.25200001 107517.22088279 4488.30659809
0.25300001 105153.96041420 4807.63929759
0.25400001 102834.63606118 5113.45252007
0.25500001 100560.23878017 5406.11869260
0.25600001 98330.05305135  4548.74846937
0.25700001 96143.28491721  4092.81983257
0.25800001 93999.39685588  4017.06441470
0.25900001 91898.60953339  4659.25972379
0.26000001 89840.48889394  3868.98083728
0.26100001 87821.91400501  3451.40138370
0.26200001 85846.93673958  5418.65890340
0.26300001 83911.32483334  4984.33293095
0.26400001 82015.94043646  4238.17392260
0.26500001 80161.27360970  4157.96545889
0.26600001 78344.72614913  3137.70643075
0.26700001 76568.44296921  3385.85670832
0.26800001 74830.15102845  3321.33641057
0.26900001 73129.11829885  3257.90237438
0.27000001 71466.25252389  4067.14462360
0.27100001 69840.05515348  3134.42182362
0.27200001 68250.90680838  5030.77457892
0.27300001 66697.15587779  3289.50388357
0.27400001 65178.07412193  2957.45525324
0.27500001 63696.10557829  2900.72078531
0.27600001 62246.71382285  2586.35108174
0.27700001 60833.42450962  2536.75392211
0.27800001 59452.58546809  2985.70898351
0.27900001 58105.81256238  3660.66636468
0.28000001 56791.15899924  2633.12221162
0.28100001 55508.94697218  3052.43713847
0.28200001 54259.00930773  3685.27208660
0.28300001 53040.34814160  3163.32651289
0.28400001 51852.95360867  2216.71387169
0.28500001 50696.17749801  2174.86611760
0.28600001 49568.83055088  2774.11973308
0.28700001 48471.68286235  2303.37447864
0.28800001 47402.93976895  3698.85156525
0.28900001 46364.43074227  2420.22339930
0.29000001 45353.06133909  2375.59346539
0.29100001 44370.80672673  2720.81799727
0.29200001 43415.26080945  2480.53104376
0.29300001 42486.78259790  2435.76736164
0.29400001 41584.83867634  2944.20671765
0.29500001 40710.31888659  2530.55354178
0.29600001 39860.20270851  2308.50374914
0.29700001 39035.50805497  1744.88729266
0.29800001 38236.22450353  2229.36317521
0.29900001 37461.54650234  1854.34663965
0.30000001 36710.84371881  1823.24413961
0.30100001 35984.59083063  2445.15306269
0.30200001 35280.48025346  1763.84769377
0.30300001 34599.97477517  2208.86249422
0.30400001 33942.68330705  2329.31675222
0.30500001 33306.32550860  1834.51249586
0.30600001 32692.10291772  1957.11283382
0.30700001 32099.70896147  1779.60794908
0.30800001 31527.99363389  2045.85160376
0.30900001 30976.85243416  2160.63555958
0.31000001 30446.82515437  1704.41335284
0.31100001 29935.03041942  1541.05543895
0.31200001 29444.06962576  1658.87896126
0.31300001 28971.30770972  1637.45838928
0.31400001 28518.83010411  1751.76922209
0.31500001 28084.03472842  1331.18330915
0.31600002 27667.15654987  2104.91736998
0.31700002 27267.71166280  1690.87088027
0.31800002 26886.02997192  1543.79591408
0.31900002 26521.68768926  1273.04106936
0.32000002 26173.51375565  1890.38212051
0.32100002 25842.24910377  1497.81682898
0.32200002 25527.16062330  1484.14918891
0.32300002 25227.08038776  1348.63978139
0.32400002 24942.71845520  1337.55334050
0.32500002 24672.96437029  1689.11122077
0.32600002 24418.56626192  2155.91531735
0.32700002 24178.16738507  1427.47907001
0.32800002 23952.71443936  2009.51307305
0.32900002 23739.82490864  1645.16994407
0.33000002 23541.89096684  1402.62593022
0.33100002 23355.04375258  1512.00560414
0.33200002 23183.43410092  1621.21762345
0.33300002 23023.06642984  1153.45568276
0.33400002 22875.83444296  1609.31502927
0.33500002 22740.03281778  1375.31724995
0.33600002 22616.06638158  2400.80864043
0.33700002 22502.71576926  1597.24284094
0.33800002 22402.04467675  1594.80163606
0.33900002 22310.92234180  1479.21422131
0.34000002 22231.27367767  1364.55564296
0.34100002 22161.65265144  1250.58211835
0.34200002 22103.10212081  1364.64558957
0.34300002 22053.08992829  1251.73344361
0.34400002 22013.29248144  1253.10673385
0.34500002 21982.58769376  1369.07562641
0.34600002 21962.14394073  1143.12964625
0.34700002 21948.41329292  1260.27795097
0.34800002 21944.87018822  1263.69540964
0.34900002 21949.28438316  1382.80498163
0.35000002 21961.80209012  1156.28893481
0.35100002 21982.36374644  1276.73574686
0.35200002 22009.83026767  1165.42056787
0.35300002 22045.08641398  1170.59414403
0.35400002 22087.96670867  1411.42113953
0.35500002 22137.55066627  1300.35978773
0.35600002 22193.29894347  1307.29633618
0.35700002 22255.93426325  1912.22996247
0.35800002 22325.33104492  1562.88487383
0.35900002 22400.48768212  1330.58903134
0.36000002 22482.28705251  2069.60703265
0.36100002 22568.76954224  1470.58109303
0.36200002 22662.09311636  1480.74123436
0.36300002 22758.86166237  1366.89729619
0.36400002 22861.67306630  1502.01199160
0.36500002 22968.87662262  1387.09052494
0.36600002 23081.50684022  1270.63701174
0.36700002 23198.11058164  1408.58934124
0.36800002 23320.55266412  1419.87191621
0.36900002 23446.16154222  1431.38822996
0.37000002 23574.86819357  1574.32977254
0.37100002 23708.01598673  1455.19809020
0.37200002 23845.21120093  2001.20944484
0.37300002 23985.22374200  1749.24245037
0.37400002 24129.68110450  1493.02408907
0.37500002 24276.16276430  1369.17564477
0.37600002 24426.76047534  1519.46670735
0.37700002 24578.92061052  1532.98735110
0.37800002 24734.82027604  1687.40951917
0.37900002 24892.95847667  1844.56831050
0.38000002 25053.54354575  1574.99108961
0.38100002 25215.93968815  2456.28480138
0.38200002 25380.72840314  1458.12291584
0.38300002 25547.25173160  1912.97830029
0.38400002 25716.20882627  1633.62224308
0.38500002 25885.64382829  1948.41250326
0.38600002 26058.01722160  2571.53555134
0.38700002 26230.68828367  1831.95135652
0.38800002 26404.67191471  1540.71267922
0.38900002 26579.88986606  1865.90835700
0.39000002 26756.87722534  2040.07820070
0.39100002 26933.91904773  1900.45741804
0.39200002 27112.16507960  1758.08842788
0.39300002 27290.82995302  1612.88812664
0.39400002 27470.83580707  1790.41180855
0.39500002 27650.43276437  2135.16651922
0.39600002 27830.37942934  1988.75900824
0.39700002 28010.12991587  2173.86628576
0.39800002 28191.08003448  1855.95984200
0.39900002 28371.10055412  1872.49272529
0.40000002 28551.18620306  2060.82471778
0.40100002 28730.70509840  1905.70775947
0.40200002 28911.17259078  1747.68046592
0.40300002 29090.14794396  2468.00826850
0.40400002 29268.63519276  3200.52540997
0.40500002 29446.65586935  1972.63157015
0.40600002 29624.28952677  1989.41925743
0.40700002 29801.01634934  2188.58674439
0.40800002 29977.15093920  2023.00812698
0.40900002 30151.42124111  2039.74374361
0.41000002 30325.66040865  2056.53475806
0.41100002 30498.38415592  3015.68036823
0.41200002 30669.45528099  2089.97012915
0.41300002 30839.65183842  2106.65671690
0.41400002 31008.46418791  1930.27698716
0.41500002 31176.32450642  2529.02356379
0.41600002 31341.43682396  2744.56975272
0.41700002 31505.90334764  2765.58832690
0.41800002 31669.58995648  2786.60735231
0.41900002 31829.59851211  3007.89720192
0.42000002 31988.61997466  2222.08959183
0.42100002 32146.48493637  2034.87259289
0.42200002 32302.30041564  2664.45537604
0.42300002 32455.61208130  3096.26553927
0.42400002 32607.09637878  2910.18348971
0.42500002 32756.92289933  3139.75120868
0.42600002 32903.42554305  2107.46450590
0.42700002 33049.01099572  2121.74660647
0.42800002 33191.77141156  2990.24682817
0.42900002 33333.01393591  2579.97540090
0.43000002 33471.85220052  2380.35088204
0.43100002 33606.97832157  2831.05198797
0.43200002 33740.75507059  2848.90078939
0.43300002 33871.64720809  2425.54877151
0.43400002 34000.43520629  2884.08705305
0.43500002 34126.43677726  2901.42979230
0.43600002 34250.69917773  2918.67346874
0.43700002 34371.35250975  4290.57613712
0.43800002 34488.88081855  2952.42078239
0.43900002 34604.76333005  2740.69738562
0.44000002 34717.19376649  3215.15946708
0.44100002 34827.65662140  3463.61061514
0.44200002 34935.04708675  2321.43398893
0.44300002 35039.95962326  2800.39370580
0.44400002 35141.45589117  2814.83075028
0.44500002 35239.34724089  2357.51244214
0.44600002 35335.24271501  2369.22813632
0.44700002 35428.37841918  3095.02328538
0.44800002 35517.75430222  2870.54503875
0.44900002 35605.42370737  3364.71269981
0.45000002 35689.79025003  2897.29730981
0.45100002 35769.98366131  2425.20500717
0.45200002 35848.14292886  3897.41028393
0.45300002 35922.82850223  3669.51710541
0.45400002 35994.97331387  3193.65415863
0.45500002 36063.96475327  3206.80789784
0.45600002 36129.52888624  2972.01518704
0.45700002 36192.22591477  2486.40603818
0.45800002 36251.15197596  3494.24870457
0.45900002 36307.29212527  3006.24393045
0.46000002 36361.22290108  3017.25441933
0.46100002 36410.70236773  3027.91415241
0.46200002 36457.85053733  3797.99675973
0.46300002 36501.46002804  2540.50173836
0.46400002 36541.55652355  3058.52842598
0.46500002 36579.37223162  2556.89824018
0.46600002 36613.38826642  3847.15195443
0.46700002 36644.14117757  3344.14448236
0.46800002 36672.49076057  2837.90083201
0.46900002 36696.83971812  3104.55278730
0.47000002 36717.93815811  4669.42041688
0.47100002 36736.32637395  3901.39804583
0.47200002 36751.22595222  2868.24956539
0.47300002 36763.47989044  3659.43696174
0.47400002 36771.47257478  3405.95780867
0.47500002 36777.25647973  2625.89623711
0.47600002 36780.19405454  2894.78531027
0.47700002 36779.01150764  2637.05525009
0.47800002 36774.84591861  2642.27280449
0.47900002 36768.18686912  2912.04053806
0.48000002 36757.53754810  3182.46775176
0.48100002 36745.22936228  3719.35229234
0.48200002 36727.83005582  2927.02455504
0.48300002 36707.83709556  2931.48800940
0.48400002 36685.19092531  3469.50209621
0.48500002 36659.36532269  4008.70178805
0.48600002 36631.05484154  3746.25815622
0.48700002 36599.24827756  4018.59765136
0.48800002 36563.55856657  4559.29315157
0.48900002 36525.86856312  2953.11661331
0.49000002 36484.79797939  4299.36879768
0.49100002 36441.15273523  2958.29291927
0.49200002 36393.83868629  3767.85429779
0.49300002 36343.80320956  3231.69113458
0.49400002 36291.04595279  3772.45440561
0.49500002 36234.65474182  3235.03012870
0.49600002 36176.57013328  3506.05246066
0.49700002 36114.61752289  2967.53826252
0.49800002 36050.17800213  3507.86273678
0.49900002 35982.89781969  2968.58921084
0.50000002 35912.52931491  2968.70937654
