# SAXS profile: number of points = 501, q_min = 0, q_max = 0.5, delta_q = 0.001
#    q    intensity    error
0.00000000 1700912.83420644 280.65061764
0.00100000 1700842.99458130 714.35407469
0.00200000 1700633.41267581 841.81356593
0.00300000 1700284.27818106 1122.18766358
0.00400000 1699795.43951118 1529.81595369
0.00500000 1699167.38502985 1529.25070706
0.00600000 1698399.77382207 2318.31578565
0.00700000 1697493.37177011 2851.78898309
0.00800000 1696447.55455976 2519.22472488
0.00900000 1695263.74170851 2797.18529339
0.01000000 1693941.00096771 3633.50360397
0.01100000 1692480.65696368 3046.46531518
0.01200000 1690882.18250302 3956.66448053
0.01300000 1689146.91508587 5320.81301719
0.01400000 1687274.12752270 4176.00365074
0.01500000 1685265.65412900 4449.10152501
0.01600000 1683120.32346359 6867.13122672
0.01700000 1680840.24730398 5445.92264556
0.01800000 1678424.92849797 4783.51126147
0.01900000 1675875.21755283 5530.38846747
0.02000000 1673191.76407600 6324.66515431
0.02100000 1670376.11213818 6614.68970397
0.02200000 1667426.60733328 8628.93308498
0.02300000 1664345.89908755 9586.63281511
0.02400000 1661134.08790016 6852.17842503
0.02500000 1657792.62490929 6465.39153242
0.02600000 1654321.34821862 6700.00176673
0.02700000 1650721.67155087 6933.03133805
0.02800000 1646993.26235185 8597.30522375
0.02900000 1643138.67428341 8872.94924852
0.03000000 1639158.45252411 9908.71330096
0.03100000 1635052.56802194 9417.90322515
0.03200000 1630822.33295079 8879.82801191
0.03300000 1626470.26999167 12442.49813904
0.03400000 1621994.70045665 11921.66159843
0.03500000 1617398.68573913 10480.74396757
0.03600000 1612682.15536717 11635.50228869
0.03700000 1607846.93135149 10997.67351906
0.03800000 1602894.08876580 10314.62393856
0.03900000 1597825.45581280 12463.03913250
0.04000000 1592639.41423517 12733.15270685
0.04100000 1587340.29455755 13000.31761521
0.04200000 1581928.24574317 16325.50025346
0.04300000 1576403.29192000 13525.54087250
0.04400000 1570769.25839531 12723.23158389
0.04500000 1565025.74642103 14038.28159768
0.04600000 1559173.16438425 17587.47411184
0.04700000 1553214.63592826 13419.77507855
0.04800000 1547150.44809272 13645.86758709
0.04900000 1540983.31594293 11557.37540754
0.05000000 1534712.93443771 16436.77629322
0.05100000 1528342.28759609 13113.17743844
0.05200000 1521870.14297651 12098.86820049
0.05300000 1515301.40745382 13501.33616982
0.05400000 1508634.78337881 14935.48505195
0.05500000 1501874.15534811 12615.74349344
0.05600000 1495018.05825686 19173.60749186
0.05700000 1488071.60871388 15535.46832015
0.05800000 1481033.16897589 17039.28740467
0.05900000 1473904.83208619 15918.17293000
0.06000000 1466689.71580726 20130.31728992
0.06100000 1459389.15121591 20358.47961084
0.06200000 1452003.51073429 17837.86396318
0.06300000 1444536.12743494 13867.54747176
0.06400000 1436985.01403428 21015.90681310
0.06500000 1429356.40931553 16980.75493699
0.06600000 1421648.41102884 17145.08063920
0.06700000 1413863.89089925 15863.55359829
0.06800000 1406005.94349254 17462.59463559
0.06900000 1398075.19465936 16147.76925434
0.07000000 1390071.23760491 19245.53718588
0.07100000 1381999.08243287 19403.26802616
0.07200000 1373857.23196775 18052.48487376
0.07300000 1365651.31290660 22738.09542530
0.07400000 1357379.70176458 16797.57459654
0.07500000 1349045.51298148 16917.03152573
0.07600000 1340648.81444579 18581.39343933
0.07700000 1332194.76853981 18704.01542730
0.07800000 1323681.65554556 15685.62835381
0.07900000 1315111.95515370 20515.74746266
0.08000000 1306489.53883422 19048.61836979
0.08100000 1297814.43100948 20752.05372549
0.08200000 1289087.39008377 17654.05263562
0.08300000 1280312.01984307 17745.12542784
0.08400000 1271488.39734959 21074.92117530
0.08500000 1262620.77325602 17916.58961360
0.08600000 1253708.45606206 19633.07534373
0.08700000 1244754.62440500 18073.83799507
0.08800000 1235758.55692291 19796.85301164
0.08900000 1226725.94419452 26497.28163917
0.09000000 1217655.44200528 23269.39658981
0.09100000 1208550.12275450 20013.59097308
0.09200000 1199410.81864813 16731.78170631
0.09300000 1190241.01173244 23495.35867570
0.09400000 1181039.01054927 18512.78736041
0.09500000 1171809.09205400 18561.45689057
0.09600000 1162552.38118827 23681.19311801
0.09700000 1153272.15171603 18648.41156996
0.09800000 1143968.87957460 22084.32025854
0.09900000 1134644.44009194 18721.63414185
0.10000000 1125298.72389056 18753.10411554
0.10100000 1115934.67932660 25610.70209506
0.10200000 1106554.59808965 17096.26934463
0.10300000 1097159.14707872 25673.52524934
0.10400000 1087751.22587501 18845.29087486
0.10500000 1078333.35236815 20574.60133121
0.10600001 1068902.12702476 17155.87994599
0.10700001 1059465.01520947 27461.33448650
0.10800001 1050019.56895224 20601.38491238
0.10900001 1040569.79876615 24037.16348282
0.11000001 1031116.12496005 27468.93486189
0.11100001 1021660.52884193 18880.28746176
0.11200001 1012205.23174904 20588.25538301
0.11300001 1002749.28632151 27435.22176543
0.11400001 993297.20771589 27415.00422378
0.11500001 983849.76582719 18830.88540464
0.11600001 974407.14635343 18810.93084619
0.11700001 964972.89075699 20496.02516494
0.11800001 955545.09340695 23879.07300890
0.11900001 946128.42283039 17030.31241310
0.12000001 936722.20185953 20401.81051753
0.12100001 927330.95647897 20364.18876360
0.12200001 917952.30721341 18629.84295257
0.12300001 908590.19011556 18589.75616561
0.12400001 899244.22283055 20232.99596701
0.12500001 889916.92267065 20183.31675722
0.12600001 880610.65580884 18453.19716205
0.12700001 871325.18897089 23421.22218329
0.12800001 862060.76398480 23353.22719697
0.12900001 852821.08708763 24945.01797302
0.13000001 843606.27864099 21549.92340364
0.13100001 834416.47387891 18173.59165774
0.13200001 825255.46694436 19756.61680998
0.13300001 816123.59939128 21325.31065743
0.13400001 807020.23941928 24513.24092805
0.13500001 797948.74237676 17905.97062317
0.13600001 788908.68476068 19454.48908349
0.13700001 779902.58305951 19372.78107669
0.13800001 770929.46150653 16073.88003039
0.13900001 761994.38589304 20802.44771589
0.14000001 753094.25425674 19113.53307444
0.14100001 744232.61719850 19022.58659276
0.14200001 735408.32487562 20506.86210637
0.14300001 726626.63579787 17264.64968089
0.14400001 717881.10434601 17175.30623164
0.14500001 709181.17968877 15531.06856782
0.14600001 700521.73960368 29348.35966519
0.14700001 691908.48167930 18432.44282152
0.14800001 683337.48945516 21381.63105381
0.14900001 674811.49944638 21256.56323546
0.15000001 666332.67268535 16601.67932327
0.15100001 657900.44866866 16500.14403117
0.15200001 649517.54372396 19378.35683141
0.15300001 641183.11005716 22216.99581188
0.15400001 632896.22306616 16186.32166877
0.15500001 624661.41416461 16078.78555940
0.15600001 616476.25652783 18873.42148433
0.15700001 608345.93002992 18743.13898884
0.15800001 600263.31228869 25769.30521283
0.15900001 592237.16520106 19899.16969001
0.16000001 584262.65297789 15520.93810898
0.16100001 576345.63854560 15405.71964554
0.16200001 568481.40013018 16679.24506718
0.16300001 560673.80291381 16551.09144336
0.16400001 552922.19377502 16421.78993038
0.16500001 545227.96352097 16291.41231915
0.16600001 537590.31256302 18853.29315171
0.16700001 530010.51028938 17363.14513688
0.16800001 522487.74069047 18543.09079264
0.16900001 515026.35008414 18386.44156618
0.17000001 507623.21559153 15624.64331370
0.17100001 500279.74809984 15488.66173257
0.17200001 492996.49979592 14072.58575122
0.17300001 485773.90677454 15214.43947867
0.17400001 478612.98970615 15076.30988774
0.17500001 471512.73701191 13692.73052950
0.17600001 464472.18945571 13564.91093371
0.17700001 457496.14183899 15879.69183324
0.17800001 450581.55413384 13307.92682990
0.17900001 443729.18422265 15574.89510187
0.18000001 436940.39320517 13049.22545945
0.18100001 430215.53344758 15268.35000328
0.18200001 423551.21631999 15114.42586835
0.18300001 416953.12947516 13809.48830057
0.18400001 410416.95738306 13666.88532649
0.18500001 403945.94036582 16905.13840294
0.18600001 397538.38692500 12266.04750806
0.18700001 391194.82680254 18753.88088294
0.18800001 384914.70508329 14186.03212608
0.18900001 378701.54611529 14030.89294650
0.19000001 372548.66134166 11740.87161692
0.19100001 366465.00001829 17942.12724866
0.19200001 360443.09355575 12521.79366180
0.19300001 354487.58664280 12378.70711049
0.19400001 348595.71228890 11216.06757290
0.19500001 342769.11188184 13100.63607520
0.19600001 337006.40113406 11950.24754894
0.19700001 331308.76929820 10823.85800448
0.19800001 325675.98573463 12637.85722368
0.19900001 320108.52394800 11523.90740675
0.20000001 314603.69528705 11382.36223343
0.20100001 309165.08401916 15925.09423048
0.20200001 303789.69520941 12025.51565323
0.20300001 298479.37744531 10046.81631967
0.20400001 293233.28195081 9918.61623080
0.20500001 288050.34593146 10680.90733199
0.20600001 282931.66319682 10542.03426901
0.20700001 277876.81653924 11270.68421159
0.20800001 272885.08742138 11976.92705308
0.20900001 267959.11385607 11816.99747966
0.21000001 263093.87561744 13323.07449108
0.21100001 258291.87185928 9035.05010476
0.21200001 253552.67365097 8101.00830612
0.21300001 248875.79431447 9586.69605021
0.21400001 244262.23880762 8665.20333136
0.21500001 239711.26305916 10096.63887740
0.21600001 235220.21647604 8422.06024911
0.21700001 230791.96703269 9056.27721454
0.21800001 226424.59373968 8925.65790723
0.21900001 222117.25699603 8062.85681018
0.22000001 217870.54755606 7222.40899298
0.22100001 213686.55225848 8538.91503200
0.22200001 209561.21077995 9112.76968166
0.22300001 205495.77294818 6904.65829755
0.22400001 201487.75444627 8160.25444094
0.22500001 197541.83925860 9375.33613455
0.22600001 193653.11409754 7253.27773152
0.22700001 189823.58227171 7790.36018483
0.22800001 186051.32131628 7029.94950838
0.22900001 182336.16274247 8806.83707694
0.23000001 178678.66617654 8048.58089855
0.23100001 175079.46214071 8529.87179890
0.23200001 171534.71051550 8393.19378247
0.23300001 168047.37997285 11207.08030042
0.23400001 164615.46582261 6382.96498916
0.23500001 161237.66150038 7420.15753319
0.23600001 157915.48863905 7298.06465263
0.23700001 154647.62519821 6073.01252877
0.23800001 151433.92250017 6514.68765409
0.23900001 148273.73125270 6405.42549309
0.24000001 145166.58235655 5247.77220041
0.24100001 142112.98660727 6190.44198943
0.24200001 139111.10953192 7098.84025520
0.24300001 136161.19056300 5980.19977241
0.24400001 133261.86973032 5876.84873310
0.24500001 130413.97916546 4812.27605885
0.24600001 127616.43173085 6146.64572508
0.24700001 124869.92390083 5109.67752774
0.24800001 122171.77583473 5932.05085628
0.24900001 119522.54801686 4930.30533894
0.25000001 116922.55553823 5282.56130913
0.25100001 114370.06095385 5187.82621030
0.25200001 111866.29784034 5094.39144466
0.25300001 109409.63270015 5835.91008433
0.25400001 106999.02306021 4092.71282568
0.25500001 104634.74595816 4419.77187838
0.25600001 102316.68494462 4338.73923035
0.25700001 100043.68278563 4258.85977769
0.25800001 97815.15687152  4180.13092668
0.25900001 95631.49403305  5967.40551001
0.26000001 93491.88922657  4392.24916369
0.26100001 91393.61836713  5028.47712049
0.26200001 89340.98138742  4934.30263550
0.26300001 87329.09870711  5533.17195590
0.26400001 85358.90344447  4071.61988696
0.26500001 83431.02403227  4327.56742133
0.26600001 81543.21658587  3265.80597880
0.26700001 79696.77921273  4805.71601394
0.26800001 77890.17223172  3771.44231793
0.26900001 76122.34112026  3082.95496126
0.27000001 74394.08453375  4536.17951911
0.27100001 72704.24681994  3856.23343382
0.27200001 71052.79937974  2909.61227229
0.27300001 69438.21124673  4566.25698768
0.27400001 67859.72347955  3638.97784380
0.27500001 66320.05428906  3294.78045301
0.27600001 64814.43099130  3231.64768217
0.27700001 63345.78900145  2641.51952637
0.27800001 61911.58201678  3109.19979603
0.27900001 60512.36247138  3303.97514731
0.28000001 59147.03736111  2991.65729132
0.28100001 57815.26627403  4157.49599454
0.28200001 56517.24519147  2399.15717193
0.28300001 55251.84401913  2824.47439994
0.28400001 54018.83111231  2771.16616722
0.28500001 52818.05381484  3172.25246227
0.28600001 51647.77918875  3335.15549897
0.28700001 50508.87816196  2181.98363988
0.28800001 49399.92268107  3212.23012438
0.28900001 48322.54420201  2732.64000397
0.29000001 47273.09244435  2888.85881602
0.29100001 46253.98593124  2228.51714765
0.29200001 45263.19176662  2586.11258400
0.29300001 44300.38425470  3516.56466860
0.29400001 43365.15121865  2110.79883549
0.29500001 42458.31371209  2639.20890528
0.29600001 41577.50753623  2222.73365811
0.29700001 40722.88994508  2184.37592006
0.29800001 39894.91367754  2326.07305208
0.29900001 39092.46757797  2110.99334914
0.30000001 38315.06452509  1902.91776972
0.30100001 37563.46349374  2041.94997219
0.30200001 36834.86435757  2678.63146289
0.30300001 36130.63030336  1812.31250181
0.30400001 35450.83739413  1784.06347632
0.30500001 34792.80690212  2235.78587738
0.30600001 34157.77981341  1572.96583488
0.30700001 33545.71332033  2014.75563740
0.30800001 32955.27068688  1680.22455552
0.30900001 32386.37381382  1807.15974437
0.31000001 31839.23680923  1633.83051422
0.31100001 31311.30608054  1758.44303274
0.31200001 30804.85501163  2314.06081803
0.31300001 30318.03725676  1427.97962240
0.31400001 29852.05485544  1410.50965870
0.31500001 29404.10574200  1533.13014598
0.31600002 28975.48198577  1515.56265702
0.31700002 28564.81299608  1362.54164443
0.31800002 28172.65962008  1348.06182665
0.31900002 27798.50503492  1467.76113534
0.32000002 27441.60291811  1453.44456738
0.32100002 27102.05484762  2487.15569113
0.32200002 26779.29733141  2205.67692914
0.32300002 26472.32752507  1929.83276796
0.32400002 26181.73650399  1276.35971501
0.32500002 25906.42855082  1646.87174096
0.32600002 25646.98952570  1257.98489580
0.32700002 25402.28965266  1624.73052312
0.32800002 25173.24116846  1490.75941259
0.32900002 24957.13237059  1729.52935518
0.33000002 24756.90605215  1352.09848807
0.33100002 24567.83098887  1590.52145354
0.33200002 24394.84238911  1705.93140905
0.33300002 24233.52523802  1335.50963911
0.33400002 24085.87873770  1815.47319583
0.33500002 23950.11718897  1569.21175253
0.33600002 23826.74666489  1565.77473123
0.33700002 23714.51973551  1923.72193205
0.33800002 23615.32853124  1681.17531775
0.33900002 23526.28983523  1439.80900610
0.34000002 23448.89701218  1319.35225287
0.34100002 23382.11362449  1199.50248574
0.34200002 23326.90786720  1560.22030659
0.34300002 23280.31023051  1441.51687774
0.34400002 23244.75192864  1563.79076006
0.34500002 23218.27676572  1687.04006970
0.34600002 23202.54680051  1328.46187998
0.34700002 23193.79737898  1331.78790858
0.34800002 23195.76912957  1457.15828573
0.34900002 23205.69643497  1583.78885670
0.35000002 23224.27454722  2078.68879180
0.35100002 23251.08877894  1964.25207308
0.35200002 23284.90642567  1356.22943900
0.35300002 23327.04499427  1486.39937744
0.35400002 23376.90749193  1493.78445949
0.35500002 23433.61320974  1251.35500467
0.35600002 23496.93624320  1509.91319450
0.35700002 23567.28187910  1518.67571622
0.35800002 23644.66385519  1782.57129247
0.35900002 23727.80984106  1793.82250895
0.36000002 23817.76144674  1676.65139646
0.36100002 23912.74939253  1558.15482422
0.36200002 24014.53521502  1438.35065483
0.36300002 24120.17824097  1580.35415320
0.36400002 24231.81152400  1857.36844129
0.36500002 24347.95515534  1470.37308148
0.36600002 24469.60660342  1481.75709806
0.36700002 24595.45291704  1493.43597186
0.36800002 24727.17360659  1779.24386114
0.36900002 24861.97983752  1655.80793561
0.37000002 25000.11651267  1530.38220482
0.37100002 25142.62188202  1402.95836747
0.37200002 25289.42789954  1556.43791381
0.37300002 25438.96362680  2140.68889060
0.37400002 25592.98434911  1871.48706918
0.37500002 25748.99404475  1742.69199950
0.37600002 25909.22720689  1904.71692834
0.37700002 26070.99919215  2217.33858633
0.37800002 26236.33180427  1491.53553373
0.37900002 26404.06164785  1655.53474375
0.38000002 26574.19159149  1974.32965782
0.38100002 26746.08674745  1992.31609620
0.38200002 26920.36770635  1855.89023760
0.38300002 27096.27885588  1716.82030964
0.38400002 27274.56069168  1890.12714548
0.38500002 27453.48540503  2066.42394433
0.38600002 27634.90110281  2085.46791052
0.38700002 27816.54635261  1618.92307442
0.38800002 27999.61999487  1797.15569451
0.38900002 28183.83756467  2308.25640590
0.39000002 28369.55833903  2329.42454558
0.39100002 28555.18487737  1679.04495034
0.39200002 28742.21796170  1863.78921203
0.39300002 28929.15636680  2222.62718896
0.39400002 29117.59070476  1897.73906409
0.39500002 29305.14378441  2611.08843490
0.39600002 29493.12899980  2985.73705575
0.39700002 29680.72715921  2480.71529350
0.39800002 29869.55962047  2502.77051918
0.39900002 30057.17532445  2344.45978638
0.40000002 30244.31599252  2183.03483177
0.40100002 30431.24797985  2385.50564216
0.40200002 30618.60335085  2221.07359230
0.40300002 30804.31052685  2240.08956765
0.40400002 30989.51187857  3200.44199090
0.40500002 31173.96609000  1898.49462483
0.40600002 31357.84709620  2488.71565271
0.40700002 31540.53171015  2509.36482176
0.40800002 31722.19150821  2919.23481186
0.40900002 31902.18206594  3335.37329303
0.41000002 32081.73639083  2966.75871331
0.41100002 32259.65395621  2392.37605075
0.41200002 32435.41582404  3214.99856881
0.41300002 32610.38743780  2025.10515584
0.41400002 32783.38361501  2448.91887208
0.41500002 32955.39725044  2878.98364021
0.41600002 33124.47419639  2900.71034282
0.41700002 33292.56217210  2922.42124594
0.41800002 33459.65619362  3154.40923712
0.41900002 33622.78750189  2118.23571299
0.42000002 33784.74702852  2773.55893873
0.42100002 33945.16384142  2363.60187028
0.42200002 34103.27670431  2380.23831037
0.42300002 34258.64565310  2614.61996014
0.42400002 34411.83795664  3729.38311527
0.42500002 34563.22879619  2429.44946721
0.42600002 34710.79401050  3112.51704641
0.42700002 34857.24998722  3580.53688836
0.42800002 35000.75261824  2477.52839148
0.42900002 35142.34128901  2266.68112055
0.43000002 35281.23985729  2965.21194432
0.43100002 35416.27807198  2524.47242060
0.43200002 35549.37445058  3463.39796997
0.43300002 35679.50528053  3484.10385575
0.43400002 35807.28552526  2570.06804037
0.43500002 35931.67828504  3289.90461968
0.43600002 36054.30827074  2599.69602106
0.43700002 36173.07167132  2614.22801357
0.43800002 36288.18096790  3823.32292796
0.43900002 36401.48213406  2642.74772817
0.44000002 36511.06738680  2898.24866651
0.44100002 36618.25119803  2427.79016948
0.44200002 36722.20106272  2684.20941388
0.44300002 36823.24959911  2697.67139347
0.44400002 36920.55721678  2957.33677321
0.44500002 37014.06284614  2971.48910611
0.44600002 37105.30840090  3234.28436004
0.44700002 37193.60058828  3249.23310138
0.44800002 37277.34370387  3514.88090441
0.44900002 37359.46036647  2773.94006367
0.45000002 37437.97872021  3039.21525654
0.45100002 37512.06819318  3814.97751605
0.45200002 37583.65844594  3319.95262616
0.45300002 37651.36906925  3333.27586167
0.45400002 37716.41294304  3346.38889697
0.45500002 37778.00459047  3100.81876374
0.45600002 37836.04202382  3371.75904475
0.45700002 37890.63558282  3644.32150307
0.45800002 37941.16247601  2873.47407631
0.45900002 37988.82640006  3407.59788959
0.46000002 38033.68287954  3156.03515492
0.46100002 38073.90232948  3166.22586778
0.46200002 38111.54063828  3176.21594733
0.46300002 38145.60127761  3716.90756465
0.46400002 38175.61124886  3195.29881297
0.46500002 38203.25203184  3204.48893231
0.46600002 38226.49615175  3213.31941881
0.46700002 38246.38000200  2684.89600339
0.46800002 38263.58484355  2961.02765346
0.46900002 38276.60758890  3777.90134808
0.47000002 38285.77462241  4057.33515791
0.47100002 38292.22720069  3795.52574003
0.47200002 38294.88827014  3260.42694185
0.47300002 38294.99974453  3267.32953307
0.47400002 38289.93416042  3273.78952589
0.47500002 38282.80282176  3826.74915144
0.47600002 38272.55366494  3012.24147897
0.47700002 38257.68555517  3291.69142119
0.47800002 38239.72300819  2747.52422837
0.47900002 38219.06073308  3577.30425418
0.48000002 38194.17663182  3582.42296698
0.48100002 38167.32642281  3311.39739740
0.48200002 38135.15189728  3039.18107451
0.48300002 38100.21063681  3319.29050801
0.48400002 38062.25861724  3045.93239022
0.48500002 38021.17582817  3048.91823418
0.48600002 37977.15459287  3329.07752941
0.48700002 37929.46311621  3331.72419805
0.48800002 37877.69396157  3611.82767891
0.48900002 37823.69877672  3614.05458942
0.49000002 37766.15985759  4450.36448857
0.49100002 37705.89103167  3617.50335705
0.49200002 37641.58368609  3618.67381919
0.49300002 37574.56812995  3062.70319345
0.49400002 37504.61115396  3063.18926120
0.49500002 37430.66681593  3898.77844036
0.49600002 37354.85658353  3063.28515934
0.49700002 37275.15264454  4176.68105180
0.49800002 37192.69463485  2783.87332538
0.49900002 37107.25666973  3061.34882037
0.50000002 37018.65729094  3060.14745001
