# SAXS profile: number of points = 501, q_min = 0, q_max = 0.5, delta_q = 0.001
#    q    intensity    error
0.00000000 1682732.95097188 277.65093691
0.00100000 1682663.79280597 656.23889478
0.00200000 1682456.26036591 832.81587525
0.00300000 1682110.53527425 1312.04626425
0.00400000 1681626.46549531 1765.70785586
0.00500000 1681004.53956019 1966.77538913
0.00600000 1680244.45541523 1940.68242501
0.00700000 1679346.88913110 3224.34616114
0.00800000 1678311.28583892 2718.86439785
0.00900000 1677139.03735166 3521.99212900
0.01000000 1675829.21282114 2765.11832055
0.01100000 1674383.13269694 3616.66772409
0.01200000 1672800.27728450 5545.33316233
0.01300000 1671082.00159218 4562.05406556
0.01400000 1669227.51078776 5258.06689208
0.01500000 1667238.65833605 4801.64754982
0.01600000 1665114.30016236 5519.85415179
0.01700000 1662856.55079581 4489.71288855
0.01800000 1660464.86522211 6625.25511036
0.01900000 1657940.07780206 5968.58454941
0.02000000 1655282.82731611 6256.96937029
0.02100000 1652494.82153287 5998.55647413
0.02200000 1649574.08562568 7967.44319555
0.02300000 1646523.58104490 7705.73071004
0.02400000 1643343.24799639 6778.79120708
0.02500000 1640034.40596699 6396.13447539
0.02600000 1636597.17027396 8616.68449560
0.02700000 1633032.73844089 8916.35916027
0.02800000 1629340.83260979 7087.63294689
0.02900000 1625524.00648014 12435.25922053
0.03000000 1621582.82942393 7540.36050342
0.03100000 1617517.21060838 10093.30785862
0.03200000 1613328.41936489 8784.57364804
0.03300000 1609019.11312096 8205.99785522
0.03400000 1604587.37428563 9266.49251406
0.03500000 1600036.46821632 13824.31572377
0.03600000 1595366.21962841 11510.56780657
0.03700000 1590578.54903096 12692.81740828
0.03800000 1585674.40118584 12986.67394673
0.03900000 1580655.51269141 9483.93351535
0.04000000 1575520.55478655 12596.28741922
0.04100000 1570273.41306355 14839.08444149
0.04200000 1564914.58323280 13121.80938917
0.04300000 1559443.99874564 11321.56395642
0.04400000 1553865.49891215 11537.45186524
0.04500000 1548178.62126339 11750.67628138
0.04600000 1542383.55472125 14135.94593616
0.04700000 1536483.85492529 14381.48955095
0.04800000 1530479.38652079 14623.73121862
0.04900000 1524373.17016574 12576.07923925
0.05000000 1518164.57407292 20905.12715845
0.05100000 1511856.85829052 11792.48404401
0.05200000 1505448.39684584 13165.14684393
0.05300000 1498944.68509453 18212.17877291
0.05400000 1492343.94856872 14774.20577981
0.05500000 1485650.17684694 14975.35448121
0.05600000 1478861.88131015 18966.40451285
0.05700000 1471984.12421083 17928.76746978
0.05800000 1465015.36009869 15558.46385071
0.05900000 1457957.70096856 14433.78191373
0.06000000 1450814.04485224 15929.93895671
0.06100000 1443585.83531149 14767.88378536
0.06200000 1436273.59051494 14930.06467129
0.06300000 1428880.23709793 17832.42619274
0.06400000 1421404.03404073 20788.03497003
0.06500000 1413851.27771948 16796.55396501
0.06600000 1406219.89041826 19785.51478392
0.06700000 1398512.76908541 17117.79709470
0.06800000 1390732.91851170 18712.31229448
0.06900000 1382881.07298777 23232.40311391
0.07000000 1374956.92885139 17571.95037359
0.07100000 1366965.06609335 19192.19042687
0.07200000 1358904.59216292 22320.00897190
0.07300000 1350780.45542507 14993.66375776
0.07400000 1342591.39938877 15104.15395097
0.07500000 1334340.58487169 21296.07673275
0.07600000 1326027.69219708 15315.62056288
0.07700000 1317658.20467660 15416.60171758
0.07800000 1309230.30788254 17065.81786357
0.07900000 1300746.53959468 20291.64696943
0.08000000 1292210.38830763 17270.39264990
0.08100000 1283622.08214028 22103.97329153
0.08200000 1274982.82466323 15873.53691193
0.08300000 1266295.35885139 22337.45117848
0.08400000 1257560.29113209 22447.45225036
0.08500000 1248781.82775099 20942.07223451
0.08600000 1239959.29163246 19417.76341866
0.08700000 1231095.43182732 19500.55255585
0.08800000 1222189.86716920 17947.85904228
0.08900000 1213248.36517625 18016.73906911
0.09000000 1204269.32910332 18082.10482590
0.09100000 1195255.86529089 23092.34440233
0.09200000 1186208.87552968 19857.13750939
0.09300000 1177131.73777661 21576.82576739
0.09400000 1168022.70870962 19973.18925762
0.09500000 1158886.12868189 18356.75714114
0.09600000 1149723.25204049 18401.32151391
0.09700000 1140536.99951448 23472.25255350
0.09800000 1131327.93209275 20160.26469778
0.09900000 1122098.29252155 18514.62269721
0.10000000 1112847.60301115 23603.49876987
0.10100000 1103578.61120954 16884.75354563
0.10200000 1094293.78498489 18597.52375058
0.10300000 1084994.11714691 18618.49992607
0.10400000 1075681.94600006 22024.58888050
0.10500000 1066360.04553394 20346.15062606
0.10600001 1057024.97367889 20358.30195099
0.10700001 1047684.41807106 18669.73720858
0.10800001 1038335.32694490 20372.14007341
0.10900001 1028982.42726729 18676.03193390
0.11000001 1019625.27326110 20372.11391866
0.11100001 1010266.42427936 22064.21974490
0.11200001 1000908.04090256 16965.39209198
0.11300001 991549.17895076 22042.13928584
0.11400001 982194.19453975 18637.13571891
0.11500001 972843.85198346 18620.23220375
0.11600001 963498.33373730 21982.21551939
0.11700001 954161.10272550 16888.65231361
0.11800001 944830.39002401 23611.31255875
0.11900001 935510.63555990 25258.78834985
0.12000001 926201.73542596 25215.84343476
0.12100001 916907.17379486 23491.16289925
0.12200001 907625.45136081 21769.39747647
0.12300001 898359.99586491 16709.49671035
0.12400001 889110.95854210 25006.24688723
0.12500001 879880.28919180 18292.71207426
0.12600001 870670.57620204 26538.04041320
0.12700001 861481.37574454 24810.66479068
0.12800001 852313.32639367 19790.71637158
0.12900001 843169.56878214 26306.89178590
0.13000001 834050.63233560 16389.09569789
0.13100001 824956.43103986 17967.55191500
0.13200001 815890.87209687 16277.02366564
0.13300001 806854.38052503 19461.32857573
0.13400001 797846.09662984 21003.29948399
0.13500001 788869.51200016 27357.99596605
0.13600001 779923.98081161 17630.18241752
0.13700001 771012.07354226 27131.91614731
0.13800001 762133.01970599 17479.52163122
0.13900001 753291.84043464 17401.04233464
0.14000001 744485.00627472 18895.03035035
0.14100001 735716.40654251 17237.83621828
0.14200001 726984.84296761 18712.59074057
0.14300001 718295.64389631 20169.74263197
0.14400001 709642.23871608 20065.13524617
0.14500001 701034.17496064 18423.17898703
0.14600001 692465.83566087 21376.42135527
0.14700001 683943.76181730 15183.55222865
0.14800001 675463.42827707 22644.91250135
0.14900001 667027.64433075 18009.74724664
0.15000001 658638.49346714 17901.79509710
0.15100001 650295.87106209 22240.11983972
0.15200001 642001.75041628 22100.91130096
0.15300001 633756.03527940 17567.71812695
0.15400001 625557.31446853 21816.31237162
0.15500001 617410.09391556 26005.31438299
0.15600001 609311.87360209 18654.08389071
0.15700001 601268.54961764 17100.07835820
0.15800001 593272.04323379 16979.44667876
0.15900001 585331.76123599 22476.74069238
0.16000001 577442.42476889 16734.28225970
0.16100001 569610.27775841 17993.98952378
0.16200001 561830.14810433 13736.74776961
0.16300001 554106.30237147 14994.11725001
0.16400001 546437.82890986 24343.80642720
0.16500001 538826.26687713 17441.80708226
0.16600001 531270.82789358 15970.00184047
0.16700001 523772.61897306 14518.97768344
0.16800001 516330.95000868 17015.68726096
0.16900001 508949.98247422 19467.33774885
0.17000001 501626.67570185 15440.06980718
0.17100001 494362.46499995 14030.00741921
0.17200001 487158.09844193 15170.10390186
0.17300001 480013.74781115 15034.03129142
0.17400001 472930.36603428 17380.19177256
0.17500001 465907.02957433 18449.91924249
0.17600001 458943.02745277 18277.40693153
0.17700001 452042.85634105 13276.49931779
0.17800001 445203.32920330 14344.45194445
0.17900001 438425.59279107 16572.48819028
0.18000001 431710.72878363 18753.51494418
0.18100001 425059.31366548 11604.11981121
0.18200001 418467.78535823 11486.94125070
0.18300001 411941.74589005 13643.51126839
0.18400001 405477.05928696 12377.18781944
0.18500001 399076.86661652 13361.09412553
0.18600001 392739.53238090 14321.24772485
0.18700001 386465.32864356 11988.15506090
0.18800001 380254.37701212 15092.29693666
0.18900001 374109.37928544 12794.54137607
0.19000001 368024.28712590 15815.84448651
0.19100001 362007.71512082 10425.82268810
0.19200001 356051.91468906 11338.47375903
0.19300001 350162.24049339 13246.63818380
0.19400001 344335.26787421 15107.71059188
0.19500001 338573.28435685 14931.08254571
0.19600001 332874.19528581 11803.71952264
0.19700001 327239.63487741 12634.72289970
0.19800001 321669.42700022 13442.56598962
0.19900001 316163.68598283 15175.85764439
0.20000001 310719.86806026 12178.66580420
0.20100001 305341.71246681 10177.03975751
0.20200001 300026.29481977 10962.96133086
0.20300001 294775.05548099 11726.15226127
0.20400001 289587.21838715 14247.69181808
0.20500001 284461.99007451 8789.87590877
0.20600001 279400.53927644 10410.46458552
0.20700001 274402.05259937 10273.61333494
0.20800001 269466.34307736 9292.54728028
0.20900001 264595.42811021 10835.18329331
0.21000001 259784.68200985 9866.62268915
0.21100001 255036.50915796 8921.17751208
0.21200001 250350.43684668 9598.43620246
0.21300001 245726.19472042 10254.15459045
0.21400001 241164.57701205 9333.06957160
0.21500001 236664.75588057 9968.31998897
0.21600001 232224.21091667 8314.78826498
0.21700001 227845.80286133 10430.78134815
0.21800001 223527.83301532 9545.75656025
0.21900001 219269.18695416 7235.88351161
0.22000001 215070.37071847 9981.41637699
0.22100001 210933.72780387 11238.54954879
0.22200001 206855.11557010 9687.02552019
0.22300001 202835.54351949 9541.38441832
0.22400001 198873.03712763 6711.96532044
0.22500001 194972.06898223 7931.46414125
0.22600001 191127.31433717 9111.03950530
0.22700001 187341.48160207 8969.91056329
0.22800001 183612.06524270 6937.78221328
0.22900001 179939.29349244 6207.90591907
0.23000001 176323.26747286 7331.52180824
0.23100001 172765.40440642 9018.35453652
0.23200001 169260.95823805 8281.93907827
0.23300001 165813.59328445 9312.09183926
0.23400001 162420.78511637 7442.93282997
0.23500001 159081.59658334 6757.78654248
0.23600001 155797.50972590 8861.76277234
0.23700001 152567.27068916 5446.65182122
0.23800001 149390.31996585 5891.20754650
0.23900001 146266.49057601 7898.39086469
0.24000001 143194.80545432 6211.79095443
0.24100001 140176.45205711 5597.24599540
0.24200001 137208.96818064 6501.64726478
0.24300001 134293.11736431 5406.64116084
0.24400001 131427.26144063 7244.92812963
0.24500001 128612.23059383 6169.52899343
0.24600001 125847.13088652 4662.63641991
0.24700001 123132.16155811 4580.51662665
0.24800001 120465.16228000 4949.31142641
0.24900001 117846.77371727 7512.73217988
0.25000001 115276.78518674 6076.23963465
0.25100001 112753.82598975 8097.98016569
0.25200001 110279.05148699 7114.65334328
0.25300001 107851.02480619 5341.86151138
0.25400001 105468.33123417 4034.16386057
0.25500001 103131.65972061 6336.40947302
0.25600001 100840.52203818 5053.62300104
0.25700001 98593.87502819  5341.81640177
0.25800001 96391.39785996  4119.28658245
0.25900001 94233.07339171  4410.10804340
0.26000001 92118.44603058  5049.01226583
0.26100001 90044.76897585  4600.38746465
0.26200001 88016.09142390  3819.45846806
0.26300001 86027.74334196  3406.69879754
0.26400001 84080.50186320  4344.86013937
0.26500001 82175.38763782  3934.55774628
0.26600001 80309.60248842  4181.31965142
0.26700001 78484.83317605  4417.12662017
0.26800001 76699.37020605  3713.78368112
0.26900001 74952.34526727  3642.68415237
0.27000001 73244.33285875  3572.85872593
0.27100001 71574.37328207  3796.30493853
0.27200001 69942.34849103  3436.96716750
0.27300001 68346.89616355  2809.05756526
0.27400001 66786.99626451  3305.95647155
0.27500001 65265.46816343  3242.38861181
0.27600001 63777.49569846  3179.94608602
0.27700001 62326.46824082  2858.91523351
0.27800001 60908.93282660  3058.84675132
0.27900001 59526.46308174  3250.14503809
0.28000001 58177.18924632  2697.38550707
0.28100001 56861.25972939  2645.75454043
0.28200001 55578.65508337  2595.24542195
0.28300001 54328.24184557  2777.25985459
0.28400001 53109.97095432  2724.54163891
0.28500001 51923.43435547  2895.77007107
0.28600001 50767.01822046  2185.52023784
0.28700001 49641.76955692  3002.33436491
0.28800001 48546.00743845  2314.91647427
0.28900001 47481.45745422  2478.53219643
0.29000001 46444.59028560  2635.49840051
0.29100001 45437.69551649  1990.17115783
0.29200001 44458.63055106  3321.72673886
0.29300001 43507.36743065  2302.40999342
0.29400001 42583.35886601  1884.31371902
0.29500001 41687.51816940  2776.38884151
0.29600001 40817.23553840  2545.77110104
0.29700001 39972.93436136  1965.46927559
0.29800001 39154.76655282  2107.30963563
0.29900001 38362.12988128  2934.70307484
0.30000001 37594.14220323  3055.27608149
0.30100001 36851.58930224  1669.37707442
0.30200001 36131.65150185  1970.62036620
0.30300001 35436.04451288  2100.64881817
0.30400001 34764.44713758  2226.66294458
0.30500001 34114.43570709  2505.36427694
0.30600001 33487.17158167  1696.29275678
0.30700001 32882.61234244  1823.01211457
0.30800001 32299.25063988  1946.19143945
0.30900001 31737.33292879  1918.52186638
0.31000001 31196.90760441  1891.93655124
0.31100001 30675.44025291  1435.61067181
0.31200001 30175.22864876  1700.07246256
0.31300001 29694.29970482  1818.18205701
0.31400001 29234.09206328  1519.44200693
0.31500001 28791.78867462  1364.73084779
0.31600002 28368.38837816  1483.80862437
0.31700002 27962.73339204  1600.58693515
0.31800002 27575.47203699  1451.43503939
0.31900002 27206.07670227  1436.48091790
0.32000002 26853.51270737  1292.99669808
0.32100002 26518.27345235  1536.99920207
0.32200002 26199.63032036  1904.05822369
0.32300002 25896.54040202  2013.71507701
0.32400002 25609.63038951  1248.46954061
0.32500002 25337.76286290  1486.81999520
0.32600002 25081.75212823  1353.28600016
0.32700002 24840.18207545  1710.99182238
0.32800002 24614.05337643  1700.58502831
0.32900002 24400.81939652  1328.62467906
0.33000002 24203.17710336  1201.68780009
0.33100002 24016.72442586  1196.03293305
0.33200002 23846.01233060  1191.10837232
0.33300002 23686.97613537  1780.07634087
0.33400002 23541.18870469  1656.12270380
0.33500002 23407.45455471  1533.65649505
0.33600002 23285.80271179  1294.80712111
0.33700002 23175.17726629  1292.47969735
0.33800002 23077.47570875  1525.53660397
0.33900002 22989.81173292  1406.97654469
0.34000002 22913.51096356  1406.43136955
0.34100002 22847.96746532  1758.15117972
0.34200002 22793.69542780  1290.00925383
0.34300002 22747.99431990  1525.93553125
0.34400002 22713.02532676  1292.93902796
0.34500002 22687.29702125  1295.21784828
0.34600002 22672.02507792  1534.10264955
0.34700002 22663.69543474  1419.65394927
0.34800002 22665.91401676  1542.52885147
0.34900002 22676.19755368  2023.85072752
0.35000002 22694.83206861  1672.83615101
0.35100002 22721.70554209  1679.58855322
0.35200002 22755.47573775  1325.39274712
0.35300002 22797.42536542  1452.65201309
0.35400002 22847.12401962  1459.93129400
0.35500002 22903.53172233  1467.65838228
0.35600002 22966.51788331  1352.84279999
0.35700002 23036.43930801  1237.05684943
0.35800002 23113.21700972  1991.43487188
0.35900002 23195.82001799  2004.11894448
0.36000002 23285.12901360  1765.24571413
0.36100002 23379.43948567  1269.50362420
0.36200002 23480.41247838  1406.35937201
0.36300002 23585.22052631  1287.75310173
0.36400002 23695.91337266  1946.02697791
0.36500002 23811.22491458  1830.13083362
0.36600002 23931.85242485  1712.68309991
0.36700002 24056.68639260  1859.10081248
0.36800002 24187.29013592  1874.27320141
0.36900002 24321.08753334  1889.74859086
0.37000002 24458.04902877  1361.09049292
0.37100002 24599.40083454  1921.70528422
0.37200002 24745.00761759  1938.27653850
0.37300002 24893.28928154  1675.81631382
0.37400002 25046.06925686  1690.60975492
0.37500002 25200.73705579  1421.32163728
0.37600002 25359.69616800  1577.49997486
0.37700002 25520.10692000  1591.68914400
0.37800002 25684.11303520  1752.17027427
0.37900002 25850.51101319  1473.47919755
0.38000002 26019.26549867  1784.40131243
0.38100002 26189.77341035  1800.80890501
0.38200002 26362.56087906  2726.15254965
0.38300002 26537.21460102  1528.54363343
0.38400002 26714.01517676  1697.00789450
0.38500002 26891.44533652  2335.52213812
0.38600002 27071.47941137  1728.64939971
0.38700002 27251.77578970  1903.26411132
0.38800002 27433.42838802  1920.88874673
0.38900002 27616.22273975  2100.21383886
0.39000002 27800.60370923  1793.55603327
0.39100002 27984.86960827  1974.61249311
0.39200002 28170.38690469  1826.70882538
0.39300002 28356.06968605  1843.42817763
0.39400002 28543.10694332  1860.29708317
0.39500002 28729.47524151  1877.18400122
0.39600002 28916.05636177  2066.34148551
0.39700002 29102.40808371  1911.15522940
0.39800002 29289.93340691  2278.90337670
0.39900002 29476.28176436  1768.57698965
0.40000002 29662.29161439  2141.02431017
0.40100002 29847.98286353  1799.83345195
0.40200002 30034.26122522  2178.68541250
0.40300002 30218.92024166  2380.64664943
0.40400002 30403.00836520  2770.47426854
0.40500002 30586.35688969  2421.52198969
0.40600002 30769.19108128  2817.68880677
0.40700002 30950.94316515  1894.19781146
0.40800002 31131.75393397  2864.89979152
0.40900002 31310.79568484  1925.61402586
0.41000002 31489.56120479  1941.33154026
0.41100002 31666.63060053  2152.69765022
0.41200002 31841.67186647  2761.62833183
0.41300002 32015.87186799  3181.09717953
0.41400002 32188.31678786  2204.09509649
0.41500002 32359.68483534  2423.09331528
0.41600002 32528.15722260  2441.56359682
0.41700002 32695.71436337  2255.02352649
0.41800002 32862.33742063  2271.93780523
0.41900002 33025.08955052  2288.63881430
0.42000002 33186.73987583  2934.03981145
0.42100002 33346.83547692  2110.85478571
0.42200002 33504.79944152  2976.23147542
0.42300002 33659.92338546  2568.92547451
0.42400002 33813.07045918  3017.81668148
0.42500002 33964.39237951  3906.58459661
0.42600002 34112.03166154  2184.87573145
0.42700002 34258.56765612  2639.28017729
0.42800002 34402.21388141  2213.78256817
0.42900002 34544.00884973  2450.89754403
0.43000002 34683.19520385  2242.26867618
0.43100002 34818.54605745  2481.86608058
0.43200002 34952.13131385  2270.14103641
0.43300002 35082.79399191  2512.27899681
0.43400002 35211.12982122  2527.27896268
0.43500002 35336.20734820  2542.08687710
0.43600002 35459.52955420  3486.55840864
0.43700002 35579.02806329  3038.80493089
0.43800002 35695.06885462  2350.52039547
0.43900002 35809.17205321  2836.08656102
0.44000002 35919.74609406  2613.70044840
0.44100002 36028.17808521  3344.13564835
0.44200002 36133.24108029  2881.26478029
0.44300002 36235.52432175  3137.27184445
0.44400002 36334.18229581  3637.96017477
0.44500002 36429.05932676  2924.52502135
0.44600002 36521.78241966  2693.66419002
0.44700002 36611.53953415  2952.35468795
0.44800002 36697.04429731  3460.16447078
0.44900002 36780.85318147  2482.70770741
0.45000002 36861.09712186  2743.01867232
0.45100002 36937.02202427  3756.49531790
0.45200002 37010.66472280  3269.33722323
0.45300002 37080.42415269  3787.76550671
0.45400002 37147.54168385  2535.31984008
0.45500002 37211.34045628  2799.78138862
0.45600002 37271.66796584  3065.96755218
0.45700002 37328.60237807  3590.26514688
0.45800002 37381.62591011  3088.47007907
0.45900002 37431.78601255  3357.63136446
0.46000002 37479.32711766  2850.86515232
0.46100002 37522.20627813  3640.40462564
0.46200002 37562.64810418  3652.21644827
0.46300002 37599.55643964  2878.62217745
0.46400002 37632.50967521  3412.32797653
0.46500002 37663.14740989  3159.18495447
0.46600002 37689.52393449  2640.15127674
0.46700002 37712.54360084  2912.16275488
0.46800002 37733.10855527  3450.88160648
0.46900002 37749.39288651  3193.59878956
0.47000002 37762.09470586  3468.25975264
0.47100002 37772.03213426  4278.81600297
0.47200002 37778.31226667  2948.40852060
0.47300002 37782.07177684  2954.93597372
0.47400002 37780.77739827  2961.06856894
0.47500002 37777.44740294  3506.50283414
0.47600002 37771.12941492  3783.53421282
0.47700002 37760.22803751  2978.14932648
0.47800002 37746.41419456  3796.91198380
0.47900002 37729.85592021  2716.54975502
0.48000002 37709.25079193  3536.93934568
0.48100002 37686.66797026  3269.69546808
0.48200002 37658.94398158  3546.90780703
0.48300002 37628.41077228  3278.18730186
0.48400002 37595.04798734  3008.54385779
0.48500002 37558.50009561  2738.01478675
0.48600002 37519.18568259  3563.00963723
0.48700002 37476.28179434  5212.20151902
0.48800002 37429.32851773  3294.52965229
0.48900002 37380.21761967  2747.44612528
0.49000002 37327.69626308  2749.18496009
0.49100002 37272.39295017  3300.84327613
0.49200002 37213.26556597  4127.88167857
0.49300002 37151.30084376  3578.78497992
0.49400002 37086.63471420  3029.05103386
0.49500002 37017.99733751  4682.03652518
0.49600002 36947.53768228  3856.21469069
0.49700002 36873.21652075  4131.64410700
0.49800002 36796.34146204  3305.04754679
0.49900002 36716.41658087  3029.10451151
0.50000002 36633.41935243  3303.60191380
