# SAXS profile: number of points = 501, q_min = 0, q_max = 0.5, delta_q = 0.001
#    q    intensity    error
0.00000000 1682732.95097188 328.13292544
0.00100000 1682663.76450670 605.75896961
0.00200000 1682456.14294193 1135.65793245
0.00300000 1682110.27131054 1211.11943849
0.00400000 1681625.99366263 1387.34149749
0.00500000 1681003.79110409 1512.90347188
0.00600000 1680243.37574298 2117.10673963
0.00700000 1679345.45551271 2821.30048252
0.00800000 1678309.40325617 3625.14846409
0.00900000 1677136.63747727 2515.70506376
0.01000000 1675826.25237123 3041.62477939
0.01100000 1674379.56334877 3918.04834883
0.01200000 1672796.02950682 4566.73336078
0.01300000 1671077.02727360 4912.96667687
0.01400000 1669221.70759025 4882.47371115
0.01500000 1667232.02181728 4801.62843664
0.01600000 1665106.75770355 6369.03363293
0.01700000 1662848.02040302 4938.65884214
0.01800000 1660455.32831790 5205.52768851
0.01900000 1657929.45523471 5471.16744915
0.02000000 1655271.13873390 5214.10432288
0.02100000 1652481.86507153 8179.78560296
0.02200000 1649559.92018617 6260.08018152
0.02300000 1646508.06295720 7705.65808539
0.02400000 1643326.44111364 8011.21676572
0.02500000 1640016.20888854 7675.27620813
0.02600000 1636577.50141215 11267.83661259
0.02700000 1633011.60027522 7544.51393882
0.02800000 1629318.09428506 10631.30105276
0.02900000 1625499.70864563 8046.22392723
0.03000000 1621556.83156149 8294.26357469
0.03100000 1617489.51598839 11645.92505098
0.03200000 1613298.95820416 8784.41323202
0.03300000 1608987.89092744 8205.83862202
0.03400000 1604554.26256804 9266.30129388
0.03500000 1600001.49283911 12096.01184443
0.03600000 1595329.32809894 11510.30163417
0.03700000 1590539.62863770 11785.89919327
0.03800000 1585633.55451184 11131.14806782
0.03900000 1580612.59959767 9483.67603678
0.04000000 1575475.37953695 11627.00883977
0.04100000 1570226.18804542 9892.42544336
0.04200000 1564865.06487619 11102.71815038
0.04300000 1559392.25748387 12350.38725255
0.04400000 1553811.48014248 13634.69637147
0.04500000 1548122.23181791 12818.45267506
0.04600000 1542324.87900455 10873.39090245
0.04700000 1536422.80330402 14380.91810775
0.04800000 1530415.94554444 14623.12504006
0.04900000 1524307.20481287 13718.76548189
0.05000000 1518096.07779319 12774.77908950
0.05100000 1511785.82135614 16508.70193825
0.05200000 1505374.76633836 11967.72995010
0.05300000 1498868.54464015 13354.91935532
0.05400000 1492265.11225107 14773.42530023
0.05500000 1485568.66042785 12478.77732972
0.05600000 1478777.75859044 15172.26051114
0.05700000 1471897.22883687 12805.50648862
0.05800000 1464925.77436106 19446.89056267
0.05900000 1457865.37654226 13120.78900170
0.06000000 1450718.89492092 13274.07850868
0.06100000 1443487.98969617 18794.21450412
0.06200000 1436172.75435682 20357.74974460
0.06300000 1428776.50187437 16459.50607116
0.06400000 1421297.40778751 19400.71052361
0.06500000 1413741.82934740 19594.46267134
0.06600000 1406107.58743473 19783.93468087
0.06700000 1398397.57574230 15690.02153411
0.06800000 1390614.81358204 14392.86399429
0.06900000 1382759.88445114 18874.67330645
0.07000000 1374832.70527530 17570.36279621
0.07100000 1366837.98085181 16238.03597307
0.07200000 1358774.50869747 16366.43972398
0.07300000 1350647.36028601 17990.62368197
0.07400000 1342455.45147075 15102.62453682
0.07500000 1334201.53807833 16730.88807172
0.07600000 1325885.51815984 19908.17198848
0.07700000 1317513.00846428 16956.39321400
0.07800000 1309082.07622986 15512.62333081
0.07900000 1300595.21647938 15607.14332979
0.08000000 1292056.08686603 21977.87506860
0.08100000 1283464.75558608 18943.94068127
0.08200000 1274822.31473223 15871.53856319
0.08300000 1266131.94143208 17548.58953184
0.08400000 1257393.79653376 22444.48032164
0.08500000 1248612.29561007 24160.64905428
0.08600000 1239786.70664399 21032.98246575
0.08700000 1230919.77081074 19497.77008521
0.08800000 1222011.14327653 17945.23448179
0.08900000 1213066.51596925 24564.59810217
0.09000000 1204084.67276317 18079.33221082
0.09100000 1195068.17603486 19790.32992491
0.09200000 1186018.21558772 18199.45037333
0.09300000 1176937.93211784 18254.30818496
0.09400000 1167825.90120818 21633.97583662
0.09500000 1158686.43804668 23359.11968896
0.09600000 1149520.51738295 18398.07674557
0.09700000 1140331.34373690 16762.87154100
0.09800000 1131119.50845243 20156.55058834
0.09900000 1121886.94181911 18511.13541045
0.10000000 1112633.26734630 20227.67375161
0.10100000 1103361.45907565 18569.57422960
0.10200000 1094073.85506452 20284.13022699
0.10300000 1084771.14772003 23691.40298067
0.10400000 1075456.38563482 22019.97053180
0.10500000 1066131.71098455 22036.94350287
0.10600001 1056793.78365306 18657.69512831
0.10700001 1047450.19843077 25453.04101963
0.10800001 1038098.60057430 16972.91291816
0.10900001 1028742.81112477 25461.38577369
0.11000001 1019383.14792967 18670.00323312
0.11100001 1010021.65539993 25452.54691422
0.11200001 1000660.68887159 20353.43936983
0.11300001 991299.19949219 20341.46053127
0.11400001 981941.69756714 16938.49508057
0.11500001 972588.61392073 23692.25975073
0.11600001 963240.55785701 23666.82162105
0.11700001 953901.15103386 20260.86140214
0.11800001 944567.92930845 18546.59216548
0.11900001 935245.57699288 16834.42117880
0.12000001 925934.45301152 23527.99555931
0.12100001 916637.64679619 16774.46972658
0.12200001 907353.50031462 23436.94201727
0.12300001 898086.04283230 28397.48201229
0.12400001 888834.60393432 23331.90945262
0.12500001 879601.61495792 18286.91843666
0.12600001 870389.66777530 19897.10874296
0.12700001 861198.60309253 18188.51535447
0.12800001 852028.36507797 23081.44949777
0.12900001 842882.58225627 16436.21112867
0.13000001 833761.67814391 21298.44307209
0.13100001 824665.49634821 22859.72863633
0.13200001 815597.80468508 19525.41236460
0.13300001 806559.69243670 19454.22069870
0.13400001 797549.43587468 20995.48988925
0.13500001 788571.09215743 19304.22124617
0.13600001 779623.70069100 17623.39458508
0.13700001 770710.14031702 17549.07072251
0.13800001 761829.49219592 23826.21849197
0.13900001 752986.42467358 15812.71566384
0.14000001 744178.22323622 17313.30718010
0.14100001 735408.10501329 23496.29006333
0.14200001 726674.81607751 18704.61064804
0.14300001 717984.14373279 18610.14988335
0.14400001 709329.42626859 16970.70732398
0.14500001 700719.88397798 18414.91941961
0.14600001 692150.27032417 21366.67985287
0.14700001 683626.95721961 18211.82299950
0.14800001 675145.28544352 27161.09611482
0.14900001 666708.17434369 16501.02809354
0.15000001 658318.01497644 17893.08449131
0.15100001 649974.21880579 14819.41288803
0.15200001 641679.14356640 16199.19074373
0.15300001 633432.35448671 20485.20331078
0.15400001 625232.51720271 15990.32238206
0.15500001 617084.51775576 18771.71191602
0.15600001 608985.31061103 18644.08616426
0.15700001 600940.95029377 14242.30119415
0.15800001 592943.89426551 15555.88380027
0.15900001 585002.82288492 15444.07525313
0.16000001 577112.68318455 19512.18073949
0.16100001 569279.74411551 15216.84827851
0.16200001 561499.02843754 17847.24746139
0.16300001 553774.72909226 17709.71667241
0.16400001 546105.77346592 17570.95409078
0.16500001 538493.62946750 16090.19040813
0.16600001 530937.68064125 15959.98743360
0.16700001 523439.12422450 21105.06648520
0.16800001 515997.11765047 15696.63306007
0.16900001 508615.71186261 14266.67139139
0.17000001 501292.18747306 15429.77425901
0.17100001 494027.81028493 12745.91810723
0.17200001 486823.01079684 12633.05772675
0.17300001 479678.52763696 17527.45422758
0.17400001 472595.14808690 17367.87251241
0.17500001 465571.69191881 22123.96784484
0.17600001 458607.67478367 13393.63777463
0.17700001 451707.47149428 14472.70807023
0.17800001 444868.02902557 14333.64857221
0.17900001 438090.34299588 13011.28380155
0.18000001 431375.60530993 14054.21788485
0.18100001 424724.36611883 11594.97574275
0.18200001 418132.89473402 13773.29820316
0.18300001 411607.18723587 11360.35890437
0.18400001 405142.68661340 16864.06512695
0.18500001 398742.82071182 14462.40279045
0.18600001 392405.86715200 15409.77913107
0.18700001 386132.09427231 11977.81813022
0.18800001 379921.64599576 15079.09084200
0.18900001 373777.12544181 11717.91343624
0.19000001 367692.32342783 12641.26267673
0.19100001 361676.26356023 11457.90457097
0.19200001 355720.94273191 14417.37049016
0.19300001 349831.84624223 17306.18225137
0.19400001 344005.75721955 10062.16887415
0.19500001 338244.33837664 11933.26082184
0.19600001 332545.74533497 11792.07268683
0.19700001 326912.05297845 10680.21727553
0.19800001 321342.47016244 9592.07318766
0.19900001 315837.60654644 10422.64150861
0.20000001 310394.56752811 13101.75531457
0.20100001 305017.36404436 10166.22922408
0.20200001 299702.57290529 12776.32128681
0.20300001 294452.25425874 9010.23940618
0.20400001 289265.33776751 11563.38242381
0.20500001 284141.10035667 9657.95645762
0.20600001 279080.61248154 10398.54411258
0.20700001 274083.17627634 11971.95370565
0.20800001 269148.31593548 10125.36012412
0.20900001 264278.49998950 10822.20508615
0.21000001 259468.95105357 9033.41195796
0.21100001 254721.78573048 9720.18380298
0.21200001 250036.79851313 9586.41130819
0.21300001 245413.61166224 10241.11049882
0.21400001 240853.17765099 10097.76995041
0.21500001 236354.39662212 8423.67109386
0.21600001 231915.14925556 9058.60615820
0.21700001 227538.03196682 7440.49399710
0.21800001 223221.35665218 8066.10410400
0.21900001 218963.83819362 7948.38770224
0.22000001 214766.27263292 7831.45250185
0.22100001 210630.83388253 11222.41135990
0.22200001 206553.56625321 6909.21711787
0.22300001 202535.18293530 7485.70071525
0.22400001 198574.12148666 10052.81537562
0.22500001 194674.45687582 7919.35728019
0.22600001 190831.10421872 12345.81887124
0.22700001 187046.48654366 8316.08718499
0.22800001 183318.45264061 6926.68806059
0.22900001 179647.12066275 7437.39114716
0.23000001 176032.54633120 8539.33922637
0.23100001 172475.91910266 7202.59472236
0.23200001 168972.90283122 6496.16355657
0.23300001 165526.92216843 5809.99524289
0.23400001 162135.63883378 9144.45046272
0.23500001 158797.87205547 5621.44493664
0.23600001 155515.32487984 6634.28407316
0.23700001 152286.37380089 8154.93570275
0.23800001 149110.91293847 6949.31442619
0.23900001 145988.51864334 5781.14561172
0.24000001 142918.34687474 7749.74772585
0.24100001 139901.42274296 5586.26407436
0.24200001 136935.54195926 6987.82103672
0.24300001 134021.02519552 6376.72068044
0.24400001 131156.64723131 5302.00771513
0.24500001 128343.12212574 6156.61985961
0.24600001 125579.51214368 6048.53748853
0.24700001 122866.05462521 6855.92617241
0.24800001 120200.51517184 4489.48945405
0.24900001 117583.56282420 4850.32219595
0.25000001 115015.17876950 6928.51469685
0.25100001 112493.62029238 4677.48495304
0.25200001 110020.35588551 5010.32724406
0.25300001 107593.73797901 5329.11809422
0.25400001 105212.62104736 7243.88930183
0.25500001 102877.35461391 4740.58872490
0.25600001 100587.68590575 4653.18657015
0.25700001 98342.49013346  6089.36727717
0.25800001 96141.56483667  4855.62996182
0.25900001 93984.73146849  4398.48564084
0.26000001 91871.48417212  4675.79940818
0.26100001 89799.26200809  5293.66674585
0.26200001 87771.99036008  4155.12622025
0.26300001 85785.12867894  4076.50950771
0.26400001 83839.39879810  5665.44764186
0.26500001 81935.63489942  3596.15518590
0.26600001 80071.24069216  3527.53867561
0.26700001 78247.94920839  3774.68124843
0.26800001 76463.91477821  4319.44675022
0.26900001 74718.25494589  4236.52525591
0.27000001 73011.75082766  4451.89171739
0.27100001 71343.24071394  3492.96523065
0.27200001 69712.55117982  2854.72910591
0.27300001 68118.46788879  3639.56991154
0.27400001 66559.93098631  3569.27646806
0.27500001 65039.77069080  3769.70528764
0.27600001 63553.18701590  3432.82555913
0.27700001 62103.44897755  2589.71394493
0.27800001 60687.37385971  3301.69673110
0.27900001 59306.17492926  2490.85946492
0.28000001 57958.26151074  3175.82308979
0.28100001 56643.69331255  2635.63117457
0.28200001 55362.41834374  2350.13476992
0.28300001 54113.24772910  3227.31424731
0.28400001 52896.32179696  2713.58143662
0.28500001 51711.01654420  2440.24298622
0.28600001 50556.01351901  2829.36743051
0.28700001 49431.92744389  2135.45936665
0.28800001 48337.45157418  3143.14293739
0.28900001 47274.09390114  2056.42318204
0.29000001 46238.49149277  2623.80332395
0.29100001 45232.82048031  2179.31739390
0.29200001 44254.99136558  2334.00835510
0.29300001 43304.94017378  2291.69754248
0.29400001 42382.21201127  1875.41297027
0.29500001 41487.52597474  2210.45548857
0.29600001 40618.40088050  2895.27975182
0.29700001 39775.27142889  2133.54566044
0.29800001 38958.38649042  2620.92557521
0.29900001 38166.74909850  2232.75492796
0.30000001 37399.94834092  1857.46852228
0.30100001 36658.57840507  2989.14062466
0.30200001 35939.86543708  1960.16035373
0.30300001 35245.35801639  1928.62608196
0.30400001 34574.93877215  2056.34458082
0.30500001 33926.02887848  2024.36623902
0.30600001 33299.86245940  1686.80461274
0.30700001 32696.37477518  1661.62984474
0.30800001 32114.20519702  1637.34282949
0.30900001 31553.32688990  1907.39870080
0.31000001 31013.95854826  1736.16148173
0.31100001 30493.63781606  1855.23301257
0.31200001 29994.53952373  1830.71680651
0.31300001 29514.62809359  1390.13904903
0.31400001 29055.46401212  1372.87073957
0.31500001 28614.24977331  1763.21015451
0.31600002 28191.88112463  2681.04802189
0.31700002 27787.29689844  1988.18118722
0.31800002 27401.18801234  1442.26159932
0.31900002 27032.75978466  1557.08703732
0.32000002 26681.25527246  1927.05375330
0.32100002 26347.08158004  1781.58974080
0.32200002 26029.47134198  1261.12794623
0.32300002 25727.36896759  1250.35019103
0.32400002 25441.48789926  1488.32711258
0.32500002 25170.66354763  1353.93005634
0.32600002 24915.67986196  1344.32557061
0.32700002 24675.13539768  1214.01671905
0.32800002 24450.03009318  1327.26994646
0.32900002 24237.75607843  1199.76898270
0.33000002 24041.18754349  1551.73852348
0.33100002 23855.71023777  1544.41875393
0.33200002 23686.04675033  1419.74170945
0.33300002 23527.97458595  1178.75158258
0.33400002 23383.35033972  1527.51743328
0.33500002 23250.53678177  1992.10608580
0.33600002 23129.93165208  1286.13991042
0.33700002 23020.34909796  1167.13175454
0.33800002 22923.67726733  1165.66904425
0.33900002 22837.02137447  1514.09458883
0.34000002 22761.77681930  1280.69143339
0.34100002 22697.22674815  1397.24134479
0.34200002 22643.93631200  1165.03057843
0.34300002 22599.33240702  1632.57585040
0.34400002 22565.44713142  1401.31433323
0.34500002 22540.75261288  1754.79767402
0.34600002 22526.53864881  1407.00767064
0.34700002 22519.30532370  1410.60935228
0.34800002 22522.53141752  1179.05457555
0.34900002 22533.86334790  1301.33066997
0.35000002 22553.61801316  1306.19284910
0.35100002 22581.52996966  1430.76580664
0.35200002 22616.40313751  1796.30790427
0.35300002 22659.49889766  2045.47306237
0.35400002 22710.22012572  1330.25120687
0.35500002 22767.84281211  1580.54372288
0.35600002 22831.88025221  1344.91196996
0.35700002 22902.87968278  1967.81551555
0.35800002 22980.83891606  1732.52552794
0.35900002 23064.56819885  1494.58409008
0.36000002 23154.98918616  1504.61126858
0.36100002 23250.44397286  1514.99900103
0.36200002 23352.64571554  1525.86194333
0.36300002 23458.62899042  1921.26180532
0.36400002 23570.55194290  1419.53655800
0.36500002 23686.96511053  1560.49733540
0.36600002 23808.83694637  1441.74418958
0.36700002 23934.88937714  1453.32655182
0.36800002 24066.67731886  1465.29971797
0.36900002 24201.75987923  1880.47683169
0.37000002 24339.97596563  2167.23156264
0.37100002 24482.54553364  1912.57654769
0.37200002 24629.34896541  1515.81335388
0.37300002 24778.97616568  1529.11069162
0.37400002 24933.03495942  2103.72492436
0.37500002 25089.02422177  1839.52734308
0.37600002 25249.25310861  1570.62986402
0.37700002 25411.02629130  2017.12736256
0.37800002 25576.32351677  1744.81687297
0.37900002 25744.04386156  1907.63374051
0.38000002 25914.25257474  1629.09956529
0.38100002 26086.08010724  1644.20570705
0.38200002 26260.30168368  1810.38528384
0.38300002 26436.23726257  1522.72733846
0.38400002 26614.47103232  2151.78008490
0.38500002 26793.38493328  1861.60447336
0.38600002 26974.83328403  2192.24480485
0.38700002 27156.56211232  1896.61438778
0.38800002 27339.67032314  2073.85079061
0.38900002 27523.96742612  1932.18260485
0.39000002 27709.82751238  2275.25404483
0.39100002 27895.54530074  2296.36139795
0.39200002 28082.63025167  1655.47113177
0.39300002 28269.84736059  1837.82286398
0.39400002 28458.37702630  2023.39070243
0.39500002 28646.26948787  2212.06503466
0.39600002 28834.41958031  2747.34362777
0.39700002 29022.36257353  2252.42566605
0.39800002 29211.41013253  2097.96357512
0.39900002 29399.34141090  2469.54479552
0.40000002 29586.92831201  1779.65382229
0.40100002 29774.27358799  2334.00541715
0.40200002 29962.16520954  1811.21297273
0.40300002 30148.40511318  2557.79081099
0.40400002 30334.13254409  2948.47782299
0.40500002 30519.23104267  1858.62125856
0.40600002 30703.66933134  2061.90501164
0.40700002 30887.07717233  2646.40489751
0.40800002 31069.61934298  2096.73336071
0.40900002 31250.27933956  2498.45995158
0.41000002 31430.68618174  1937.70189492
0.41100002 31609.55953776  2148.81795919
0.41200002 31786.29396790  2166.07710508
0.41300002 31962.16873786  2580.30600447
0.41400002 32136.40623620  2400.58965959
0.41500002 32309.52143603  2822.55992639
0.41600002 32479.76042920  2844.25275556
0.41700002 32649.11657899  2251.80967715
0.41800002 32817.48676670  2268.83705512
0.41900002 32981.99027993  2285.65203470
0.42000002 33145.39100910  2511.75784969
0.42100002 33307.23650502  3162.52225601
0.42200002 33467.00085511  2972.87382683
0.42300002 33623.94009492  2780.02749878
0.42400002 33778.91188508  2368.74630819
0.42500002 33932.00666973  3469.20852630
0.42600002 34081.44318220  3056.08315496
0.42700002 34229.81529671  2637.06509542
0.42800002 34375.26478445  3981.68710866
0.42900002 34518.85866437  2671.75978723
0.43000002 34659.89922945  2464.83885050
0.43100002 34797.03396809  2480.33269878
0.43200002 34932.46942688  2268.86399679
0.43300002 35064.88882650  3424.08655617
0.43400002 35195.02728443  2526.12320305
0.43500002 35321.88556932  3696.08228113
0.43600002 35447.09137724  3252.97972984
0.43700002 35568.40952716  2570.52907834
0.43800002 35686.22936264  3054.91980936
0.43900002 35802.24433283  2362.94823795
0.44000002 35914.61353322  2613.32697759
0.44100002 36024.72985435  3104.97161329
0.44200002 36131.63987335  3841.51613338
0.44300002 36235.73563262  2895.96012900
0.44400002 36336.11282990  2910.52277561
0.44500002 36432.83700866  2437.35691139
0.44600002 36527.26374954  2694.06846552
0.44700002 36618.86622624  2952.94551243
0.44800002 36706.10223776  3461.01854402
0.44900002 36791.70186540  2483.43999361
0.45000002 36873.73817125  2743.95935606
0.45100002 36951.35268193  2505.30183057
0.45200002 37026.71546643  2767.56197870
0.45300002 37098.20922510  3789.58225194
0.45400002 37167.07547422  3804.97953200
0.45500002 37232.55145617  2546.70664030
0.45600002 37294.48353467  2812.19066421
0.45700002 37353.13907932  3336.00900928
0.45800002 37407.81195385  3090.63357010
0.45900002 37459.63162494  3101.65764555
0.46000002 37508.81175207  3112.48134670
0.46100002 37553.30275159  3122.93280483
0.46200002 37595.44754590  3655.40553814
0.46300002 37633.86082455  3405.11188879
0.46400002 37668.41213208  4466.53218025
0.46500002 37700.55057847  3425.84919344
0.46600002 37728.49828917  3171.45771650
0.46700002 37753.11644123  2915.29578977
0.46800002 37775.11796178  2923.22764202
0.46900002 37792.91241725  2664.40045170
0.47000002 37807.06140760  2938.17591655
0.47100002 37818.43500856  3748.56345572
0.47200002 37826.14361566  4294.02402677
0.47300002 37831.23146100  2689.80068437
0.47400002 37831.36463329  3504.13031525
0.47500002 37829.44900645  3241.22734450
0.47600002 37824.41965122  4330.13976691
0.47700002 37814.86935338  2982.45888726
0.47800002 37802.33271718  3259.31728136
0.47900002 37787.05521035  3808.93534574
0.48000002 37767.69319264  4087.40878951
0.48100002 37746.37563247  3547.78201386
0.48200002 37719.79249496  3279.35891495
0.48300002 37690.50668080  2736.33091473
0.48400002 37658.25092778  3835.49303879
0.48500002 37622.86389532  3016.97759877
0.48600002 37584.65834962  2745.55942258
0.48700002 37542.80350280  2748.13334667
0.48800002 37496.87318658  3025.43535647
0.48900002 37448.79065654  2752.48624372
0.49000002 37397.17794182  4406.88365755
0.49100002 37342.92486663  3031.49878437
0.49200002 37284.68534448  3584.36339549
0.49300002 37223.69249496  3861.58604247
0.49400002 37159.82360408  3310.94044007
0.49500002 37092.04629183  3863.50772489
0.49600002 37022.47887021  3036.02852366
0.49700002 36948.92925200  2760.08514596
0.49800002 36872.73110310  4415.87848623
0.49900002 36793.57293848  2759.51810119
0.50000002 36711.26075751  4138.27706506
