# SAXS profile: number of points = 501, q_min = 0, q_max = 0.5, delta_q = 0.001
#    q    intensity    error
0.00000000 1682732.95097188 302.89193117
0.00100000 1682663.76365609 605.75896930
0.00200000 1682456.13760750 757.10528590
0.00300000 1682110.26108831 1110.19281187
0.00400000 1681625.98095725 1513.46344037
0.00500000 1681003.77714877 1966.77449711
0.00600000 1680243.35849655 1940.68115807
0.00700000 1679345.40934740 3224.34331995
0.00800000 1678309.37053836 2718.86129506
0.00900000 1677136.56101763 2767.27544397
0.01000000 1675826.18112757 3041.62465008
0.01100000 1674379.47751406 3918.04814797
0.01200000 1672795.91972605 3588.14740513
0.01300000 1671076.88505590 4562.04009741
0.01400000 1669221.58684902 3755.74873691
0.01500000 1667231.85022402 5601.89926620
0.01600000 1665106.58195094 4670.62417117
0.01700000 1662847.82579412 4489.68933105
0.01800000 1660455.11180264 7571.67565053
0.01900000 1657929.29486928 5968.54573085
0.02000000 1655270.86923735 7299.74486355
0.02100000 1652481.61098329 7634.46538888
0.02200000 1649559.65359422 6829.17727615
0.02300000 1646507.79820509 5927.42834335
0.02400000 1643326.14329187 8011.21531384
0.02500000 1640015.94451621 8954.48746602
0.02600000 1636577.15460974 9279.39289106
0.02700000 1633011.28035190 8916.24199910
0.02800000 1629317.78668911 9213.79250627
0.02900000 1625499.44838606 9509.17220966
0.03000000 1621556.60556968 7540.23856249
0.03100000 1617489.31485102 10869.52869594
0.03200000 1613298.62338727 11180.15997501
0.03300000 1608987.60046947 11488.17199696
0.03400000 1604554.02827959 12635.86355573
0.03500000 1600001.38667427 11232.01025313
0.03600000 1595329.19534555 8854.07744335
0.03700000 1590539.52429262 10879.29084930
0.03800000 1585633.45015908 11131.14733526
0.03900000 1580612.54934294 18018.98389697
0.04000000 1575475.48909308 16471.59700175
0.04100000 1570226.34941727 10881.66910601
0.04200000 1564865.34370203 11102.72012865
0.04300000 1559392.71467463 14408.78935242
0.04400000 1553812.02139970 13634.70112100
0.04500000 1548122.75064917 11750.25222340
0.04600000 1542325.64171415 14135.41516342
0.04700000 1536423.58943995 13274.70043014
0.04800000 1530416.88100821 12373.42105866
0.04900000 1524308.25707605 16005.23744430
0.05000000 1518097.26362100 12774.78906824
0.05100000 1511787.27622617 12971.13543427
0.05200000 1505376.61927830 13164.51914907
0.05300000 1498870.45117033 15783.10658660
0.05400000 1492267.18761895 14773.44584637
0.05500000 1485571.18409441 17470.31793993
0.05600000 1478780.26981416 15172.28627630
0.05700000 1471900.18675052 25611.06444495
0.05800000 1464928.97189350 14261.08420727
0.05900000 1457868.91733213 13120.82086881
0.06000000 1450722.65018014 14601.52415623
0.06100000 1443492.12945662 16109.37291755
0.06200000 1436177.07129357 17643.43614556
0.06300000 1428781.28090369 13716.30093799
0.06400000 1421302.79832413 22172.32469078
0.06500000 1413747.52504832 19594.54161376
0.06600000 1406113.63250862 15544.58693469
0.06700000 1398403.99526429 21395.58212883
0.06800000 1390621.85973110 17271.52430632
0.06900000 1382767.41806619 15970.96442641
0.07000000 1374840.78736630 20498.87709956
0.07100000 1366846.65360397 19190.52791544
0.07200000 1358783.71022165 17854.41878873
0.07300000 1350657.12372051 20989.21268608
0.07400000 1342465.81407600 21143.83756258
0.07500000 1334212.50930854 21294.03264667
0.07600000 1325897.22032347 15314.11361267
0.07700000 1317525.28443077 24664.07448101
0.07800000 1309095.20900989 17064.05684968
0.07900000 1300609.10218350 15607.30995824
0.08000000 1292070.61380149 17268.52456354
0.08100000 1283480.29439265 20522.85087023
0.08200000 1274838.43541111 17458.91319222
0.08300000 1266148.99625425 22334.86934215
0.08400000 1257411.78330402 24048.00148447
0.08500000 1248631.12759256 17718.07653232
0.08600000 1239806.28758957 27505.10378158
0.08700000 1230940.53296591 17873.25737795
0.08800000 1222032.80822520 17945.55263158
0.08900000 1213089.37706458 22927.39030341
0.09000000 1204108.38032082 16436.08016347
0.09100000 1195093.00691779 19790.74112435
0.09200000 1186044.08831959 19854.37897136
0.09300000 1176965.04105429 18254.72864458
0.09400000 1167854.24744878 18306.11618910
0.09500000 1158715.99918839 18354.06228983
0.09600000 1149551.23438775 20071.16549591
0.09700000 1140363.38120831 20116.01099022
0.09800000 1131152.68497773 23516.66542639
0.09900000 1121921.32043486 25243.23089678
0.10000000 1112668.86994941 23599.70784145
0.10100000 1103398.79797701 18570.20264334
0.10200000 1094112.51256566 20284.84693709
0.10300000 1084811.26932352 23692.27923653
0.10400000 1075497.78602338 28796.45457551
0.10500000 1066174.69497080 18647.39629239
0.10600001 1056838.35825257 27139.61031694
0.10700001 1047496.47836155 16969.44374800
0.10800001 1038146.42620352 18671.06435396
0.10900001 1028792.33335212 22067.59658903
0.11000001 1019434.23271093 25460.37116036
0.11100001 1010074.41110280 18666.17599586
0.11200001 1000715.25698507 23746.97416619
0.11300001 991355.40140370 22037.83161076
0.11400001 981999.73249961 18633.44580153
0.11500001 972648.45425947 20308.90068124
0.11600001 963302.21642518 20287.14563327
0.11700001 953964.43519517 20262.20555779
0.11800001 944633.45008386 20234.04945379
0.11900001 935312.97139277 16835.63427806
0.12000001 926003.59842015 21849.05593392
0.12100001 916708.86286790 30196.39136536
0.12200001 907426.70491552 20090.42819332
0.12300001 898161.38045951 20046.96295636
0.12400001 888911.93796050 23333.93947090
0.12500001 879681.32625940 24938.96677459
0.12600001 870471.33804311 18240.72774826
0.12700001 861282.39287963 19843.94726712
0.12800001 852114.34305863 23083.77864138
0.12900001 842970.70454037 21369.30836728
0.13000001 833852.00162213 18023.71186461
0.13100001 824758.28513887 26128.34370483
0.13200001 815692.89301409 27664.22577067
0.13300001 806656.95582633 17835.18613412
0.13400001 797649.07376090 19382.87340621
0.13500001 788672.98079955 19306.71548025
0.13600001 779728.11353077 22432.77888400
0.13700001 770816.96952796 17551.50322376
0.13800001 761938.57744305 20652.34611547
0.13900001 753098.05181136 15815.05983385
0.14000001 744292.12779771 17315.95716984
0.14100001 735524.47573040 20366.67369353
0.14200001 726793.83772425 23384.59283172
0.14300001 718105.65425632 17062.19114991
0.14400001 709453.47482686 24688.98208855
0.14500001 700846.50758003 23022.80886004
0.14600001 692279.50771370 22897.14579779
0.14700001 683758.73729141 18215.33362078
0.14800001 675279.61833284 15092.50018178
0.14900001 666845.24788620 16504.42066388
0.15000001 658457.58590095 26845.31704382
0.15100001 650116.54899560 19269.45542146
0.15200001 641824.00134489 17675.83383111
0.15300001 633579.85148280 27807.82099380
0.15400001 625382.74349205 20356.20926130
0.15500001 617237.46222777 15887.69302753
0.15600001 609140.92139840 24386.95793913
0.15700001 601099.19094547 17095.26179733
0.15800001 593104.73211364 15560.10338142
0.15900001 585166.47675239 16852.79532593
0.16000001 577279.07920734 19517.80658929
0.16100001 569448.71613950 15221.36490092
0.16200001 561670.74598039 15106.13542624
0.16300001 553949.18032649 14989.86552727
0.16400001 546282.94531433 17576.65459528
0.16500001 538673.38759724 13412.96798442
0.16600001 531120.24782722 14635.01911984
0.16700001 523624.14732919 17153.92787642
0.16800001 516184.99081329 15702.34816195
0.16900001 508806.37194518 16866.93202641
0.17000001 501485.40775500 21867.27223772
0.17100001 494223.77666959 15301.16884823
0.17200001 487021.68847854 16429.67743668
0.17300001 479879.71357934 17534.80556226
0.17400001 472799.02609676 16134.26752751
0.17500001 465778.30396239 12296.54780534
0.17600001 458816.84748636 18272.38181413
0.17700001 451919.16935439 12066.24239166
0.17800001 445082.41279427 15535.60235236
0.17900001 438307.13906617 15384.58130789
0.18000001 431595.05224728 16404.92871081
0.18100001 424946.31994032 13921.24209884
0.18200001 418357.30915134 13780.69041442
0.18300001 411834.06619282 13639.94491665
0.18400001 405372.19507733 12373.98683929
0.18500001 398974.67160465 14470.81202273
0.18600001 392640.16594067 12114.91289245
0.18700001 386369.01202393 13074.72798460
0.18800001 380160.57995969 14010.81883637
0.18900001 374018.55757945 14923.34115251
0.19000001 367936.16588454 11595.50881572
0.19100001 361922.31910783 10423.36328281
0.19200001 355969.09444424 15457.95865665
0.19300001 350082.41467169 11206.13862316
0.19400001 344258.33286289 10069.55671207
0.19500001 338499.12590730 11942.24972634
0.19600001 332802.66497711 12784.61497925
0.19700001 327171.10895733 14575.47359285
0.19800001 321603.42881422 11519.83536454
0.19900001 316100.55269256 12327.92213763
0.20000001 310659.62576913 10303.02697557
0.20100001 305284.30093382 9250.11475548
0.20200001 299971.33237956 10047.54025293
0.20300001 294722.80655132 13527.77746009
0.20400001 289537.74790758 11574.27201967
0.20500001 284415.22142017 9667.27383301
0.20600001 279356.58052783 9541.42445893
0.20700001 274360.79833793 11984.08023788
0.20800001 269427.41991816 9291.20501507
0.20900001 264559.18158977 11667.06045963
0.21000001 259751.05660995 9043.23346337
0.21100001 255005.37774659 8920.08853526
0.21200001 250321.84572340 9597.34001874
0.21300001 245699.95941439 10253.05979108
0.21400001 241140.62286463 9332.14254605
0.21500001 236643.21931670 10734.13693569
0.21600001 232205.27659976 8314.11032173
0.21700001 227829.24634668 9685.02172010
0.21800001 223513.54847069 8810.90449730
0.21900001 219256.99570215 8682.57744033
0.22000001 215060.35072119 7129.25096350
0.22100001 210925.86982569 7726.21497704
0.22200001 206849.35454506 11762.48910239
0.22300001 202831.95458212 11585.76179357
0.22400001 198871.46942172 8054.29489244
0.22500001 194972.40803591 9253.39092295
0.22600001 191129.65925490 7158.76172592
0.22700001 187345.48828016 7047.93760239
0.22800001 183617.87549225 6307.27432143
0.22900001 179946.96889088 11795.52436862
0.23000001 176332.74902485 7331.91605119
0.23100001 172776.10779113 7215.13060258
0.23200001 169273.45406042 7099.32899905
0.23300001 165827.41255851 7566.70519291
0.23400001 162436.29428310 7443.64353757
0.23500001 159098.51550476 6758.50525829
0.23600001 155815.77692286 6093.17624476
0.23700001 152586.62087657 6536.81114753
0.23800001 149410.94372399 7498.93562020
0.23900001 146288.17353225 5793.01194588
0.24000001 143217.63371625 6212.78124448
0.24100001 140200.23259908 6107.12242089
0.24200001 137233.79835392 6502.82384260
0.24300001 134318.63521013 6390.88096560
0.24400001 131453.59826976 4830.91996493
0.24500001 128639.28844444 4746.78996814
0.24600001 125874.70829795 4663.65816305
0.24700001 123160.56372847 4581.57318743
0.24800001 120493.94961361 5850.58400026
0.24900001 117875.76618028 5304.40972905
0.25000001 115306.27565971 4775.40963236
0.25100001 112783.55748456 4689.54054207
0.25200001 110309.05475149 5023.47459104
0.25300001 107881.03358334 4521.29433138
0.25400001 105498.40765237 4842.37714034
0.25500001 103161.54303283 4753.68412786
0.25600001 100870.25453559 5832.82274449
0.25700001 98623.46212267  4961.74661415
0.25800001 96420.72422627  3745.94531343
0.25900001 94262.04855846  4411.46408126
0.26000001 92147.03670978  3607.55665788
0.26100001 90072.78311072  4955.80476124
0.26200001 88043.33645224  4167.97174486
0.26300001 86054.33291769  3407.75174479
0.26400001 84106.47852319  4346.20248334
0.26500001 82200.43766037  4591.71666498
0.26600001 80333.59990098  3860.83299393
0.26700001 78507.95000897  3787.22368765
0.26800001 76721.41650023  3095.70930228
0.26900001 74973.15202482  3340.05408076
0.27000001 73264.06908367  3573.82145902
0.27100001 71592.75231988  4089.37820603
0.27200001 69959.19992461  3151.31230974
0.27300001 68362.25315549  3090.65761142
0.27400001 66800.81910843  3031.08731049
0.27500001 65277.62789074  3513.24209934
0.27600001 63787.96738548  3710.54623842
0.27700001 62334.99236670  2859.30623518
0.27800001 60915.80905507  2804.25940257
0.27900001 59531.22236135  3500.43604052
0.28000001 58180.01709440  3187.97418757
0.28100001 56862.01430363  4329.47397399
0.28200001 55577.18386447  3774.80250673
0.28300001 54324.46911758  3702.75599031
0.28400001 53103.89270840  2497.21067281
0.28500001 51914.93063585  2227.15062969
0.28600001 50756.14753633  2622.06270583
0.28700001 49628.26800139  3644.70017454
0.28800001 48529.80494767  2734.89728728
0.28900001 47462.53484134  2477.54443599
0.29000001 46422.95012812  3444.81517732
0.29100001 45413.27032371  2585.83173463
0.29200001 44431.25941461  2343.30473245
0.29300001 43477.03928006  2109.07127531
0.29400001 42550.10670637  2447.69500415
0.29500001 41651.11615416  2034.24060926
0.29600001 40777.59830719  1816.64209058
0.29700001 39930.09093129  2677.31272368
0.29800001 39108.80416785  2806.44791994
0.29900001 38312.64314235  1896.47592532
0.30000001 37541.30749451  2033.98813634
0.30100001 36795.29451463  2000.19230450
0.30200001 36071.96442854  1639.47086089
0.30300001 35372.77350657  1935.59825791
0.30400001 34697.54932162  2539.86073058
0.30500001 34043.95656396  1875.14121632
0.30600001 33412.95404553  2154.13324930
0.30700001 32804.51346921  2273.35289104
0.30800001 32217.51820258  1941.26665120
0.30900001 31651.68901844  1471.80360904
0.31000001 31107.39972790  1741.39231921
0.31100001 30581.95637237  1717.48275119
0.31200001 30077.87112403  1694.58733936
0.31300001 29592.80631733  1533.20336789
0.31400001 29128.50163247  1513.95394403
0.31500001 28682.19913909  1903.35082499
0.31600002 28254.68373750  1477.86130286
0.31700002 27844.97450188  1726.66695062
0.31800002 27453.54845589  1445.01759140
0.31900002 27079.78715396  2079.72775190
0.32000002 26723.12248621  1544.06209036
0.32100002 26383.58147235  1911.49056818
0.32200002 26060.67472368  1515.16770018
0.32300002 25753.23365562  1627.08937941
0.32400002 25462.00392685  1613.65457527
0.32500002 25185.90984013  2216.86388910
0.32600002 24925.39546671  1956.14512885
0.32700002 24679.51697975  1335.65552219
0.32800002 24449.03575717  1930.49595480
0.32900002 24231.34356472  1319.39671958
0.33000002 24029.30162200  1312.36037023
0.33100002 23838.42351110  1424.58425648
0.33200002 23663.27907558  1418.37701496
0.33300002 23499.73487264  1295.07045016
0.33400002 23349.75157732  1173.32507232
0.33500002 23211.49735648  1637.80333103
0.33600002 23085.41087394  1400.36108993
0.33700002 22970.37076811  1397.51742371
0.33800002 22868.31352855  1511.70993740
0.33900002 22776.13730256  1393.89966893
0.34000002 22695.68472919  1509.14962754
0.34100002 22625.64038670  1624.97356953
0.34200002 22566.91929082  1625.49527350
0.34300002 22516.91652486  1278.06024248
0.34400002 22477.72797452  1395.86697333
0.34500002 22447.62280025  1631.04434991
0.34600002 22428.12756292  1167.38409494
0.34700002 22415.54336051  1638.12798637
0.34800002 22413.58731956  1408.02162210
0.34900002 22419.53572207  1294.72824927
0.35000002 22434.03181801  1181.15183116
0.35100002 22456.72769791  1541.42986219
0.35200002 22486.43804347  1309.72264587
0.35300002 22524.35729037  1554.85645740
0.35400002 22569.93768500  1322.03416252
0.35500002 22622.43544835  1570.44954321
0.35600002 22681.38429620  1578.96464257
0.35700002 22747.34484805  1221.53247620
0.35800002 22820.33297668  1843.31248350
0.35900002 22899.12028248  1236.55255382
0.36000002 22984.65185443  1244.61895687
0.36100002 23075.15212219  2004.76931133
0.36200002 23172.59603296  1387.92270514
0.36300002 23273.73359484  1397.82050592
0.36400002 23380.87523496  1792.14417165
0.36500002 23492.61637734  1676.66811027
0.36600002 23609.82530424  1559.66513348
0.36700002 23731.22590458  1702.95285158
0.36800002 23858.53947914  1452.62724500
0.36900002 23989.07861024  1331.39392594
0.37000002 24122.88904330  1342.43883885
0.37100002 24261.07298528  1759.89831772
0.37200002 24403.47432133  2457.67401532
0.37300002 24548.81149275  1377.18838998
0.37400002 24698.63415494  1945.01753184
0.37500002 24850.60413404  1962.20379538
0.37600002 25006.67164074  1555.54008310
0.37700002 25164.43928836  1712.18853029
0.37800002 25325.74727755  1439.76880093
0.37900002 25489.50361179  1598.19195217
0.38000002 25655.83687315  1612.85426144
0.38100002 25823.96796987  1627.68477825
0.38200002 25994.49238491  1941.39875574
0.38300002 26166.72200158  1507.20325869
0.38400002 26341.43727750  2433.94891975
0.38500002 26516.82283865  1842.38893811
0.38600002 26694.91296486  2169.49567943
0.38700002 26873.29781907  1876.83120860
0.38800002 27053.09195294  2683.53158341
0.38900002 27234.21498459  1911.84198249
0.39000002 27416.95105426  1929.60510662
0.39100002 27599.63510576  2434.28793166
0.39200002 27783.77605963  2456.78051447
0.39300002 27968.11273556  1983.49864918
0.39400002 28153.88699840  1668.11788369
0.39500002 28339.00363593  2020.00427487
0.39600002 28524.56316723  2038.36538050
0.39700002 28709.94531489  2399.57734311
0.39800002 28896.52218458  1902.40262815
0.39900002 29082.08492636  2093.91021390
0.40000002 29267.40839602  2464.60857780
0.40100002 29452.53710348  2308.78449293
0.40200002 29638.30699491  1970.79931700
0.40300002 29822.48835333  2530.14003177
0.40400002 30006.29710821  2369.74742640
0.40500002 30189.49262241  2022.39420660
0.40600002 30372.21127521  2039.64594483
0.40700002 30553.87968401  2804.84628789
0.40800002 30734.85201217  2262.69991235
0.40900002 30914.04975738  3232.06405527
0.41000002 31093.08324492  2300.26640745
0.41100002 31270.48696483  2125.76780459
0.41200002 31446.09585894  3116.93716923
0.41300002 31620.93189000  2945.48994512
0.41400002 31794.02227861  2177.09577869
0.41500002 31966.22804293  2593.10054171
0.41600002 32135.68047977  2613.11298203
0.41700002 32304.17952818  3848.39708954
0.41800002 32471.96363423  2244.94931223
0.41900002 32635.83866462  2467.26951996
0.42000002 32798.72372525  2485.48740167
0.42100002 32960.33137904  2086.38907516
0.42200002 33119.72563555  2731.88069850
0.42300002 33276.55213133  2962.94434217
0.42400002 33431.32367186  2557.49638209
0.42500002 33584.42745333  3433.67202554
0.42600002 33733.95324186  2160.65980753
0.42700002 33882.52388814  2610.30976404
0.42800002 34028.24899027  2627.66151154
0.42900002 34172.23160990  2424.51994761
0.43000002 34313.68304399  3549.40754227
0.43100002 34451.35823816  2232.44811962
0.43200002 34587.43563347  2471.09945593
0.43300002 34720.64590231  2712.37698642
0.43400002 34851.59834035  2274.06689947
0.43500002 34979.39709745  2516.41794644
0.43600002 35105.60696473  2301.17264559
0.43700002 35228.03295644  3471.72281238
0.43800002 35347.06514790  2327.60435029
0.43900002 35464.45235186  3276.91555260
0.44000002 35578.20006739  3059.54745979
0.44100002 35689.68152586  2602.84859703
0.44200002 35798.19307895  2616.66904711
0.44300002 35903.93029986  3347.68261981
0.44400002 36006.11874064  2403.40853984
0.44500002 36104.66059859  2656.94209937
0.44600002 36201.04241059  2427.28000866
0.44700002 36294.56870789  2926.79415931
0.44800002 36383.91083356  3185.59346400
0.44900002 36471.71922665  3938.94586315
0.45000002 36556.01448984  2967.61739693
0.45100002 36635.93815100  2732.30839679
0.45200002 36713.71080684  2744.16644431
0.45300002 36787.68346206  2505.24136250
0.45400002 36859.20976793  3521.89766024
0.45500002 36927.35708004  2525.83134398
0.45600002 36992.01456119  4057.28434936
0.45700002 37053.48552904  3818.36186473
0.45800002 37111.07965301  3321.62734177
0.45900002 37165.87342108  3333.77900387
0.46000002 37218.06089716  2573.62903301
0.46100002 37265.75818696  3099.02059770
0.46200002 37311.09409383  3109.50672915
0.46300002 37352.79072556  2859.72979349
0.46400002 37390.68474279  2868.80042286
0.46500002 37426.26256145  3662.53422785
0.46600002 37457.67205010  2886.30105662
0.46700002 37485.89493621  2894.66094417
0.46800002 37511.49831276  3430.61424079
0.46900002 37533.04334703  2910.68764952
0.47000002 37550.96525042  3448.86856689
0.47100002 37566.12427788  4255.49075989
0.47200002 37577.70116388  2932.75182634
0.47300002 37586.76521145  3206.90295984
0.47400002 37590.94871133  3749.69731168
0.47500002 37593.03765761  3220.97161917
0.47600002 37592.18623471  3496.63736835
0.47700002 37586.85254522  2694.97745523
0.47800002 37578.48638195  2700.01437452
0.47900002 37567.53722802  3516.32165121
0.48000002 37552.50974394  3251.29644774
0.48100002 37535.58516571  2985.20522972
0.48200002 37513.39691673  2989.63030898
0.48300002 37488.68181806  2721.67842900
0.48400002 37460.96943039  4632.98561391
0.48500002 37430.17033301  3547.25741060
0.48600002 37396.59860481  3824.55032060
0.48700002 37359.38174742  4375.53099766
0.48800002 37318.20609682  3558.47771104
0.48900002 37274.86948773  3835.58425210
0.49000002 37228.07501573  4112.77178231
0.49100002 37178.66064976  3566.92087181
0.49200002 37125.25641224  2745.41284182
0.49300002 37069.19380062  4394.92382533
0.49400002 37010.26247963  3297.61454325
0.49500002 36947.45161281  3298.66863635
0.49600002 36882.87812741  3024.58056421
0.49700002 36814.35850818  3300.03925310
0.49800002 36743.22990287  3575.30015518
0.49900002 36669.13136790  3575.24047785
0.50000002 36591.93355882  3024.87233103
