# SAXS profile: number of points = 501, q_min = 0, q_max = 0.5, delta_q = 0.001
#    q    intensity    error
0.00000000 1682732.95097188 252.40994265
0.00100000 1682663.88616243 656.23893119
0.00200000 1682456.63445705 984.23716232
0.00300000 1682111.37237553 1009.26685938
0.00400000 1681627.94890210 1387.34311056
0.00500000 1681006.85060580 1664.19684797
0.00600000 1680247.78785331 1940.68627398
0.00700000 1679351.45134303 2619.78837297
0.00800000 1678317.24790335 2265.72838033
0.00900000 1677146.53796724 2767.29190594
0.01000000 1675838.48471615 3041.64698110
0.01100000 1674394.35332401 3013.90996721
0.01200000 1672813.60129669 5545.37733143
0.01300000 1671097.63380956 5614.88829724
0.01400000 1669245.59999123 5258.12387307
0.01500000 1667259.40682701 5601.99185639
0.01600000 1665137.88538647 5944.54251657
0.01700000 1662883.10926648 5387.74151571
0.01800000 1660494.60138776 4732.40982690
0.01900000 1657973.22518764 7958.27184000
0.02000000 1655319.49044864 5214.25663078
0.02100000 1652535.10768015 5998.70271285
0.02200000 1649618.25477426 6260.30156129
0.02300000 1646571.74547479 7705.95611958
0.02400000 1643395.62752436 9860.37421476
0.02500000 1640091.17427477 8315.26263334
0.02600000 1636658.33682310 7954.15988077
0.02700000 1633098.63418815 6859.01457774
0.02800000 1629411.52867472 8505.52856974
0.02900000 1625599.73231960 7315.19913131
0.03000000 1621663.63632666 8294.80988108
0.03100000 1617603.33619446 10093.84528230
0.03200000 1613419.86988678 11979.64308567
0.03300000 1609116.26679659 9847.79200678
0.03400000 1604690.11218105 10952.01052097
0.03500000 1600145.13213790 11233.01934633
0.03600000 1595480.80194925 8854.91886004
0.03700000 1590699.24454151 10880.38333585
0.03800000 1585801.51642135 11132.32716048
0.03900000 1580788.95078606 10433.20755835
0.04000000 1575660.34903059 13566.43623381
0.04100000 1570419.85377334 9893.64553751
0.04200000 1565067.81782059 13123.09426124
0.04300000 1559604.17725799 11322.72685247
0.04400000 1554032.56484019 13636.63638978
0.04500000 1548352.58772977 12820.36002210
0.04600000 1542564.77858202 10875.08219455
0.04700000 1536672.38185602 12170.44583032
0.04800000 1530675.38948503 13500.55756341
0.04900000 1524576.60956883 13721.19012481
0.05000000 1518375.48395019 11615.57299311
0.05100000 1512075.47379446 14153.02709402
0.05200000 1505674.81787404 13167.12689591
0.05300000 1499178.94302991 12143.35000464
0.05400000 1492586.02955020 13545.21884983
0.05500000 1485900.22219755 13729.71869359
0.05600000 1479119.97152389 18969.71452000
0.05700000 1472250.37628057 20493.72619444
0.05800000 1465289.79373676 20748.50444811
0.05900000 1458240.39585253 18373.82984591
0.06000000 1451104.88854490 15933.13242060
0.06100000 1443885.17089304 18799.38580355
0.06200000 1436581.13407373 19005.96929220
0.06300000 1429196.19966840 15092.31257414
0.06400000 1421728.54525385 19406.59555030
0.06500000 1414184.36820943 18200.55367024
0.06600000 1406561.51550102 21203.91583828
0.06700000 1398863.00109563 18548.92426260
0.06800000 1391091.75401725 23036.48052484
0.06900000 1383248.48574283 15976.52075833
0.07000000 1375332.95314009 16112.02630054
0.07100000 1367349.74237827 14767.37790936
0.07200000 1359298.03919156 16372.74564907
0.07300000 1351182.58993829 16497.94019617
0.07400000 1343002.22821985 18130.53093064
0.07500000 1334760.02865816 18259.51804791
0.07600000 1326455.64045942 16852.61970210
0.07700000 1318094.68649943 18506.05026617
0.07800000 1309675.42493776 18623.58541599
0.07900000 1301200.43263269 18737.28710876
0.08000000 1292672.99430070 18847.17314105
0.08100000 1284093.30444733 25270.95741719
0.08200000 1275462.33588826 20643.35887505
0.08300000 1266783.52417271 15961.47315368
0.08400000 1258056.86215579 22456.31604355
0.08500000 1249286.75271258 16115.79986655
0.08600000 1240472.61568663 17806.98523425
0.08700000 1231617.01114801 16257.34531056
0.08800000 1222719.56293974 21220.29901140
0.08900000 1213786.35290639 16386.11653389
0.09000000 1204815.60739345 23024.02733885
0.09100000 1195810.19366790 21452.83588228
0.09200000 1186771.24332956 23177.64347127
0.09300000 1177701.91117317 21587.27704624
0.09400000 1168600.74137247 23313.58588606
0.09500000 1159472.01738943 18366.03761870
0.09600000 1150316.69472414 23431.95217301
0.09700000 1141138.06224274 25162.09545539
0.09800000 1131936.62306642 18490.18560716
0.09900000 1122714.50737704 23577.00576357
0.10000000 1113470.84008974 20242.90082480
0.10100000 1104209.27881267 21962.72358853
0.10200000 1094931.61221603 23683.37188621
0.10300000 1085638.76936505 23710.35183829
0.10400000 1076333.64807943 16952.25575477
0.10500000 1067018.47054779 20358.71337592
0.10600001 1057690.17294360 22068.70649688
0.10700001 1048355.84016597 20380.03849186
0.10800001 1039013.37050732 23783.01717018
0.10900001 1029666.47868375 18688.44746769
0.11000001 1020315.83849715 18687.08546167
0.11100001 1010963.02108928 16984.17955380
0.11200001 1001610.44772002 20372.75746572
0.11300001 992257.32393594 25451.40155723
0.11400001 982907.97154359 20346.19596894
0.11500001 973562.80236146 18633.99291464
0.11600001 964222.68340003 25383.16333584
0.11700001 954890.68435348 21972.03568174
0.11800001 945564.98896636 25317.50377199
0.11900001 936249.74839942 18537.74589147
0.12000001 926945.74178374 21871.28580763
0.12100001 917655.84665300 18472.41306333
0.12200001 908378.39981005 18435.54049267
0.12300001 899117.57304979 20068.30517598
0.12400001 889872.29909265 18353.61703356
0.12500001 880645.57239979 21637.46273343
0.12600001 871439.59226293 23241.29502086
0.12700001 862254.07236482 19866.33476351
0.12800001 853089.30863056 18158.00678997
0.12900001 843948.79540936 19748.40274336
0.13000001 834832.74562250 29528.03560447
0.13100001 825741.61367909 17984.65319368
0.13200001 816678.26302109 19551.27853838
0.13300001 807644.45993221 19480.38529193
0.13400001 798638.52362923 21024.16012574
0.13500001 789663.97587638 19330.97504087
0.13600001 780720.26996261 20856.94299547
0.13700001 771810.26583900 23964.70988432
0.13800001 762932.67284089 25451.43516615
0.13900001 754092.75961545 26921.11278782
0.14000001 745287.38664414 17339.11186800
0.14100001 736519.63674442 18825.44280305
0.14200001 727788.76573620 18733.28371361
0.14300001 719100.23556865 17085.82240301
0.14400001 710447.38779229 20087.90083737
0.14500001 701839.26484104 15370.28062507
0.14600001 693271.04084236 18343.95260605
0.14700001 684748.98630894 28882.71360510
0.14800001 676268.14017607 21160.43110443
0.14900001 667831.58855711 22539.31717723
0.15000001 659441.79082112 19417.26444689
0.15100001 651098.10985729 16329.54136573
0.15200001 642803.08444093 16227.56463244
0.15300001 634555.89674980 17589.89028795
0.15400001 626355.48550806 17475.31887035
0.15500001 618206.76217566 17359.24670113
0.15600001 610106.61378799 15804.81257608
0.15700001 602060.94188957 14268.84499623
0.15800001 594062.55408812 14168.39258373
0.15900001 586119.52664393 16880.24316410
0.16000001 578227.33521400 18153.44804593
0.16100001 570392.42161162 13860.53649944
0.16200001 562609.01124129 13755.79097421
0.16300001 554882.07056150 16380.11949625
0.16400001 547210.07108845 17606.48486847
0.16500001 539594.95417542 14779.50649262
0.16600001 532035.34662026 17325.73188069
0.16700001 524533.19907343 21149.17958519
0.16800001 517087.51780115 18351.43687325
0.16900001 509701.85511143 14297.13771096
0.17000001 502374.12943209 20617.43524544
0.17100001 495105.31749020 25547.43558888
0.17200001 487895.61800909 16459.15945079
0.17300001 480746.02263902 15056.96614011
0.17400001 473657.61743755 12433.51304492
0.17500001 466628.82524037 19710.40250903
0.17600001 459659.02209669 14644.73713566
0.17700001 452752.91577649 13297.35376440
0.17800001 445907.41831250 13169.87622190
0.17900001 439123.35254557 18970.12972600
0.18000001 432402.18727186 15261.63592064
0.18100001 425744.41536862 15109.67001516
0.18200001 419145.97498916 16107.78057973
0.18300001 412613.06608207 13665.74539420
0.18400001 406141.49754215 12397.46979814
0.18500001 399733.99407196 12267.83685763
0.18600001 393389.42936968 13241.48881816
0.18700001 387107.77927515 14191.37185870
0.18800001 380889.32261815 12957.85536768
0.18900001 374736.46394750 11747.98869982
0.19000001 368643.27931074 13730.11958666
0.19100001 362618.51976598 14620.77940780
0.19200001 356654.43775906 12390.17575320
0.19300001 350756.29094385 13269.11111341
0.19400001 344921.19329839 12106.73445686
0.19500001 339150.51170467 9971.02551530
0.19600001 333442.37753381 11823.86726610
0.19700001 327798.92374687 13629.87989351
0.19800001 322219.65213042 9618.25707064
0.19900001 316704.91079273 12351.49210465
0.20000001 311251.87333416 14076.36663680
0.20100001 305864.43027591 10194.46194291
0.20200001 300539.17669442 10066.56019916
0.20300001 295278.37344028 15360.38171237
0.20400001 290080.79114205 10703.98169907
0.20500001 284945.74364169 10565.78867365
0.20600001 279874.33884936 8690.09863204
0.20700001 274865.78584045 12863.71938539
0.20800001 269919.73599836 11000.57936061
0.20900001 265038.65741646 9183.58991360
0.21000001 260217.71788076 10706.65850833
0.21100001 255459.01206325 9748.31636117
0.21200001 250762.40294733 8011.85915292
0.21300001 246127.38551446 8690.75839338
0.21400001 241555.17705340 11685.23224240
0.21500001 237044.49792150 10752.33893406
0.21600001 232593.28982580 11356.36791266
0.21700001 228203.86844577 10447.17359139
0.21800001 223875.09489774 8825.15665813
0.21900001 219605.26330996 8696.36883825
0.22000001 215395.33091134 9996.49778026
0.22100001 211247.48758012 7737.99583594
0.22200001 207157.62765227 7622.36526988
0.22300001 203126.56967210 6825.05306371
0.22400001 199152.83220631 6721.40840479
0.22500001 195240.51391072 7280.51910801
0.22600001 191384.38951248 10426.62203370
0.22700001 187586.89620562 8340.11379970
0.22800001 183846.05065556 8209.64578026
0.22900001 180161.79441549 7458.69864153
0.23000001 176534.26240122 6728.60372963
0.23100001 172964.63313969 6019.16951792
0.23200001 169448.63282934 7698.89899671
0.23300001 165989.52750121 6991.47922901
0.23400001 162585.07820181 6877.34913320
0.23500001 159234.29047569 6764.27297933
0.23600001 155938.67831129 8869.79244186
0.23700001 152696.40469761 6541.51428665
0.23800001 149507.91228228 5895.84479972
0.23900001 146372.18686691 5269.39897645
0.24000001 143288.85836801 6215.87097002
0.24100001 140258.71668388 5600.53082210
0.24200001 137279.63518933 6504.99582115
0.24300001 134351.92663514 5409.00882219
0.24400001 131474.42519387 6281.19096076
0.24500001 128647.76091646 5696.52312285
0.24600001 125871.13302716 5129.87826919
0.24700001 123144.42382843 6871.45917469
0.24800001 120465.87240435 6749.10082073
0.24900001 117835.70068504 5744.49068015
0.25000001 115254.16703830 6075.04743199
0.25100001 112719.69714946 5112.96570459
0.25200001 110233.45432620 5438.36772647
0.25300001 107793.91966122 4517.64338673
0.25400001 105399.79708562 6450.46788682
0.25500001 103051.74473940 4748.62462226
0.25600001 100749.19400817 4660.65793533
0.25700001 98491.21084688  4192.77104413
0.25800001 96277.67840523  4862.50437792
0.25900001 94108.13731720  3670.21752903
0.26000001 91982.33800727  5761.77392540
0.26100001 89897.53702889  3886.27070964
0.26200001 87857.81050037  4505.78802471
0.26300001 85858.60301250  4760.00117624
0.26400001 83900.48208978  3335.04432088
0.26500001 81984.38793625  3598.29495679
0.26600001 80107.92641463  3529.15486519
0.26700001 78272.52239816  5034.48887888
0.26800001 76476.46936715  4320.15595898
0.26900001 74718.77042062  3328.72137976
0.27000001 73000.40691377  3264.21334962
0.27100001 71320.20254501  2909.86440154
0.27200001 69677.85053809  2853.30811456
0.27300001 68072.14772965  4196.64810614
0.27400001 66502.05612690  3017.53093956
0.27500001 64970.50295349  2958.75684453
0.27600001 63472.71879675  2901.02074990
0.27700001 62011.72474478  2844.47794866
0.27800001 60584.47222070  2535.46028243
0.27900001 59192.22081598  3480.50274870
0.28000001 57833.56067534  2437.68469784
0.28100001 56508.08593328  3346.40900735
0.28200001 55216.24285790  3047.10850633
0.28300001 53956.53170526  3217.96770321
0.28400001 52729.18241727  2254.17265503
0.28500001 51533.53387136  2431.86757849
0.28600001 50368.27995956  3469.36728783
0.28700001 49234.07803988  2339.60349919
0.28800001 48129.70503964  2086.42281223
0.28900001 47056.52789583  2046.95906036
0.29000001 46011.24881254  3012.58665860
0.29100001 44995.85457205  2562.06408061
0.29200001 44008.54883454  2707.84613797
0.29300001 43049.15107773  2088.31441763
0.29400001 42117.23895031  2422.79428530
0.29500001 41213.41654578  1829.87578125
0.29600001 40335.42047562  2515.72029415
0.29700001 39483.41070599  1764.90854211
0.29800001 38657.82183573  2774.08542625
0.29900001 37857.64706100  1873.95361823
0.30000001 37082.37926614  2176.55035406
0.30100001 36332.71051384  2139.63342345
0.30200001 35605.85576103  1941.94346514
0.30300001 34903.33492073  2069.06979205
0.30400001 34224.95260522  2035.52915256
0.30500001 33568.34942017  2465.25969813
0.30600001 32934.54392843  1668.29940168
0.30700001 32323.48782987  2090.68329182
0.30800001 31734.14042052  1617.96522594
0.30900001 31165.99026160  1883.98420051
0.31000001 30619.54481392  1856.92238316
0.31100001 30092.33139414  1830.81752870
0.31200001 29586.47469086  1666.90206300
0.31300001 29099.81308777  1644.72151359
0.31400001 28634.20228522  1623.55934644
0.31500001 28186.53794561  1469.64615807
0.31600002 27758.03875942  1847.85272771
0.31700002 27347.34132922  1565.36189180
0.31800002 26955.28024388  1418.79124281
0.31900002 26581.09254485  1403.48175282
0.32000002 26223.93570863  1515.21907699
0.32100002 25884.24557049  1375.23003228
0.32200002 25561.23996817  1486.13056212
0.32300002 25253.86542917  1350.07170977
0.32400002 24963.01939790  1216.94725327
0.32500002 24687.15681361  1690.08283549
0.32600002 24427.30467405  1198.15935100
0.32700002 24182.06437139  1189.75762341
0.32800002 23952.39225947  1536.66579817
0.32900002 23735.78632719  1527.39792248
0.33000002 23534.97362793  1519.06494475
0.33100002 23345.35844563  1395.11868678
0.33200002 23171.62449845  1851.87631761
0.33300002 23009.81376422  1613.90841385
0.33400002 22861.49999410  1263.66947202
0.33500002 22724.99463487  1488.94171899
0.33600002 22601.01905366  1370.97788072
0.33700002 22488.09129186  1368.17553899
0.33800002 22388.16864993  1252.28227274
0.33900002 22298.53031879  1478.39263015
0.34000002 22220.40162200  1136.57359679
0.34100002 22152.99272104  1363.73829649
0.34200002 22097.12649769  1364.27665458
0.34300002 22049.92468127  1592.88663441
0.34400002 22013.65439314  1822.73067008
0.34500002 21986.68941196  1255.22015798
0.34600002 21970.37606678  1257.91394128
0.34700002 21961.16670343  1375.64754745
0.34800002 21962.39064739  1264.70432533
0.34900002 21972.02216353  1499.59058368
0.35000002 21990.19870112  1389.34081974
0.35100002 22016.50371109  1511.21288630
0.35200002 22050.04899825  1751.32522463
0.35300002 22091.77483759  2346.14659887
0.35400002 22141.42195990  1414.83693025
0.35500002 22197.97053965  1303.90885126
0.35600002 22261.09497913  1430.49803111
0.35700002 22331.24286525  1319.10657853
0.35800002 22408.49776740  1448.03719432
0.35900002 22491.71617037  1214.55273073
0.36000002 22581.67253559  1711.91667601
0.36100002 22676.72906795  1231.34644671
0.36200002 22778.79614553  1488.36661065
0.36300002 22884.57311026  1624.34707631
0.36400002 22996.52220657  1636.77754558
0.36500002 23112.99501957  1903.35523002
0.36600002 23235.08944023  1407.00090770
0.36700002 23361.44418602  1418.50695817
0.36800002 23493.56492346  1820.51643215
0.36900002 23629.10126321  1704.83973690
0.37000002 23767.99595401  1719.49574874
0.37100002 23911.27437020  1601.09900767
0.37200002 24058.95434746  1346.09855951
0.37300002 24209.41281312  1358.14812315
0.37400002 24364.49192048  1507.55300899
0.37500002 24521.57281849  1659.62012697
0.37600002 24682.99760390  1395.82358062
0.37700002 24845.99000129  1972.27477973
0.37800002 25012.77859484  2132.96479572
0.37900002 25181.95772509  1722.44598999
0.38000002 25353.68401428  1448.96311006
0.38100002 25527.18412410  1755.24926352
0.38200002 25703.11206862  1624.30824413
0.38300002 25880.84587970  2236.10518994
0.38400002 26061.10334097  1806.03454709
0.38500002 26241.98639527  2431.05773483
0.38600002 26425.50277780  1687.40055982
0.38700002 26609.41094578  1703.53456945
0.38800002 26794.71852249  2032.51346981
0.38900002 26981.40378222  1894.09463525
0.39000002 27169.66571020  1752.85106634
0.39100002 27357.87076725  2091.23574052
0.39200002 27547.55192105  1948.71391522
0.39300002 27737.40482092  1639.28070258
0.39400002 27928.61182949  2151.20142808
0.39500002 28119.31947437  1837.31642150
0.39600002 28310.22002414  1685.87368231
0.39700002 28501.11820526  1871.66852122
0.39800002 28693.17190681  2060.74370398
0.39900002 28884.10129886  2252.96000805
0.40000002 29074.86788123  2098.62406310
0.40100002 29265.47352237  3529.41627402
0.40200002 29456.55569562  1958.71376378
0.40300002 29646.15706972  1976.21292390
0.40400002 29835.24088670  2356.23826067
0.40500002 30023.87966170  2011.29979383
0.40600002 30211.76431746  2766.64244846
0.40700002 30398.75645811  2418.52517840
0.40800002 30584.89492846  1876.38339277
0.40900002 30769.42516410  2081.55171098
0.41000002 30953.47615536  2480.76646401
0.41100002 31136.10582283  2309.05371723
0.41200002 31316.75807690  2522.09523123
0.41300002 31496.50343206  2542.71284255
0.41400002 31674.80311133  3154.81053937
0.41500002 31851.85058660  2385.06668494
0.41600002 32026.19688262  2203.56258092
0.41700002 32199.62988159  2624.59195601
0.41800002 32372.18733847  4272.64334832
0.41900002 32540.93819738  3075.11880536
0.42000002 32708.63523158  2272.10545402
0.42100002 32874.74189868  2497.16551295
0.42200002 33038.82037314  2515.57590241
0.42300002 33200.30544785  2322.69347919
0.42400002 33359.66646485  3402.68614065
0.42500002 33517.25523624  2355.92798219
0.42600002 33671.18592505  3666.28725318
0.42700002 33824.20319268  3040.11952702
0.42800002 33974.21942872  3060.73757337
0.42900002 34122.43943457  3081.25642695
0.43000002 34268.23315073  2658.52965381
0.43100002 34410.10413563  3790.61725121
0.43200002 34550.26496287  2244.03981568
0.43300002 34687.43470046  2258.15210601
0.43400002 34822.46491203  4089.89869773
0.43500002 34954.18542755  2514.60421882
0.43600002 35084.29052311  3219.68549388
0.43700002 35210.65954345  2544.67448579
0.43800002 35333.31115294  3257.37810955
0.43900002 35454.40089296  2573.98962681
0.44000002 35571.79279933  3294.30388726
0.44100002 35686.98674476  2366.04733330
0.44200002 35798.98392175  3092.49537263
0.44300002 35908.21090589  3108.93304757
0.44400002 36013.65533037  2403.91160723
0.44500002 36115.63046719  3140.97653059
0.44600002 36215.23710542  3156.70129189
0.44700002 36312.07511874  2684.18871998
0.44800002 36404.60326368  2942.22017521
0.44900002 36495.41560124  3448.81693776
0.45000002 36582.68866668  3217.26470726
0.45100002 36665.64330044  2734.52380694
0.45200002 36746.31338818  2496.91211306
0.45300002 36823.23097252  3761.49322211
0.45400002 36897.42475516  2770.07429478
0.45500002 36968.31380434  2781.49606246
0.45600002 37035.60382006  2792.66983841
0.45700002 37099.64525439  3568.24404968
0.45800002 37159.81610524  3837.68019015
0.45900002 37217.12463214  4108.77075412
0.46000002 37271.76216319  3092.81097088
0.46100002 37321.71009036  3620.95248458
0.46200002 37369.40363267  2854.83572582
0.46300002 37413.27174928  2603.96383717
0.46400002 37453.31868210  2873.60601208
0.46500002 37491.02258324  2882.68486305
0.46600002 37524.49077953  3154.30884443
0.46700002 37554.67149907  3954.50709628
0.46800002 37582.21503822  3701.47253455
0.46900002 37605.54776906  3181.42949205
0.47000002 37625.29382303  3189.87256151
0.47100002 37642.28822975  2665.07413298
0.47200002 37655.53173627  4007.49015498
0.47300002 37666.24324890  2945.87702412
0.47400002 37671.97531675  4831.43106337
0.47500002 37675.67857639  2690.04357786
0.47600002 37676.18648602  3234.87752502
0.47700002 37672.23491916  3241.31924608
0.47800002 37665.28475533  2976.87592174
0.47900002 37655.66672796  2982.32894621
0.48000002 37641.85118491  3802.20356841
0.48100002 37626.12372590  2992.40576176
0.48200002 37605.16050490  4086.74101158
0.48300002 37581.47754104  3274.09847857
0.48400002 37554.77257841  3551.74278495
0.48500002 37524.97894521  2735.57109477
0.48600002 37492.33273744  3834.34105081
0.48700002 37456.09459505  3015.96487975
0.48800002 37415.69354992  4116.66187796
0.48900002 37373.20424674  3296.31677081
0.49000002 37327.10850291  2749.14167155
0.49100002 37278.36345831  3026.25768899
0.49200002 37225.63583510  2752.83590049
0.49300002 37170.21116352  4131.46916666
0.49400002 37111.78352911  2755.55005765
0.49500002 37049.50614714  3583.42840441
0.49600002 36985.43180886  3860.16970087
0.49700002 36917.35518317  4412.36250065
0.49800002 36846.60273952  2757.96834579
0.49900002 36772.83704184  3309.55549065
0.50000002 36695.99515755  2757.70416681
