# SAXS profile: number of points = 501, q_min = 0, q_max = 0.5, delta_q = 0.001
#    q    intensity    error
0.00000000 1646666.22097351 271.69992646
0.00100000 1646598.54220233 493.97957439
0.00200000 1646395.44970709 1629.93154682
0.00300000 1646057.12561539 1185.16117266
0.00400000 1645583.40276928 2221.53767815
0.00500000 1644974.76049305 1480.47734304
0.00600000 1644230.96111721 2244.37535330
0.00700000 1643352.59676323 2563.63015750
0.00800000 1642339.14740835 3325.73691391
0.00900000 1641191.94401940 2954.14562552
0.01000000 1639910.17050979 2976.43708800
0.01100000 1638495.02841062 3834.07853341
0.01200000 1636945.99322656 3511.24930942
0.01300000 1635264.49718400 4464.27227421
0.01400000 1633449.71369921 4042.78822063
0.01500000 1631503.38959478 4698.72997126
0.01600000 1629424.45780830 4986.03906379
0.01700000 1627215.00312047 8347.61334047
0.01800000 1624874.58549004 5093.98205473
0.01900000 1622403.81100064 4867.21165262
0.02000000 1619803.42750470 5102.38102745
0.02100000 1617075.04238197 5869.98266998
0.02200000 1614216.75055311 7239.76245515
0.02300000 1611231.61023729 7540.56427914
0.02400000 1608119.42253407 7839.58254232
0.02500000 1604881.37836748 8136.74895993
0.02600000 1601517.70553259 9080.60580570
0.02700000 1598029.58952224 6711.72458340
0.02800000 1594416.66765070 7629.28410458
0.02900000 1590681.66315646 9305.48815672
0.03000000 1586824.93534654 7378.73628853
0.03100000 1582846.43092447 11396.49482704
0.03200000 1578747.33986503 10940.71956917
0.03300000 1574530.43204707 8833.11613099
0.03400000 1570193.49183391 13189.62593998
0.03500000 1565740.17841501 9300.49708926
0.03600000 1561170.05518784 9530.94362738
0.03700000 1556484.87815182 14195.14274523
0.03800000 1551686.11702133 9985.10062514
0.03900000 1546774.73642966 9280.64884836
0.04000000 1541749.77377093 13274.46616729
0.04100000 1536615.21810084 12584.87921976
0.04200000 1531371.30031481 11852.81441432
0.04300000 1526018.15466185 10071.72028828
0.04400000 1520559.36309061 10263.77617753
0.04500000 1514994.38837428 11498.80794205
0.04600000 1509323.77746681 12768.87975095
0.04700000 1503550.70210622 12990.67867037
0.04800000 1497675.06741287 12108.70348343
0.04900000 1491700.05790075 13425.30114602
0.05000000 1485624.64761820 14774.53780856
0.05100000 1479452.46132215 13847.67568306
0.05200000 1473181.59360222 15225.33247940
0.05300000 1466817.66839205 21386.20260214
0.05400000 1460358.78994568 13252.75663678
0.05500000 1453808.70932464 14654.39247361
0.05600000 1447166.37328019 14847.92768272
0.05700000 1440436.50858443 13784.97803062
0.05800000 1433617.59558507 20300.02610134
0.05900000 1426711.73922125 20544.65000434
0.06000000 1419721.82165200 12990.45527501
0.06100000 1412648.96994838 17078.92684480
0.06200000 1405493.85503421 18594.68457128
0.06300000 1398259.65597907 17450.28132251
0.06400000 1390944.22440625 16274.04818664
0.06500000 1383554.35129563 17806.34533412
0.06600000 1376087.16153651 22127.48259282
0.06700000 1368546.04764719 13959.17033928
0.06800000 1360933.67740153 15494.23064249
0.06900000 1353250.98565923 15630.04961615
0.07000000 1345497.60793807 20061.37027380
0.07100000 1337678.08467483 20225.69358761
0.07200000 1329791.29565782 14561.21536960
0.07300000 1321842.33748428 16139.69569692
0.07400000 1313829.98749026 22170.88207792
0.07500000 1305756.96387653 16374.19309451
0.07600000 1297623.29133098 19483.81463275
0.07700000 1289434.26987964 18103.65799796
0.07800000 1281188.39711148 15182.08321775
0.07900000 1272887.71781520 15274.65333022
0.08000000 1264535.80065469 21509.75497818
0.08100000 1256132.98073210 18540.52366549
0.08200000 1247680.32873346 15533.62082165
0.08300000 1239180.27674814 21859.14110773
0.08400000 1230634.19292012 18828.70403547
0.08500000 1222045.40025864 23646.57960510
0.08600000 1213413.33200415 23752.56708920
0.08700000 1204741.20193383 19083.10153473
0.08800000 1196028.06571739 27143.85822623
0.08900000 1187280.00747008 27248.07745127
0.09000000 1178495.29463255 20912.39998562
0.09100000 1169677.00445138 25826.46947164
0.09200000 1160825.57610582 17812.86930231
0.09300000 1151944.74528197 16242.42167174
0.09400000 1143032.83002800 17917.04045274
0.09500000 1134094.27870779 17964.05421909
0.09600000 1125129.81056018 18007.70346452
0.09700000 1116142.37071603 22970.21106923
0.09800000 1107132.89716832 23017.29401435
0.09900000 1098103.24035402 16471.54937984
0.10000000 1089052.82450652 19798.98128062
0.10100000 1079984.69111911 18176.14320639
0.10200000 1070901.33879387 18199.96910886
0.10300000 1061803.11124706 23189.78104050
0.10400000 1052692.89865712 24869.87090078
0.10500000 1043573.39269078 19911.38126936
0.10600001 1034440.74216604 18263.05216228
0.10700001 1025302.91153518 19931.88953819
0.10800001 1016156.67959670 23259.82749062
0.10900001 1007006.51197580 16615.60822963
0.11000001 997852.62011193 19937.09628827
0.11100001 988696.74111200 19932.12723909
0.11200001 979541.85371516 18263.55872231
0.11300001 970386.11617632 21571.68437821
0.11400001 961234.42981739 16581.29469507
0.11500001 952087.02030007 21536.20941328
0.11600001 942944.49358879 23168.14729850
0.11700001 933810.15517610 24792.66078753
0.11800001 924682.32141218 21457.25427897
0.11900001 915564.77176753 19776.20000167
0.12000001 906458.27185692 27968.77129561
0.12100001 897365.76970274 18063.97379508
0.12200001 888285.86158445 18027.76241017
0.12300001 879222.05139998 19624.23711183
0.12400001 870174.07817421 17947.34120798
0.12500001 861143.93300804 16275.62110077
0.12600001 852134.62834633 17856.48197846
0.12700001 843145.48415516 21044.91227628
0.12800001 834176.96363952 25826.12001145
0.12900001 825232.06647703 16092.02605475
0.13000001 816311.19549254 16040.51574750
0.13100001 807415.05087170 23980.22814126
0.13200001 798546.56117501 23896.50696965
0.13300001 789706.83982692 17460.41905171
0.13400001 780894.61775698 18975.74010612
0.13500001 772113.33288737 20476.44655360
0.13600001 763362.33600993 21961.93544253
0.13700001 754644.50668812 21869.59883504
0.13800001 745958.75866555 18663.88902192
0.13900001 737309.89175110 20128.56099403
0.14000001 728694.69454371 18494.27221972
0.14100001 720116.86193692 15338.48988266
0.14200001 711575.21891205 16789.61808212
0.14300001 703074.92022420 21260.98659041
0.14400001 694610.03377742 16618.54584202
0.14500001 686189.04870792 15027.54087558
0.14600001 677807.18275747 17934.77890182
0.14700001 669470.67893053 20807.14968277
0.14800001 661174.60946904 17732.70386257
0.14900001 652922.37941556 16159.82965297
0.15000001 644715.60527795 17523.37097826
0.15100001 636554.75037339 17416.13879200
0.15200001 628440.72161198 30287.70200728
0.15300001 620374.27303253 17196.77565996
0.15400001 612353.64271570 19932.11201101
0.15500001 604383.77325722 16971.09715398
0.15600001 596461.19311492 19665.32646510
0.15700001 588592.63589405 15344.61074197
0.15800001 580770.14828888 13851.36869046
0.15900001 573002.26242343 17877.67143145
0.16000001 565284.05384503 23207.73792607
0.16100001 557621.70500415 16260.24968547
0.16200001 550010.43102187 16137.30680796
0.16300001 542454.27119163 16013.25084153
0.16400001 534952.14223325 13240.06614533
0.16500001 527505.34147343 14448.37198508
0.16600001 520114.07821724 15634.62992937
0.16700001 512778.00745631 16798.60831741
0.16800001 505497.62665794 15377.23852899
0.16900001 498276.30120267 13976.65090869
0.17000001 491111.38368179 16376.10986214
0.17100001 484004.55408475 13736.04989356
0.17200001 476955.83541446 13614.70496483
0.17300001 469965.81984116 12266.10847711
0.17400001 463035.52605150 18232.02469930
0.17500001 456163.90849318 20472.63718005
0.17600001 449349.99421882 16702.34007395
0.17700001 442598.86155138 14180.86819388
0.17800001 435906.59462513 23408.18523699
0.17900001 429274.92935064 16226.59309589
0.18000001 422704.61449325 13771.71699070
0.18100001 416196.32828678 11362.16029894
0.18200001 409746.42077650 13497.04773795
0.18300001 403360.74613253 13359.30854299
0.18400001 397034.96763125 11017.72087225
0.18500001 390771.84812442 14173.29560105
0.18600001 384570.63899157 15102.08970667
0.18700001 378430.76630001 12806.09773661
0.18800001 372353.09343918 12667.45283729
0.18900001 366339.55131736 16705.08432934
0.19000001 360384.24386169 12390.01088938
0.19100001 354496.51435797 11230.45010550
0.19200001 348667.06959162 10093.91214163
0.19300001 342903.02988042 11974.17436924
0.19400001 337200.46994376 13808.35989670
0.19500001 331561.10227369 10722.68655423
0.19600001 325982.83243520 11559.35178440
0.19700001 320468.09018431 11421.48327392
0.19800001 315015.78207089 10343.54369312
0.19900001 309626.83155069 13004.32753971
0.20000001 304298.24490710 10092.05176931
0.20100001 299033.85404604 11778.94406757
0.20200001 293830.32531816 8947.13382881
0.20300001 288689.65216521 10600.68452854
0.20400001 283611.04012135 9593.14388553
0.20500001 278593.54090037 11191.10306694
0.20600001 273638.48571215 10195.77045957
0.20700001 268744.62639378 9223.31601381
0.20800001 263912.19131822 9928.37710671
0.20900001 259143.13023384 11428.21258354
0.21000001 254432.65884984 10468.63224325
0.21100001 249783.40444373 11120.35769153
0.21200001 245194.60508420 7833.96800279
0.21300001 240666.36564551 11588.08605366
0.21400001 236199.04175073 8379.16140225
0.21500001 231792.24417299 7510.06906626
0.21600001 227443.67438847 8883.95034163
0.21700001 223155.49363601 8756.62198429
0.21800001 218926.31565458 8630.07577114
0.21900001 214754.98946965 9212.98948385
0.22000001 210642.14011685 7681.06600254
0.22100001 206589.70063930 7567.38109223
0.22200001 202594.40069702 6776.78302375
0.22300001 198656.41253578 8009.82693219
0.22400001 194774.39136734 8545.72682534
0.22500001 190952.50165937 8415.27714606
0.22600001 187185.18056178 6373.65569953
0.22700001 183475.39587187 10667.26002044
0.22800001 179820.88636417 8647.58683420
0.22900001 176221.75614109 9727.44139901
0.23000001 172677.94303192 8376.60741262
0.23100001 169190.69042125 8242.97082716
0.23200001 165755.93441528 6372.48719997
0.23300001 162376.53019501 6269.35812734
0.23400001 159050.87883800 5606.54374420
0.23500001 155777.38573302 6065.97168734
0.23600001 152557.63871205 8135.13646909
0.23700001 149390.38663401 6399.88446610
0.23800001 146275.07944346 5243.96184608
0.23900001 143211.84691216 6186.75207924
0.24000001 140199.38292672 5575.02872578
0.24100001 137239.28366852 5978.14347937
0.24200001 134328.66565124 5385.90810405
0.24300001 131468.33297311 5292.91533587
0.24400001 128656.83077571 5200.95263013
0.24500001 125895.05175269 4645.52762943
0.24600001 123182.11390680 5020.28728976
0.24700001 120517.98915718 5828.25023135
0.24800001 117900.67882967 6605.38584391
0.24900001 115330.72656285 4324.90245071
0.25000001 112808.32480210 4671.95699270
0.25100001 110331.54999075 8758.11885260
0.25200001 107902.10420904 5323.35056300
0.25300001 105518.18425969 4020.24301049
0.25400001 103178.42487645 6314.51990119
0.25500001 100883.70181133 5810.90149926
0.25600001 98633.28175312  4943.00714892
0.25700001 96426.30759983  3731.69828067
0.25800001 94262.67417189  5859.36810376
0.25900001 92142.11876540  4671.60564244
0.26000001 90064.40815250  4583.82826981
0.26100001 88026.43915833  3805.38314487
0.26200001 86032.27981245  4412.16567895
0.26300001 84077.50164094  4328.30998928
0.26400001 82163.28267094  4245.78783292
0.26500001 80289.89831323  4484.99393200
0.26600001 78454.73193753  4084.74581162
0.26700001 76660.14930413  3081.73814785
0.26800001 74903.60846129  3324.59681888
0.26900001 73184.54621554  3260.37168819
0.27000001 71503.93461890  3487.96209577
0.27100001 69860.13352480  3420.35229923
0.27200001 68253.57687374  3074.48251577
0.27300001 66682.59587194  5755.37512208
0.27400001 65146.47699493  4299.66768515
0.27500001 63647.83895885  3162.02478912
0.27600001 62181.82489751  3358.75143080
0.27700001 60752.15323085  5066.72981924
0.27800001 59355.05600512  3477.61289593
0.27900001 57992.28771714  2679.24381933
0.28000001 56661.88222501  3821.27751811
0.28100001 55364.13343783  2341.90295526
0.28200001 54098.85156019  2526.14599316
0.28300001 52865.06771582  2927.66758867
0.28400001 51662.79754181  3092.01857922
0.28500001 50491.39703014  2382.68913863
0.28600001 49349.52083037  2336.94666953
0.28700001 48238.13608085  2709.05385053
0.28800001 47155.38355748  2453.02316877
0.28900001 46103.02358828  3810.41507993
0.29000001 45078.13481128  2164.42674541
0.29100001 44082.49711374  2316.97615797
0.29200001 43113.77318212  2842.27563157
0.29300001 42172.45514478  2603.72750389
0.29400001 41257.75112714  2373.35224594
0.29500001 40370.82959190  2509.45088622
0.29600001 39508.40555199  1936.10950573
0.29700001 38671.70020333  2074.35009710
0.29800001 37860.62090794  2037.65871373
0.29900001 37074.37042253  1668.34674799
0.30000001 36312.30586748  2787.15116880
0.30100001 35574.92355937  2095.00734759
0.30200001 34859.92366463  2218.13704779
0.30300001 34168.75332296  1558.09522529
0.30400001 33500.91108335  1685.93343008
0.30500001 32854.32636661  1658.81501678
0.30600001 32230.04629530  1484.19370216
0.30700001 31627.94197443  1753.45318608
0.30800001 31046.53088935  1726.80812982
0.30900001 30486.09592866  1559.36388058
0.31000001 29946.94413996  1816.13251335
0.31100001 29426.06598918  1514.85394884
0.31200001 28926.39682744  1358.09439535
0.31300001 28445.03502296  2009.64181952
0.31400001 27984.29671859  1851.16131558
0.31500001 27541.41985014  1697.10237152
0.31600002 27116.53989949  2449.84391321
0.31700002 26709.44032899  1401.44440042
0.31800002 26320.24561974  1637.25095630
0.31900002 25948.47770484  1743.73778433
0.32000002 25593.31432728  1232.31814321
0.32100002 25255.12684438  1707.75175808
0.32200002 24933.37418048  1449.62644349
0.32300002 24626.72406635  1316.54473093
0.32400002 24336.06361629  1423.65978896
0.32500002 24060.17354730  1294.19679639
0.32600002 23799.80339702  1751.07061785
0.32700002 23553.66654714  1274.72449389
0.32800002 23322.64923643  1150.97279432
0.32900002 23104.39641342  1486.76797961
0.33000002 22901.29534113  1364.45924104
0.33100002 22709.40490180  1357.11410120
0.33200002 22532.85607340  1463.17107841
0.33300002 22367.86114274  1793.00783411
0.33400002 22216.13925705  1227.99715559
0.33500002 22076.00131127  1112.63051878
0.33600002 21947.84967943  1331.35662460
0.33700002 21830.56929362  1438.85289028
0.33800002 21726.00399934  1325.72082682
0.33900002 21631.19129019  1323.82896965
0.34000002 21548.02185997  1322.61764440
0.34100002 21475.17881557  1872.85043320
0.34200002 21413.38734886  1211.89071440
0.34300002 21360.35909697  1432.85295608
0.34400002 21317.75483112  1213.51325123
0.34500002 21284.22010020  1656.97661328
0.34600002 21261.22296208  1438.64071986
0.34700002 21244.98213593  1552.58336803
0.34800002 21239.24212268  1890.18644223
0.34900002 21241.44438770  1115.17588317
0.35000002 21251.90803022  1230.80431186
0.35100002 21270.61159149  1123.08834522
0.35200002 21296.34004487  1465.93363642
0.35300002 21329.97296132  1132.62161789
0.35400002 21371.40495477  1479.43557807
0.35500002 21419.64598959  1486.95189503
0.35600002 21474.16973387  1494.92439683
0.35700002 21535.69957067  1503.40725824
0.35800002 21604.09238342  1163.38042995
0.35900002 21678.36973013  1287.69522296
0.36000002 21759.43526948  2003.06490861
0.36100002 21845.30781084  1304.82029735
0.36200002 21938.05893478  1313.98010214
0.36300002 22034.51175819  1203.08439898
0.36400002 22136.98886104  1454.40023706
0.36500002 22244.10791392  1221.20158232
0.36600002 22356.61029001  1230.73145476
0.36700002 22473.23060479  1240.52238815
0.36800002 22595.79719529  1500.81292080
0.36900002 22721.72963252  1387.16165977
0.37000002 22850.75189790  1271.64440336
0.37100002 22984.34242120  1282.52636786
0.37200002 23122.02005409  1552.41249997
0.37300002 23262.74242198  1305.03991169
0.37400002 23407.88421484  1448.36290440
0.37500002 23555.23747909  1328.51545675
0.37600002 23706.69647726  1608.73649916
0.37700002 23859.89524063  1623.42734908
0.37800002 24016.84770533  1638.42942807
0.37900002 24176.07890206  2067.05484405
0.38000002 24338.02122678  2503.65236220
0.38100002 24501.78624003  2105.92862710
0.38200002 24667.98147893  1558.89316341
0.38300002 24835.99088340  1716.66377119
0.38400002 25006.47876815  1588.53663900
0.38500002 25177.63352443  2040.89907018
0.38600002 25351.73175560  1618.83490795
0.38700002 25526.20334885  1782.75012634
0.38800002 25702.09498843  1649.68904499
0.38900002 25879.32156948  1968.12249860
0.39000002 26058.41600438  1986.82402238
0.39100002 26237.46010646  2005.59154556
0.39200002 26417.88763112  1557.33454964
0.39300002 26598.81637594  1729.18913452
0.39400002 26781.15635874  1745.46194838
0.39500002 26963.10834404  2242.25219612
0.39600002 27145.44331432  1616.51122595
0.39700002 27327.70505112  1957.75688262
0.39800002 27511.23463247  2305.16645907
0.39900002 27693.98463245  1661.63915667
0.40000002 27876.70511178  2179.81905949
0.40100002 28059.02293874  1691.95916337
0.40200002 28242.37382552  2219.42705223
0.40300002 28424.19597757  2067.00762942
0.40400002 28605.67262154  1911.57416350
0.40500002 28786.73771483  2103.73489188
0.40600002 28967.41661379  1945.30695487
0.40700002 29147.19507849  1962.18926565
0.40800002 29326.52556243  1799.18242850
0.40900002 29504.03391510  2721.74725763
0.41000002 29681.57909589  2012.85638176
0.41100002 29857.68574879  2029.72557338
0.41200002 30032.13765594  2232.58921913
0.41300002 30205.85927987  2063.36234518
0.41400002 30378.14672246  2080.14369538
0.41500002 30549.58160242  1906.29398232
0.41600002 30718.34985158  1921.43287426
0.41700002 30886.44649625  2323.89634449
0.41800002 31053.89914411  2342.08518443
0.41900002 31217.71793882  2360.05958800
0.42000002 31380.54250765  2972.52202989
0.42100002 31542.33364600  2196.29279584
0.42200002 31702.08198758  2614.94635665
0.42300002 31859.37886392  2634.13356929
0.42400002 32014.92976943  2653.23743037
0.42500002 32168.79683223  2261.14483648
0.42600002 32319.45020162  2277.06697186
0.42700002 32469.20303850  2292.97522723
0.42800002 32616.25058325  2728.51257184
0.42900002 32761.77173159  2113.13437682
0.43000002 32904.94359929  2552.76564540
0.43100002 33044.44171405  2569.53590945
0.43200002 33182.65805552  2155.21374284
0.43300002 33318.07965309  3036.60992348
0.43400002 33451.42361481  2837.51714259
0.43500002 33581.93803792  3074.76239246
0.43600002 33710.89125252  2651.69883158
0.43700002 33836.21900711  2445.34366353
0.43800002 33958.42537732  3130.62738389
0.43900002 34079.07265385  3148.90646244
0.44000002 34196.30523155  3166.91997757
0.44100002 34311.59148533  2502.34448561
0.44200002 34423.93291748  2287.47045077
0.44300002 34533.76000575  3219.92793553
0.44400002 34640.26214906  3005.90889044
0.44500002 34743.20684778  3718.91303723
0.44600002 34844.17372660  3037.19254682
0.44700002 34942.47282392  2582.94771355
0.44800002 35036.96494578  2359.73970093
0.44900002 35129.86742156  2608.39277967
0.45000002 35219.52951752  2859.12154173
0.45100002 35304.95011963  4069.24874364
0.45200002 35388.46700926  2885.57573669
0.45300002 35468.49736509  3140.02622055
0.45400002 35546.04078348  2911.22087814
0.45500002 35620.54987031  3411.02401724
0.45600002 35691.59500167  2691.32484865
0.45700002 35759.82053301  2948.03974446
0.45800002 35824.28836370  2959.80284489
0.45900002 35886.05062625  2476.13761057
0.46000002 35945.61940075  2734.20366930
0.46100002 36000.80314889  3243.31250940
0.46200002 36053.69152386  3004.71479401
0.46300002 36103.05424325  2512.77269442
0.46400002 36148.95873667  2521.38999139
0.46500002 36192.62662152  4047.78355320
0.46600002 36232.42874334  3553.31445527
0.46700002 36269.12156068  2546.09245423
0.46800002 36303.41534552  3064.73446873
0.46900002 36333.76884099  2817.68390717
0.47000002 36360.84449611  2825.78316395
0.47100002 36385.17675338  2576.07063624
0.47200002 36406.20829643  2841.32266117
0.47300002 36424.59090849  2848.76738998
0.47400002 36438.56619250  3115.49755713
0.47500002 36450.54067017  3383.33934537
0.47600002 36459.67835227  2869.55912073
0.47700002 36464.62624553  3660.31935602
0.47800002 36466.72235631  5240.26825098
0.47900002 36466.22851612  3150.68229313
0.48000002 36461.91889174  3156.87308728
0.48100002 36455.89052595  2899.33711095
0.48200002 36444.76139081  5280.84617584
0.48300002 36431.08050457  3438.36554100
0.48400002 36414.82451293  3179.01433066
0.48500002 36395.36342982  2918.54433178
0.48600002 36373.48367026  2922.79141886
0.48700002 36347.99446447  3724.94264928
0.48800002 36318.72966610  2663.97894728
0.48900002 36287.46921909  2933.84202543
0.49000002 36252.80227878  3204.02281727
0.49100002 36215.63293193  2672.71383707
0.49200002 36174.73344897  2942.63383189
0.49300002 36131.19627256  2945.05394778
0.49400002 36084.88127422  4018.95384242
0.49500002 36034.98497279  4825.80541631
0.49600002 35983.35672116  4292.09499315
0.49700002 35927.92573613  4025.72426956
0.49800002 35869.93177066  3221.83742436
0.49900002 35809.16076680  2954.25590330
0.50000002 35745.27670677  2954.88343903
