# SAXS profile: number of points = 501, q_min = 0, q_max = 0.5, delta_q = 0.001
#    q    intensity    error
0.00000000 1682732.95097189 277.65093691
0.00100000 1682663.95864259 555.27911954
0.00200000 1682456.92187833 908.52676658
0.00300000 1682112.02623387 1110.19397686
0.00400000 1681629.09900278 1765.71062105
0.00500000 1681008.65234580 1815.48941639
0.00600000 1680250.37567432 1764.26296628
0.00700000 1679354.98136879 2216.74866754
0.00800000 1678321.84753616 2718.88150780
0.00900000 1677152.36748983 3018.87439053
0.01000000 1675845.66101832 3318.17455209
0.01100000 1674403.04516565 3013.92561252
0.01200000 1672823.91510361 3914.40813296
0.01300000 1671109.72290558 3860.26363017
0.01400000 1669259.62851074 5633.75149597
0.01500000 1667275.48343324 6002.19200763
0.01600000 1665156.12728235 5095.37797727
0.01700000 1662903.73720544 6285.77640861
0.01800000 1660517.70195468 6152.21836258
0.01900000 1657998.78719650 5968.79590323
0.02000000 1655347.87103830 5735.78063261
0.02100000 1652566.39312455 7089.51014793
0.02200000 1649652.43809858 5691.30117001
0.02300000 1646609.08231465 7113.35155939
0.02400000 1643436.21633771 7395.46331073
0.02500000 1640135.16395925 7036.18017473
0.02600000 1636705.85158821 14583.04980465
0.02700000 1633149.72610685 10288.84374571
0.02800000 1629466.36062855 12758.72218883
0.02900000 1625658.35558245 8047.00922961
0.03000000 1621726.33834092 13573.85007584
0.03100000 1617670.03570562 10870.74314014
0.03200000 1613490.91108756 11181.49252884
0.03300000 1609191.51835949 8206.87712197
0.03400000 1604769.81101645 10952.55446554
0.03500000 1600229.30555492 11233.61024374
0.03600000 1595569.72373707 12397.57732638
0.03700000 1590792.84235501 9974.27158285
0.03800000 1585899.97706045 10205.26682468
0.03900000 1580892.33365293 14228.03166178
0.04000000 1575768.74016319 11629.17384129
0.04100000 1570533.42459022 11873.23324042
0.04200000 1565186.62814002 13124.09048582
0.04300000 1559728.21324364 12353.04802229
0.04400000 1554162.15378891 11539.65452781
0.04500000 1548487.66936202 13889.93503957
0.04600000 1542705.45060881 11963.68132563
0.04700000 1536818.71718359 17704.15244534
0.04800000 1530827.29282315 16877.37168865
0.04900000 1524734.42674372 14866.16135273
0.05000000 1518539.25454995 13940.19100591
0.05100000 1512245.18509353 17693.26948982
0.05200000 1505850.51503234 15562.96579811
0.05300000 1499360.64100224 12144.82175828
0.05400000 1492774.06743593 14778.46395679
0.05500000 1486094.39698132 18724.79027546
0.05600000 1479320.51855902 16442.64833107
0.05700000 1472457.08229384 16653.49037810
0.05800000 1465503.02957686 16860.61314254
0.05900000 1458459.84023360 18376.59484524
0.06000000 1451331.10293747 17263.58427598
0.06100000 1444117.88430980 21488.47512272
0.06200000 1436820.35059361 13577.95294779
0.06300000 1429442.06658246 15094.90892888
0.06400000 1421980.95501076 16637.17795169
0.06500000 1414443.45003372 15403.28989140
0.06600000 1406827.28506895 21207.92231470
0.06700000 1399135.50283703 22833.89247490
0.06800000 1391370.99576887 18720.89762438
0.06900000 1383534.60598455 17432.53685158
0.07000000 1375625.86704768 20510.58263816
0.07100000 1367649.46880506 16247.67645041
0.07200000 1359604.43944484 16376.43624030
0.07300000 1351495.88292884 19502.08650444
0.07400000 1343322.43791399 22668.56720214
0.07500000 1335087.16357468 15219.99437815
0.07600000 1326789.60029512 16856.86266201
0.07700000 1318435.64328652 21595.97684964
0.07800000 1310023.21155911 20180.90852048
0.07900000 1301554.96317367 23427.99043599
0.08000000 1293034.23908013 20423.47676436
0.08100000 1284461.31390300 15798.87490226
0.08200000 1275837.44288312 19061.01229112
0.08300000 1267165.30343004 17562.91192980
0.08400000 1258445.54601526 17649.69961132
0.08500000 1249682.24721728 24181.35261885
0.08600000 1240874.75706881 19432.09960806
0.08700000 1232025.87809380 24394.11353175
0.08800000 1223135.29192257 22860.39967964
0.08900000 1214208.83633308 18031.00206646
0.09000000 1205244.55223658 18096.74780194
0.09100000 1196245.82821535 23111.47048692
0.09200000 1187213.37406866 23186.27828501
0.09300000 1178150.50400656 16611.92288712
0.09400000 1169055.87924476 21656.76118082
0.09500000 1159933.64976566 18373.34987588
0.09600000 1150784.90648406 20092.70541173
0.09700000 1141612.36199967 20138.04301242
0.09800000 1132417.41206989 23542.95910387
0.09900000 1123201.25872912 20217.62360781
0.10000000 1113964.05282881 23627.17867162
0.10100000 1104708.33258655 18592.24211186
0.10200000 1095436.90109549 18616.95100979
0.10300000 1086150.09810424 16943.94232748
0.10400000 1076850.98354028 16960.40378866
0.10500000 1067541.67604292 18671.30479246
0.10600001 1058219.21320589 25476.62875670
0.10700001 1048890.67202996 22089.63859244
0.10800001 1039554.00858603 20396.05060833
0.10900001 1030212.78079012 16998.51168308
0.11000001 1020867.48483011 22096.67774923
0.11100001 1011520.14986723 22091.60111303
0.11200001 1002173.06812792 16986.83430446
0.11300001 992825.28848726 22070.50720217
0.11400001 983481.22430609 23751.07268530
0.11500001 974141.41968941 18645.06765081
0.11600001 964806.26561456 22012.05598658
0.11700001 955479.42111760 18603.18520528
0.11800001 946158.70046487 20266.72031849
0.11900001 936848.48227651 20235.92817032
0.12000001 927548.90708876 20202.01614801
0.12100001 918263.92717289 23525.92292243
0.12200001 908990.99000708 20125.06146687
0.12300001 899734.56811792 20082.07650655
0.12400001 890493.94440561 18366.43846875
0.12500001 881271.47507412 18321.63483012
0.12600001 872069.75567772 21596.80851707
0.12700001 862888.24870914 19880.94618718
0.12800001 853727.69688404 18171.59488459
0.12900001 844590.97099968 18116.47718181
0.13000001 835479.09902084 22984.03109741
0.13100001 826391.45215130 19635.06182866
0.13200001 817332.26384889 22828.09120542
0.13300001 808301.81561588 16246.86725981
0.13400001 799299.49482315 19422.97863991
0.13500001 790328.29023459 19347.23745713
0.13600001 781387.90891708 16057.52228537
0.13700001 772481.16264414 19188.43298488
0.13800001 763606.84673390 17513.32385570
0.13900001 754770.04014151 17435.18874948
0.14000001 745967.21042741 17354.92796906
0.14100001 737202.59937335 18842.89932867
0.14200001 728474.51729872 21876.09078627
0.14300001 719788.61041106 20211.66513368
0.14400001 711138.22502309 21654.15997338
0.14500001 702532.65856949 20001.10573297
0.14600001 693967.02436785 16832.17097009
0.14700001 685446.98932819 18260.30865716
0.14800001 676968.63520991 21182.34959507
0.14900001 668534.23025732 18050.42506858
0.15000001 660146.35497211 17942.77877473
0.15100001 651804.85011487 22291.72692576
0.15200001 643511.44106498 14768.58826933
0.15300001 635266.16056530 19077.04370200
0.15400001 627067.38424545 24784.83953192
0.15500001 618920.03666699 20275.82135809
0.15600001 610821.41516916 20138.78300858
0.15700001 602777.29664828 17142.98712577
0.15800001 594779.86746131 15604.05055934
0.15900001 586838.18705970 14084.11715421
0.16000001 578947.40276007 19574.21261127
0.16100001 571113.34934293 19429.27706179
0.16200001 563331.08936045 19282.82409907
0.16300001 555604.85796298 17768.24419646
0.16400001 547933.87271813 13561.36399000
0.16500001 540319.16415576 13453.94782266
0.16600001 532760.52266069 13345.65172274
0.16700001 525258.95420190 23825.74728752
0.16800001 517813.48677761 15751.88701152
0.16900001 510428.44808048 14317.51864470
0.17000001 503101.03364618 16775.90475908
0.17100001 495832.32899402 15350.96963055
0.17200001 488623.06336231 19019.65363954
0.17300001 481473.69239827 18849.69594756
0.17400001 474385.14307351 17433.65483127
0.17500001 467356.22539888 16039.66641320
0.17600001 460386.37254112 13445.58464509
0.17700001 453480.15684697 13318.71283565
0.17800001 446634.48830531 15589.77755063
0.17900001 439850.26942222 15438.74518595
0.18000001 433128.78701469 21167.00482123
0.18100001 426470.35063766 22121.01813249
0.18200001 419871.58222239 12678.02302409
0.18300001 413338.30323924 15971.39279164
0.18400001 406865.95480224 11290.53077913
0.18500001 400457.81600560 13407.32831326
0.18600001 394112.51511201 12160.34222828
0.18700001 387830.20626452 10936.81233337
0.18800001 381610.71656711 14064.26362356
0.18900001 375457.16408103 12840.63561826
0.19000001 369363.04678955 11640.47696957
0.19100001 363337.42145141 15696.17734835
0.19200001 357372.29323947 10345.92837814
0.19300001 351473.18120418 13296.23107324
0.19400001 345636.73553334 10109.87499208
0.19500001 339865.05316418 9992.03303520
0.19600001 334155.76589023 10861.73368355
0.19700001 328511.22568540 10732.46225033
0.19800001 322930.51061661 16387.10953567
0.19900001 317414.46520097 13331.40816848
0.20000001 311960.07591180 15989.51444654
0.20100001 306571.15116879 9289.10631944
0.20200001 301244.57297606 9172.89768066
0.20300001 295982.17315841 14491.28788276
0.20400001 290783.25496903 10729.90261551
0.20500001 285646.71012554 12357.07726411
0.20600001 280573.70970656 11325.35832763
0.20700001 275563.70894372 11176.86456308
0.20800001 270616.05458944 12725.72056862
0.20900001 265733.25994980 9207.65789252
0.21000001 260910.69864486 9909.38880297
0.21100001 256150.32251962 8960.13870531
0.21200001 251452.05884390 11247.45112380
0.21300001 246815.30023811 10299.60296586
0.21400001 242241.35148640 10937.19753668
0.21500001 237728.87619024 13864.34871489
0.21600001 233275.70413823 9111.74943443
0.21700001 228884.80741687 12723.70704588
0.21800001 224553.97100057 9589.57778498
0.21900001 220282.35352879 8723.18161219
0.22000001 216070.60257624 10744.11122111
0.22100001 211920.79131422 8468.35522133
0.22200001 207829.18534748 9037.45255217
0.22300001 203796.38417302 8901.82648160
0.22400001 199820.67070588 8092.73754626
0.22500001 195906.41901658 9961.84187806
0.22600001 192048.41046667 7847.09842274
0.22700001 188249.03641666 10300.98775984
0.22800001 184506.15209954 7605.34394920
0.22900001 180819.90933253 6238.28716699
0.23000001 177190.45690511 6753.61458433
0.23100001 173618.74236395 7250.31902401
0.23200001 170100.82716016 7134.02902849
0.23300001 166639.74157273 7603.77176758
0.23400001 163233.44610688 9781.76472059
0.23500001 159880.75214608 7923.69045112
0.23600001 156582.85436165 6123.17280942
0.23700001 153338.75278181 6569.03247987
0.23800001 150148.18333378 8074.21894067
0.23900001 147010.58320164 6350.85749470
0.24000001 143925.33391026 5202.90106695
0.24100001 140893.15592202 7671.63270283
0.24200001 137912.11187445 6534.96573029
0.24300001 134982.42139269 5928.42822800
0.24400001 132102.85294411 6311.21409795
0.24500001 129274.03877418 6201.27593334
0.24600001 126495.25216302 6561.30904008
0.24700001 123766.75352572 5064.53579386
0.24800001 121086.11260133 5879.33647549
0.24900001 118453.95366874 4442.02347272
0.25000001 115870.53884830 4798.77859342
0.25100001 113334.00552830 5997.63585630
0.25200001 110845.71801808 7571.87135604
0.25300001 108404.22743942 4543.22138693
0.25400001 106008.10657956 4865.77232221
0.25500001 103657.95479786 6368.74504410
0.25600001 101353.44839368 4688.61074452
0.25700001 99093.48069633  5368.88503815
0.25800001 96877.71134971  4516.43911681
0.25900001 94706.23655108  3693.54340025
0.26000001 92578.49824608  3986.89321561
0.26100001 90491.66853103  3911.95501570
0.26200001 88449.93562879  3838.28513823
0.26300001 86448.49242912  3423.36046218
0.26400001 84488.53040223  3694.26116664
0.26500001 82570.44044709  3953.47287568
0.26600001 80691.78832108  4201.21815774
0.26700001 78854.50313371  4120.93652877
0.26800001 77056.23013293  4041.98474289
0.26900001 75296.62060552  4269.31859036
0.27000001 73576.24694816  4187.22441197
0.27100001 71893.83008426  4106.57576875
0.27200001 70249.46575449  3739.73048642
0.27300001 68641.69523551  4231.76071153
0.27400001 67069.57455954  3319.94409781
0.27500001 65535.92539883  2984.50618391
0.27600001 64035.96010072  2660.69426811
0.27700001 62572.93920304  2870.22085708
0.27800001 61143.68387194  3582.40860760
0.27900001 59749.33299840  4266.10257799
0.28000001 58388.38731347  2707.17770592
0.28100001 57060.87523803  3379.14519153
0.28200001 55766.71093296  2840.75638938
0.28300001 54504.90580571  3482.86364583
0.28400001 53275.25576152  2277.51729160
0.28500001 52077.54762563  2457.53958877
0.28600001 50910.00228951  2410.84327253
0.28700001 49773.72855529  2365.24769290
0.28800001 48667.06886758  2953.60454938
0.28900001 47591.52344952  2898.32391526
0.29000001 46543.90574884  2437.96989852
0.29100001 45526.34917135  2392.86502571
0.29200001 44536.69507029  2153.12662509
0.29300001 43575.05795748  2882.49022033
0.29400001 42640.67757381  2075.53507915
0.29500001 41734.56846131  2223.61791288
0.29600001 40853.99176210  2002.04996107
0.29700001 39999.64306263  2681.97619431
0.29800001 39171.66234902  1932.53405347
0.29900001 38369.03939913  2417.24959658
0.30000001 37591.31056798  1697.24775249
0.30100001 36839.15085972  2169.45769683
0.30200001 36109.64968916  1805.30202167
0.30300001 35404.61145215  2098.78546624
0.30400001 34723.70103604  2224.05315665
0.30500001 34064.37984435  2188.97715243
0.30600001 33427.93078559  1847.22754266
0.30700001 32814.39304540  2122.43504266
0.30800001 32222.12534051  1941.54425431
0.30900001 31651.30284971  1766.14278263
0.31000001 31102.17346679  2031.28304529
0.31100001 30572.05749229  1716.92683006
0.31200001 30063.38315660  2117.21385904
0.31300001 29573.96377576  1532.22713577
0.31400001 29105.38234308  2200.36700932
0.31500001 28654.88476820  1494.06576255
0.31600002 28223.33058713  1744.62526285
0.31700002 27809.78725545  1591.83229787
0.31800002 27414.60472834  1574.14667803
0.31900002 27037.27923703  1427.56841131
0.32000002 26677.06819197  1669.85116254
0.32100002 26334.23485534  1907.91540561
0.32200002 26008.12024135  1386.10283390
0.32300002 25697.61206225  1498.68480643
0.32400002 25403.39265290  1486.09854056
0.32500002 25124.33017961  1474.29576475
0.32600002 24861.17571139  1829.16108958
0.32700002 24612.56468349  1937.50118363
0.32800002 24379.57028966  1203.13185077
0.32900002 24159.52526182  1554.66552422
0.33000002 23955.16663524  1546.18630369
0.33100002 23762.05680370  1420.02058183
0.33200002 23584.81262917  1295.86759128
0.33300002 23419.29964935  1642.62975519
0.33400002 23267.33117581  2104.53020451
0.33500002 23127.30792455  1981.54783681
0.33600002 22999.45926143  1395.14726487
0.33700002 22882.90177866  1856.26108019
0.33800002 22779.20167383  1389.98695196
0.33900002 22685.60971718  1272.66276540
0.34000002 22603.68179673  1387.41405439
0.34100002 22532.39577376  1387.09434952
0.34200002 22472.50460583  1503.07354174
0.34300002 22421.40881839  1388.33369979
0.34400002 22381.15691950  1389.86991053
0.34500002 22349.99486848  1391.95774633
0.34600002 22329.57772491  1394.70549075
0.34700002 22316.12327415  1281.39185909
0.34800002 22313.40916822  1168.10702528
0.34900002 22318.65785102  1171.72959267
0.35000002 22332.46491381  1410.96520008
0.35100002 22354.61763631  1652.45341394
0.35200002 22383.78434014  1303.74358064
0.35300002 22421.21837340  1428.68010242
0.35400002 22466.39545970  1555.23629936
0.35500002 22518.44417385  1322.73347342
0.35600002 22577.03496007  1329.90030731
0.35700002 22642.74116557  1337.50678400
0.35800002 22715.43911234  1467.87174497
0.35900002 22793.95052155  1353.96072511
0.36000002 22879.33294709  1238.91593777
0.36100002 22969.79290618  1496.71177666
0.36200002 23067.03551628  1884.00021503
0.36300002 23168.15531159  1264.98133993
0.36400002 23275.34351900  1529.19014163
0.36500002 23387.06073201  1283.94969501
0.36600002 23504.22859151  1552.68941430
0.36700002 23625.69865274  1564.96635289
0.36800002 23753.10546735  1446.20789488
0.36900002 23883.70952663  1458.10053567
0.37000002 24017.59865537  1871.21119988
0.37100002 24155.95836281  1887.06355669
0.37200002 24298.55028271  2175.20632435
0.37300002 24444.07749028  1371.31281216
0.37400002 24594.07117539  1521.75822606
0.37500002 24746.17742463  1814.38981472
0.37600002 24902.45700830  1830.70421369
0.37700002 25060.41461606  1847.20324886
0.37800002 25221.98327640  2150.80472578
0.37900002 25385.95726019  1881.09952209
0.38000002 25552.56303154  2336.52647429
0.38100002 25720.86161790  1473.80544052
0.38200002 25891.66817596  1933.71932933
0.38300002 26064.20785685  1951.68797678
0.38400002 26239.06374788  2121.42840452
0.38500002 26414.75935500  1835.29756693
0.38600002 26593.03099910  1698.09807489
0.38700002 26771.68093233  2181.35666571
0.38800002 26951.73361605  1729.89710410
0.38900002 27133.00883931  2380.92163845
0.39000002 27316.01915947  1762.29305956
0.39100002 27498.92218699  2102.01771156
0.39200002 27683.23084659  2121.50449644
0.39300002 27867.77198212  2141.08102282
0.39400002 28053.73000364  2160.83865590
0.39500002 28239.00648340  1845.13677104
0.39600002 28424.74168103  1861.96279203
0.39700002 28610.15949947  2391.23724426
0.39800002 28796.93036743  2757.59418264
0.39900002 28982.72894261  2434.54934653
0.40000002 29168.09250015  1929.90693171
0.40100002 29353.27394513  1770.00250275
0.40200002 29539.15247048  2321.33440688
0.40300002 29723.34272659  1981.35812003
0.40400002 29907.27812954  2361.92740219
0.40500002 30090.51111196  1832.51221354
0.40600002 30273.22759986  3141.90707532
0.40700002 30454.92864516  2236.61006567
0.40800002 30635.81467534  2255.40878326
0.40900002 30814.99831903  1895.12248641
0.41000002 30993.96206445  2675.08899253
0.41100002 31171.34673855  2119.02825169
0.41200002 31346.80392646  3107.09535241
0.41300002 31521.53221088  2544.73341596
0.41400002 31694.46533587  2170.27861671
0.41500002 31866.53993864  2187.31940503
0.41600002 32035.73985840  2204.21918540
0.41700002 32204.08191985  2624.95484167
0.41800002 32371.68046551  2034.56021366
0.41900002 32535.40216266  2254.70347671
0.42000002 32697.98203573  2064.87766340
0.42100002 32859.26217993  2287.99053400
0.42200002 33018.38662693  3142.52509613
0.42300002 33174.87792909  2742.89903715
0.42400002 33329.45097027  2762.17838005
0.42500002 33482.15899401  2781.36307943
0.42600002 33631.37639540  3446.54361632
0.42700002 33779.47031224  2602.37051617
0.42800002 33924.80125654  2183.06106431
0.42900002 34068.36794359  2197.40983649
0.43000002 34209.47840642  2432.80717216
0.43100002 34346.68404776  2448.23175494
0.43200002 34482.30048261  2687.55062697
0.43300002 34615.04300456  2704.12728766
0.43400002 34745.48634801  2493.85740081
0.43500002 34872.86859887  2736.82285733
0.43600002 34998.50999614  2982.39817065
0.43700002 35120.42286406  2538.15308067
0.43800002 35238.88811901  2784.57707112
0.43900002 35355.62723182  3500.20726182
0.44000002 35468.82466892  3754.02058086
0.44100002 35579.82459966  3774.30797240
0.44200002 35687.71013805  3320.02783148
0.44300002 35792.86522465  3098.94641801
0.44400002 35894.40060787  2875.14162495
0.44500002 35992.31667654  2648.67470975
0.44600002 36088.07276834  2661.67593317
0.44700002 36180.98179523  2431.36209187
0.44800002 36269.63413150  3419.86396433
0.44900002 36356.78337515  2944.89959295
0.45000002 36440.41987636  2465.19452147
0.45100002 36519.65811177  2971.23952479
0.45200002 36596.73145672  3232.77242644
0.45300002 36670.05460799  2746.95392087
0.45400002 36740.85071873  2758.31949843
0.45500002 36808.32114606  2769.45821428
0.45600002 36872.31294502  3538.63604104
0.45700002 36933.06540259  3044.76205609
0.45800002 36989.94430301  3310.78512175
0.45900002 37044.01424932  3834.05565652
0.46000002 37095.54468568  3078.18844391
0.46100002 37142.51874432  3346.16967227
0.46200002 37187.07259294  3099.17077678
0.46300002 37228.08110703  2850.18202464
0.46400002 37265.29720309  3379.03098404
0.46500002 37300.16813070  3389.46643868
0.46600002 37330.91306757  3138.03670119
0.46700002 37358.36655426  4458.34767589
0.46800002 37383.32377221  3155.90034243
0.46900002 37404.11299063  2900.68909991
0.47000002 37421.35416388  2908.20067669
0.47100002 37435.85294648  3975.68777135
0.47200002 37446.76881934  2922.53321102
0.47300002 37455.15020847  3195.67356725
0.47400002 37458.58233143  2668.92411761
0.47500002 37460.03900673  3209.57629422
0.47600002 37458.52486767  2680.15758132
0.47700002 37452.56093684  3490.95337039
0.47800002 37443.61777566  3228.38887764
0.47900002 37431.93810867  3234.11960588
0.48000002 37416.35374050  4589.30308557
0.48100002 37398.80536551  2974.32713170
0.48200002 37376.04094308  2707.89429468
0.48300002 37350.62504660  3525.15215899
0.48400002 37322.37921431  4344.32514646
0.48500002 37290.97584109  4077.76840151
0.48600002 37256.89539675  4898.90940793
0.48700002 37219.09319629  3269.32530133
0.48800002 37177.41062070  3272.35583794
0.48900002 37133.55263470  3821.04274723
0.49000002 37086.20150237  3004.53875713
0.49100002 37036.26734720  3006.60432576
0.49200002 36982.47572907  2734.85420980
0.49300002 36925.86779325  3283.44831982
0.49400002 36866.48350193  3011.07018275
0.49500002 36803.23229180  2738.16061230
0.49600002 36738.21381950  3560.48416109
0.49700002 36669.32113490  3013.11826048
0.49800002 36597.76096856  3013.27679218
0.49900002 36523.29512466  3287.09671704
0.50000002 36445.69012411  3286.67249119
