# SAXS profile: number of points = 501, q_min = 0, q_max = 0.5, delta_q = 0.001
#    q    intensity    error
0.00000000 1628779.37420969 293.18028736
0.00100000 1628699.41611172 586.33180372
0.00200000 1628459.46125598 806.08745885
0.00300000 1628059.74748938 1269.88664828
0.00400000 1627500.15985210 1953.00026603
0.00500000 1626781.15599679 2342.56495736
0.00600000 1625902.65653748 1707.19785887
0.00700000 1624865.24527543 2729.77372551
0.00800000 1623668.69308183 2849.53867667
0.00900000 1622314.25084712 2676.81862833
0.01000000 1620801.29966889 3476.61893791
0.01100000 1619131.07054517 2914.43605387
0.01200000 1617303.52733371 4099.86462154
0.01300000 1615319.77416127 4749.04034549
0.01400000 1613179.82483480 3992.62024346
0.01500000 1610885.08799356 4252.73682167
0.01600000 1608434.95913109 4101.50932914
0.01700000 1605831.67134361 6503.61856069
0.01800000 1603075.16360980 6853.14663281
0.01900000 1600166.00746625 4800.49823901
0.02000000 1597105.54381265 7546.32403588
0.02100000 1593895.58553099 5785.84123780
0.02200000 1590534.77161030 7133.54877477
0.02300000 1587026.23888446 5713.29472004
0.02400000 1583369.53849455 6531.39964411
0.02500000 1579567.05991727 8008.40535953
0.02600000 1575619.01692605 7019.38304146
0.02700000 1571527.46273355 8580.54033952
0.02800000 1567292.03834688 8863.03688331
0.02900000 1562915.38571804 7033.11955865
0.03000000 1558398.78237651 8695.86560537
0.03100000 1553742.51163515 9695.35371872
0.03200000 1548948.04109081 9967.48110350
0.03300000 1544018.99581224 9449.39668999
0.03400000 1538954.06212510 11311.31287853
0.03500000 1533755.78336936 12423.42241898
0.03600000 1528425.41700430 11875.86603895
0.03700000 1522965.14650780 13889.44277850
0.03800000 1517376.02118947 13314.97520215
0.03900000 1511660.33634884 13604.94365718
0.04000000 1505817.78286083 12965.09171122
0.04100000 1499852.57911035 15118.51469843
0.04200000 1493765.20715929 10598.26463648
0.04300000 1487556.47403913 10799.66050282
0.04400000 1481230.12616876 10998.13419758
0.04500000 1474787.55620319 14246.44845488
0.04600000 1468228.40665664 14491.41504736
0.04700000 1461556.92989754 11575.53142314
0.04800000 1454773.91524032 11761.84765197
0.04900000 1447882.59164385 11945.03193707
0.05000000 1440882.75827811 16534.13042117
0.05100000 1433778.93955092 11183.47624947
0.05200000 1426569.41529957 12475.35011816
0.05300000 1419259.91124741 12645.60639873
0.05400000 1411850.65807735 16306.87586125
0.05500000 1404344.10457199 11796.49102870
0.05600000 1396741.12352462 15524.77831243
0.05700000 1389046.75996727 13293.17811339
0.05800000 1381260.30875605 15891.40059425
0.05900000 1373383.77463323 18540.68182351
0.06000000 1365421.42804547 12493.60665030
0.06100000 1357374.08877803 16410.65350022
0.06200000 1349244.20493784 21675.60916552
0.06300000 1341034.88801839 20598.29684304
0.06400000 1332744.84945984 14293.68917893
0.06500000 1324379.47893113 14422.49320021
0.06600000 1315941.22640899 17192.77292746
0.06700000 1307429.74215003 16002.94079284
0.06800000 1298849.43114939 17476.01991415
0.06900000 1290202.66598239 13547.12862708
0.07000000 1281489.88657997 17742.22831054
0.07100000 1272713.96466274 15119.84260837
0.07200000 1263877.87472715 17991.30238958
0.07300000 1254983.48389868 20895.47598598
0.07400000 1246033.93350215 15419.67064972
0.07500000 1237029.69921661 15512.35315528
0.07600000 1227973.03226333 17019.70702506
0.07700000 1218868.43404735 19965.06588583
0.07800000 1209716.09507054 15768.65003873
0.07900000 1200518.54383427 15846.84552189
0.08000000 1191279.53017339 15921.45166766
0.08100000 1181999.54612317 18900.17362927
0.08200000 1172680.92729660 16059.86605294
0.08300000 1163327.34721595 16123.71778913
0.08400000 1153939.24473509 23540.36169755
0.08500000 1144520.19946363 16240.74239281
0.08600000 1135070.97124202 26662.81836633
0.08700000 1125596.31667501 23772.59532448
0.08800000 1116094.99709850 25329.77714873
0.08900000 1106572.91608503 16432.60857570
0.09000000 1097028.69600961 16471.88664436
0.09100000 1087466.30269146 15007.03568219
0.09200000 1077887.59604629 18043.83920564
0.09300000 1068296.78947831 15062.98543949
0.09400000 1058690.86330957 19612.24916454
0.09500000 1049075.97006243 21149.37255054
0.09600000 1039452.35704778 16636.43575659
0.09700000 1029825.34471481 21193.80659061
0.09800000 1020193.88106737 15149.87984616
0.09900000 1010561.15817692 24253.46893670
0.10000000 1000928.17319134 21229.68755176
0.10100000 991296.55538060 16683.52181171
0.10200000 981670.11352389 22750.20595100
0.10300000 972049.04385344 22745.94869616
0.10400000 962437.05997290 15158.38440770
0.10500000 952836.57348001 16665.11245425
0.10600001 943244.99506163 15139.08288309
0.10700001 933668.96250121 19663.06927557
0.10800001 924107.84431769 21152.82955192
0.10900001 914565.61297496 16599.36665676
0.11000001 905041.29982712 21096.51369197
0.11100001 895537.91504412 15045.03768096
0.11200001 886057.63088394 21026.14857073
0.11300001 876601.40557707 17987.86168932
0.11400001 867172.10071185 17950.46332992
0.11500001 857770.47030865 17910.24826340
0.11600001 848398.30435998 16378.33003695
0.11700001 839057.99356646 20791.85805977
0.11800001 829748.81426669 17773.22043868
0.11900001 820473.64502783 16245.37893673
0.12000001 811233.51753449 16196.27794050
0.12100001 802032.55810881 16144.91615529
0.12200001 792869.16235802 16091.28040814
0.12300001 783746.56232158 18950.99276980
0.12400001 774664.46436243 17429.95126941
0.12500001 765624.59281058 17364.36658316
0.12600001 756630.71503674 18737.96054088
0.12700001 747681.21680707 17226.57604706
0.12800001 738778.04199160 14295.35578627
0.12900001 729923.63159995 21350.26723058
0.13000001 721118.54145828 14169.98000756
0.13100001 712363.15994297 14104.79123174
0.13200001 703659.04323097 18249.39814648
0.13300001 695007.87352017 19557.52248286
0.13400001 686410.35689291 16679.77245888
0.13500001 677867.89252031 15211.35622534
0.13600001 669381.00090407 17882.51428233
0.13700001 660951.42687819 19154.37325412
0.13800001 652577.92775434 14966.87547882
0.13900001 644264.09360023 20294.31990545
0.14000001 636009.04414924 16141.91030177
0.14100001 627815.63337883 22733.20515681
0.14200001 619682.78535376 13292.19637277
0.14300001 611612.60180158 18495.16595085
0.14400001 603602.72546272 17066.86786750
0.14500001 595658.67258792 15653.91065404
0.14600001 587778.57290179 15552.62177267
0.14700001 579964.03504166 18025.28305947
0.14800001 572212.45901786 16625.63378114
0.14900001 564528.78869578 13972.08817943
0.15000001 556910.90842205 13875.43593802
0.15100001 549360.24220067 12525.41411319
0.15200001 541878.12834512 17410.54508528
0.15300001 534464.41266794 13580.74136675
0.15400001 527117.46156142 15932.12602755
0.15500001 519841.29560537 18246.43033685
0.15600001 512632.95104302 14487.00788019
0.15700001 505496.91691702 15574.36074527
0.15800001 498428.32543269 16642.52257170
0.15900001 491432.00766733 12973.80561479
0.16000001 484503.96725996 11700.77136163
0.16100001 477649.41192625 11606.88125770
0.16200001 470865.37880094 16117.72267721
0.16300001 464152.32051274 14843.59191073
0.16400001 457510.92286301 11323.39587543
0.16500001 450940.54100611 11228.42000116
0.16600001 444442.35666645 15586.59418418
0.16700001 438015.46634373 14349.38735492
0.16800001 431660.97072733 15319.64857445
0.16900001 425378.79782357 13016.59182802
0.17000001 419167.40595411 13977.13781154
0.17100001 413028.13359573 11721.73898496
0.17200001 406961.20278542 12672.77245318
0.17300001 400965.01838185 15697.78121097
0.17400001 395042.04846981 15554.78139309
0.17500001 389189.14214068 11302.05322153
0.17600001 383406.33382849 13233.27023709
0.17700001 377697.81863029 15126.79835059
0.17800001 372058.39839661 10988.74531567
0.17900001 366489.95858076 11874.27521888
0.18000001 360992.85553009 10781.05213965
0.18100001 355566.37674745 11648.35505247
0.18200001 350208.28699590 9613.21793215
0.18300001 344920.44783347 14279.70721487
0.18400001 339702.47220497 13197.44166862
0.18500001 334553.60446794 9334.04600562
0.18600001 329473.78784737 12014.26224145
0.18700001 324462.02295034 12809.76127127
0.18800001 319516.94752194 10869.96706826
0.18900001 314642.85070597 10760.78600256
0.19000001 309831.54221250 11539.67633494
0.19100001 305090.21274011 12301.23795892
0.19200001 300413.78497787 10436.37538326
0.19300001 295804.56645058 12051.07860664
0.19400001 291259.33631004 11075.13678653
0.19500001 286779.58956919 10960.71643128
0.19600001 282363.82217619 13350.16214337
0.19700001 278013.44456901 10734.09960208
0.19800001 273725.09964500 8170.69461054
0.19900001 269500.47079457 8085.01450593
0.20000001 265336.24671746 7999.88821662
0.20100001 261235.93864060 11081.62904088
0.20200001 257195.20894291 12530.55117194
0.20300001 253215.77580741 7748.40310593
0.20400001 249297.30123641 7665.89237535
0.20500001 245436.80142527 9859.19677927
0.20600001 241635.15262352 8253.04902796
0.20700001 237892.27129109 8164.46313664
0.20800001 234206.16242232 12482.01801632
0.20900001 230579.78645249 10894.89542490
0.21000001 227006.77636826 7903.24129287
0.21100001 223490.69000365 9949.80598932
0.21200001 220028.69426951 8435.90053710
0.21300001 216621.37984342 9039.61060822
0.21400001 213268.33740450 6877.90420646
0.21500001 209969.05307356 10204.49646182
0.21600001 206720.67757940 11438.88923467
0.21700001 203525.05763710 9317.37757915
0.21800001 200380.39127958 9215.49463066
0.21900001 197285.68755978 7161.47079703
0.22000001 194240.30045209 7726.87951733
0.22100001 191245.40691781 7005.31958664
0.22200001 188298.60836508 6928.44762240
0.22300001 185399.00508535 6229.40686543
0.22400001 182546.16355153 8625.30663567
0.22500001 179741.66292501 7921.21545968
0.22600001 176981.12350952 7834.06980261
0.22700001 174266.53869240 5959.91590512
0.22800001 171595.99683433 6483.75504700
0.22900001 168968.85528301 7578.25351783
0.23000001 166385.08670293 6341.76787960
0.23100001 163845.12474601 6842.17273298
0.23200001 161344.79948874 6202.90110970
0.23300001 158887.16291847 6692.32761864
0.23400001 156469.12309348 8824.85895985
0.23500001 154090.39695660 6545.76037231
0.23600001 151751.14205256 8631.60536820
0.23700001 149451.08498732 6936.02518232
0.23800001 147188.23008107 8442.71727678
0.23900001 144962.81559712 5740.52776917
0.24000001 142773.52646960 5677.38954861
0.24100001 140621.27033291 6635.91806090
0.24200001 138504.43461585 7067.88163277
0.24300001 136421.55892143 6490.93808052
0.24400001 134373.25143529 6913.50411338
0.24500001 132357.77657060 5860.80262379
0.24600001 130375.85128527 6762.59572607
0.24700001 128426.49885752 6688.45237690
0.24800001 126508.69612178 4725.10002368
0.24900001 124621.24141619 6075.28580645
0.25000001 122765.49114290 4622.12096019
0.25100001 120938.83260867 5028.63689777
0.25200001 119143.66350422 4973.65246829
0.25300001 117376.28172545 5813.64750891
0.25400001 115637.99307741 4865.46878892
0.25500001 113926.05028173 8749.52107559
0.25600001 112242.69874791 5192.34748974
0.25700001 110585.47304724 5563.55541224
0.25800001 108954.90696152 6772.63733717
0.25900001 107350.78879220 5442.68524928
0.26000001 105771.62166384 4140.95918407
0.26100001 104216.44010902 4914.84754809
0.26200001 102687.33924551 4051.01572492
0.26300001 101180.48021894 4808.09664751
0.26400001 99698.49282408  4755.61833274
0.26500001 98239.05803726  5487.63404163
0.26600001 96801.96552653  4264.61079307
0.26700001 95387.31029923  4218.02706103
0.26800001 93994.58586701  7206.09526649
0.26900001 92622.66108832  3751.21795159
0.27000001 91272.18474479  5194.30027963
0.27100001 89941.83005562  4403.55220791
0.27200001 88632.46278170  3992.44947494
0.27300001 87342.43504904  5384.66137560
0.27400001 86070.64159650  3905.45554727
0.27500001 84819.89885557  4916.16157033
0.27600001 83585.47777469  3820.27444249
0.27700001 82371.38808290  4808.84186387
0.27800001 81174.17478148  4416.28118800
0.27900001 79995.03161005  3695.77063530
0.28000001 78832.82717738  4651.92535191
0.28100001 77687.91211411  3943.43860555
0.28200001 76559.98905120  4224.96319576
0.28300001 75448.30874564  3856.91772563
0.28400001 74352.13179833  3814.26454179
0.28500001 73272.52286344  4400.74793147
0.28600001 72208.06784791  3730.26896158
0.28700001 71159.76548615  3996.33261886
0.28800001 70124.98357870  3039.91818203
0.28900001 69106.39527455  6012.25667347
0.29000001 68101.95240706  2972.65036328
0.29100001 67112.20082169  3821.36889567
0.29200001 66136.21199857  3488.02398591
0.29300001 65174.20255324  3736.43720925
0.29400001 64225.24964946  3126.16417467
0.29500001 63291.07402361  3934.17334754
0.29600001 62368.78026238  3334.23515066
0.29700001 61460.30494558  4120.91364168
0.29800001 60564.82378099  3531.23221771
0.29900001 59682.16381628  2685.69749887
0.30000001 58811.44764197  3451.93808276
0.30100001 57953.74066939  3412.89594959
0.30200001 57107.40246874  2855.08472159
0.30300001 56273.93062062  3335.91876512
0.30400001 55452.11959177  2536.93459143
0.30500001 54642.41330029  2758.89557814
0.30600001 53843.25216170  2727.43006737
0.30700001 53056.46311262  2696.32958304
0.30800001 52280.57870795  3392.48691297
0.30900001 51516.23467088  2874.60603073
0.31000001 50762.94358269  2841.70971630
0.31100001 50020.12277418  3043.22441366
0.31200001 49289.23894878  3008.36884167
0.31300001 48568.16206039  2745.07264962
0.31400001 47859.24166562  2261.34927577
0.31500001 47159.65876295  2682.44151744
0.31600002 46471.47345656  3093.60613448
0.31700002 45792.97761018  2402.75764897
0.31800002 45124.76580790  2375.14216076
0.31900002 44467.37153821  2347.87732839
0.32000002 43820.20175248  2953.91994000
0.32100002 43182.79251451  2294.30187493
0.32200002 42556.24288128  2680.40508480
0.32300002 41937.88419496  2241.99939522
0.32400002 41330.76966135  2417.85013968
0.32500002 40733.27756248  2191.04310384
0.32600002 40145.71377164  2362.97682449
0.32700002 39567.69919289  1946.73089247
0.32800002 39000.30496024  2886.99771139
0.32900002 38440.58835208  2283.37105624
0.33000002 37891.92620799  2069.46764785
0.33100002 37351.56947587  2232.12989758
0.33200002 36822.17712889  2207.12140162
0.33300002 36301.48260129  2182.44523734
0.33400002 35790.80933373  1978.33707961
0.33500002 35288.78522641  2667.83228945
0.33600002 34795.82177829  1758.92887419
0.33700002 34312.24644815  1913.59407504
0.33800002 33838.58668349  2236.89987865
0.33900002 33373.25003633  2382.85016544
0.34000002 32917.11693273  2357.19485518
0.34100002 32470.14584024  2498.57784074
0.34200002 32033.08103590  2307.34293629
0.34300002 31604.28455495  1793.85927629
0.34400002 31185.07053329  2097.97571949
0.34500002 30774.30215567  2236.06090053
0.34600002 30372.99560561  1580.91449614
0.34700002 29979.37948875  1877.90842012
0.34800002 29595.55922370  1859.19311849
0.34900002 29220.13957814  2301.08610076
0.35000002 28853.69261218  1671.06168678
0.35100002 28496.66767888  1655.08653718
0.35200002 28146.51976419  1788.42995052
0.35300002 27806.52286525  1476.52643408
0.35400002 27474.65194294  1609.32781378
0.35500002 27151.46315491  1884.85466149
0.35600002 26836.07920402  1580.77932039
0.35700002 26529.43505923  1852.01994921
0.35800002 26231.39855054  1836.32914251
0.35900002 25942.18855001  2521.58084650
0.36000002 25660.99379321  1806.40574364
0.36100002 25387.46167045  1654.24708080
0.36200002 25123.59829586  2325.56598641
0.36300002 24866.50796371  2036.56709869
0.36400002 24618.22697750  1482.63278995
0.36500002 24377.02744757  1873.61841837
0.36600002 24144.83504184  1595.00787842
0.36700002 23919.96030181  1716.49643257
0.36800002 23703.81708043  1836.80887257
0.36900002 23495.26956599  1564.78502722
0.37000002 23293.88868564  2462.97943685
0.37100002 23100.10460599  1417.88448788
0.37200002 22914.64099739  1410.28164699
0.37300002 22736.41402266  1275.51288709
0.37400002 22565.55611205  1269.31259143
0.37500002 22402.42547459  1389.84654228
0.37600002 22246.82123060  1383.86358020
0.37700002 22098.06098236  1879.44017558
0.37800002 21956.81006772  1248.24471148
0.37900002 21823.27545949  1617.10478815
0.38000002 21696.03671904  1363.92141296
0.38100002 21575.18086046  1607.13529843
0.38200002 21462.50768558  1356.32323744
0.38300002 21355.65808462  1476.10315674
0.38400002 21256.17682028  1595.80755038
0.38500002 21162.75168015  1347.85571836
0.38600002 21076.79277177  1712.91102971
0.38700002 20996.36886092  1344.18759816
0.38800002 20922.50327851  1464.99374897
0.38900002 20854.81676033  1220.00683828
0.39000002 20794.03424623  1341.52718295
0.39100002 20738.53682678  1463.31122782
0.39200002 20689.39438306  1341.60384233
0.39300002 20645.98331194  1464.21320585
0.39400002 20609.21289662  1465.31510637
0.39500002 20577.21606425  1222.28669213
0.39600002 20551.05654253  1223.81547509
0.39700002 20529.60989217  1715.86487608
0.39800002 20514.83029487  1718.93771185
0.39900002 20504.35906906  1230.26160243
0.40000002 20499.47101071  1602.95621163
0.40100002 20499.19123862  1854.15193538
0.40200002 20504.48187891  1611.34478480
0.40300002 20514.22455436  1367.47827358
0.40400002 20528.69069714  1496.54162273
0.40500002 20547.54847761  1251.34576158
0.40600002 20571.70021864  1381.49259364
0.40700002 20599.75343029  1638.91646057
0.40800002 20631.87379545  1772.07172425
0.40900002 20667.77749988  1525.28205176
0.41000002 20708.55514008  2042.69197580
0.41100002 20752.78644866  2052.03562127
0.41200002 20800.25271293  1417.43328828
0.41300002 20852.45481881  1812.91250785
0.41400002 20907.61676541  1431.64912585
0.41500002 20966.19680027  1308.29074233
0.41600002 21027.36474625  1841.36641808
0.41700002 21093.08733498  1587.04396628
0.41800002 21162.05219007  1729.04555612
0.41900002 21232.22026776  1872.68191635
0.42000002 21305.83834242  1345.46375508
0.42100002 21382.88798575  2571.72005991
0.42200002 21462.35416980  1497.96508026
0.42300002 21543.71437141  1644.21635874
0.42400002 21627.56287366  1792.38435809
0.42500002 21713.90181261  2081.27758736
0.42600002 21801.33062148  1954.92540946
0.42700002 21891.93467907  1405.46227300
0.42800002 21983.68908789  1556.11550583
0.42900002 22078.21098254  1708.85361103
0.43000002 22173.90020818  2580.37688950
0.43100002 22269.76466809  1731.69698265
0.43200002 22368.34680113  1598.10661294
0.43300002 22467.53841535  1755.16418418
0.43400002 22568.27054521  1767.09566743
0.43500002 22669.59699266  1630.85088494
0.43600002 22772.42924264  1791.27936911
0.43700002 22875.60038954  1502.92701681
0.43800002 22978.88989568  1815.79196561
0.43900002 23083.93716482  1980.60190260
0.44000002 23188.71215141  1687.32671966
0.44100002 23294.18302635  1698.84484862
0.44200002 23399.84515711  2176.88769813
0.44300002 23505.83467994  2504.78186220
0.44400002 23611.52635861  2836.92502643
0.44500002 23716.78435160  2221.31412764
0.44600002 23821.88049028  1916.70859508
0.44700002 23927.48726524  1768.71994247
0.44800002 24031.86343216  2427.81911829
0.44900002 24136.29315293  2117.95982454
0.45000002 24240.59235003  1967.85138024
0.45100002 24343.05469116  1815.50510491
0.45200002 24445.45046562  1661.06843786
0.45300002 24546.71363545  1838.79440558
0.45400002 24647.13405191  2186.81707240
0.45500002 24746.78092855  1692.67989573
0.45600002 24844.92739408  1873.43183894
0.45700002 24942.23314017  2570.29724691
0.45800002 25037.74330497  2241.00332072
0.45900002 25132.10697593  1734.11546353
0.46000002 25225.47889246  1918.77614289
0.46100002 25316.47404079  2105.31808101
0.46200002 25406.47402414  1940.92767506
0.46300002 25494.61223407  2129.31011471
0.46400002 25580.56407380  2319.51775733
0.46500002 25665.87074818  2691.06667549
0.46600002 25748.12640877  2705.48451063
0.46700002 25828.67687059  2175.80784270
0.46800002 25907.80167546  2369.39811453
0.46900002 25984.11359611  1831.88009535
0.47000002 26058.56611102  1841.03778300
0.47100002 26130.98516157  3145.12552312
0.47200002 26201.23482864  2044.87546912
0.47300002 26269.06383060  3361.91494839
0.47400002 26334.11683897  2063.93650508
0.47500002 26397.13545997  2261.70667341
0.47600002 26458.45530781  2082.41282370
0.47700002 26516.11447209  2661.68769687
0.47800002 26571.49625654  3436.49177374
0.47900002 26625.23149036  2492.12178562
0.48000002 26675.28905089  3079.39551399
0.48100002 26724.21421155  2705.02509071
0.48200002 26768.36594389  2327.24184547
0.48300002 26810.55648591  2335.73579176
0.48400002 26850.71170180  1953.38936890
0.48500002 26887.58853351  2940.15794550
0.48600002 26922.15492900  2556.66256402
0.48700002 26953.71399471  3156.81913269
0.48800002 26982.31939927  2572.89918827
0.48900002 27008.06256976  2183.60196227
0.49000002 27031.12726929  2787.17966485
0.49100002 27052.24189068  2595.39221002
0.49200002 27069.05075269  2602.28331746
0.49300002 27083.80819359  3211.05645164
0.49400002 27095.04643350  2816.53021027
0.49500002 27104.09043535  2621.50775117
0.49600002 27110.28065492  2425.28582235
0.49700002 27113.22477581  3038.03698014
0.49800002 27113.63990158  2638.29285568
0.49900002 27110.84380608  2439.97605821
0.50000002 27105.47342754  2036.97642464
