# SAXS profile: number of points = 501, q_min = 0, q_max = 0.5, delta_q = 0.001
#    q    intensity    error
0.00000000 1646666.22097350 271.69992646
0.00100000 1646585.62023962 493.97569780
0.00200000 1646343.74614295 740.85470922
0.00300000 1645940.83576589 1086.32099030
0.00400000 1645376.76528914 1357.43588294
0.00500000 1644652.00567703 1628.20555007
0.00600000 1643766.47134605 1725.95486518
0.00700000 1642720.73819714 2168.39146454
0.00800000 1641514.62712811 2216.04484018
0.00900000 1640149.33559941 2952.26893028
0.01000000 1638624.24948354 2974.10314123
0.01100000 1636940.63411699 3241.14259667
0.01200000 1635098.43484014 3507.28629650
0.01300000 1633098.76775843 3772.45831991
0.01400000 1630941.67374699 5504.42839291
0.01500000 1628628.50797930 5081.32117116
0.01600000 1626158.72158697 6220.05738813
0.01700000 1623534.52562626 4383.54341583
0.01800000 1620755.85946331 6928.73161098
0.01900000 1617823.33640485 6309.51129668
0.02000000 1614738.26077209 8138.28120243
0.02100000 1611502.49496020 5317.95847448
0.02200000 1608114.61397161 6102.79523729
0.02300000 1604577.88899824 8664.72099499
0.02400000 1600891.69574883 10205.68502575
0.02500000 1597058.60006798 7474.23458967
0.02600000 1593078.70403848 8387.55976040
0.02700000 1588954.17278662 8675.69018077
0.02800000 1584684.49530225 6893.37787069
0.02900000 1580272.45708650 8533.47166007
0.03000000 1575719.34804512 8059.80483572
0.03100000 1571025.41271968 8295.01456084
0.03200000 1566192.19493084 9303.18206638
0.03300000 1561223.32359037 9554.68718085
0.03400000 1556117.15616936 11437.46162557
0.03500000 1550876.68860777 9212.20795573
0.03600000 1545503.08276044 12008.55950801
0.03700000 1539998.44560695 10533.58985510
0.03800000 1534363.79576719 11668.83720684
0.03900000 1528601.64750418 11005.93237171
0.04000000 1522711.53327334 11237.61163630
0.04100000 1516697.57605522 11466.23420663
0.04200000 1510560.59632437 13640.36281762
0.04300000 1504301.16133620 13899.74337594
0.04400000 1497923.12361158 14155.37417553
0.04500000 1491427.70275822 11319.93678991
0.04600000 1484814.86622861 12561.53435224
0.04700000 1478088.68935008 19156.03030488
0.04800000 1471249.89445878 11895.05595015
0.04900000 1464301.97349562 14276.94490614
0.05000000 1457244.46327136 13377.50479577
0.05100000 1450082.21276835 19228.09103703
0.05200000 1442813.13791557 13764.43797715
0.05300000 1435443.30288747 16277.92781359
0.05400000 1427972.72321525 12958.85306750
0.05500000 1420403.97838639 14317.67277004
0.05600000 1412738.05450557 16910.47530154
0.05700000 1404979.87109797 14667.99053894
0.05800000 1397128.71003171 13601.04862722
0.05900000 1389186.67836318 13752.94875814
0.06000000 1381157.97558327 17692.63449380
0.06100000 1373043.43226105 14046.23496843
0.06200000 1364845.69290633 18056.90936119
0.06300000 1356567.64965850 16929.96505930
0.06400000 1348208.02223306 21032.04613044
0.06500000 1339772.61589136 17242.87437311
0.06600000 1331263.34313203 18730.87611426
0.06700000 1322680.42987938 17538.74332100
0.06800000 1314027.73936107 16320.22528680
0.06900000 1305308.02811949 16446.88192433
0.07000000 1296521.59255661 17950.34228953
0.07100000 1287671.35884160 15297.53645954
0.07200000 1278760.26404347 21003.63832087
0.07300000 1269790.36066238 19732.54312927
0.07400000 1260764.61662914 18438.68338231
0.07500000 1251683.84933556 21403.79482689
0.07600000 1242549.70994119 15786.59480489
0.07700000 1233367.17458326 14430.39661924
0.07800000 1224136.58308095 14506.01918979
0.07900000 1214860.15845041 26240.98065333
0.08000000 1205541.68024215 19041.53173268
0.08100000 1196181.87141892 14713.03770876
0.08200000 1186782.82310634 16252.99152512
0.08300000 1177348.30965435 20768.42515701
0.08400000 1167878.97990367 20846.64076979
0.08500000 1158378.17661936 19426.00293386
0.08600000 1148846.91776308 20989.43417302
0.08700000 1139289.66957319 18046.34921345
0.08800000 1129705.52037663 16589.72634585
0.08900000 1120100.17681368 16633.48840695
0.09000000 1110472.61842624 24252.72312571
0.09100000 1100826.22245456 19748.82335866
0.09200000 1091163.15639262 18266.07209628
0.09300000 1081487.97097265 18298.77732876
0.09400000 1071797.19435852 18327.73288489
0.09500000 1062097.15254370 18353.03965860
0.09600000 1052388.34831677 18374.70142536
0.09700000 1042675.71467479 16860.06709893
0.09800000 1032958.56384380 16873.37893374
0.09900000 1023240.05840998 15348.60159788
0.10000000 1013520.68349493 19961.29080016
0.10100000 1003802.87006158 18429.82156112
0.10200000 994089.80282755 19966.29462893
0.10300000 984382.32586384 18427.63800702
0.10400000 974683.64556392 16886.39495382
0.10500000 964996.27569644 15343.44150547
0.10600001 955317.67033125 18399.41919634
0.10700001 945654.76095389 15319.60784836
0.10800001 936006.64995055 16834.08039160
0.10900001 926377.15940220 18342.26861945
0.11000001 916765.80789554 27475.47255589
0.11100001 907175.45603097 18288.65805449
0.11200001 897608.10843564 16735.90396966
0.11300001 888064.66249439 21260.26902107
0.11400001 878548.13318935 16670.45161219
0.11500001 869059.66312324 15121.63885039
0.11600001 859600.50166823 15085.98951470
0.11700001 850173.29017635 24076.90871169
0.11800001 840777.24766755 18009.44949325
0.11900001 831415.23513857 17958.56992487
0.12000001 822088.47555867 16412.99718766
0.12100001 812801.07691574 17849.11248991
0.12200001 803551.37441840 17790.62826776
0.12300001 794342.57657791 14774.77262045
0.12400001 785174.43406884 14722.02133246
0.12500001 776048.66522815 22000.98069591
0.12600001 766969.09333077 17532.91429975
0.12700001 757934.21828046 20373.27274750
0.12800001 748945.86315347 14492.10313502
0.12900001 740006.45349628 18759.16448029
0.13000001 731116.60543177 18676.37456606
0.13100001 722276.45061738 20021.50415488
0.13200001 713488.32279779 24197.95760839
0.13300001 704753.29511714 21248.31284949
0.13400001 696071.96741572 15505.00380518
0.13500001 687446.24286290 21035.85602341
0.13600001 678876.18272300 16741.08745530
0.13700001 670363.78754406 16651.83726778
0.13800001 661907.75831113 13800.77741157
0.13900001 653512.10406718 24702.75869868
0.14000001 645175.29755197 15010.00400543
0.14100001 636900.63265133 14922.58252681
0.14200001 628686.63536837 14833.86186116
0.14300001 620536.07302465 17424.65375241
0.14400001 612445.83564622 15984.83706437
0.14500001 604422.11202804 14560.52936561
0.14600001 596462.38794790 18412.79478456
0.14700001 588568.93971452 18292.72350931
0.14800001 580739.02395504 16873.37313708
0.14900001 572977.06237569 21916.37366990
0.15000001 565281.57745092 14083.99116671
0.15100001 557653.69930133 12714.50494400
0.15200001 550095.05938951 17674.55509219
0.15300001 542605.03124817 17547.84753863
0.15400001 535182.36153019 17420.18668988
0.15500001 527830.88676648 23467.36233313
0.15600001 520547.57229804 14710.67508741
0.15700001 513337.33594095 14599.31452320
0.15800001 506194.70142228 13280.01861861
0.15900001 499125.11319962 13176.90361043
0.16000001 492124.37000916 13073.28450638
0.16100001 485197.50950510 14148.36004503
0.16200001 478341.70956714 15204.09195632
0.16300001 471557.40634521 11600.31274372
0.16400001 464845.53808792 12655.42037190
0.16500001 458205.01114242 18254.88850575
0.16600001 451637.30992091 12444.86666243
0.16700001 445141.37513715 15704.58845633
0.16800001 438718.20613816 15570.10987101
0.16900001 432368.15482419 14333.00500920
0.17000001 426089.39398787 12022.11281905
0.17100001 419883.47474480 15166.19182395
0.17200001 413750.09484792 13957.86010883
0.17300001 407688.53447628 10640.67125233
0.17400001 401700.38984152 10544.63573132
0.17500001 395783.07482050 10448.67366873
0.17600001 389936.46793600 11388.09508392
0.17700001 384164.69965627 13334.35735486
0.17800001 378462.50060248 11177.89048325
0.17900001 372831.78145922 11073.10443236
0.18000001 367273.19282673 11965.76118750
0.18100001 361785.86680899 14815.13194564
0.18200001 356367.42250441 11738.74345181
0.18300001 351019.88233029 11625.77905197
0.18400001 345742.63609577 10553.79446539
0.18500001 340535.29384431 12351.21569123
0.18600001 335397.56188498 10348.69226087
0.18700001 330328.21051515 10246.78157429
0.18800001 325326.42166904 17523.70853113
0.18900001 320396.08838659 10044.41784549
0.19000001 315529.38433280 10847.90074591
0.19100001 310732.97555497 9844.02113071
0.19200001 306001.98442230 9744.63365438
0.19300001 301339.22888908 14030.35516005
0.19400001 296740.81543070 11283.57003994
0.19500001 292208.57304397 9450.02569880
0.19600001 287740.67533377 10203.28482951
0.19700001 283338.84806701 12622.74627791
0.19800001 278999.76516719 8328.14338382
0.19900001 274724.80825314 9065.91910081
0.20000001 270511.00260645 11418.26995966
0.20100001 266361.58590626 10491.98336472
0.20200001 262272.47154175 10382.05627667
0.20300001 258245.18405170 10272.99390713
0.20400001 254279.12770575 7819.08354653
0.20500001 250372.00908114 7736.49544629
0.20600001 246524.18863481 10716.40698650
0.20700001 242735.64989784 10602.69368872
0.20800001 239004.51436834 11239.18781945
0.20900001 235333.45939710 8154.30475357
0.21000001 231716.48680492 10267.35801569
0.21100001 228157.11120550 10157.55507105
0.21200001 224652.29971599 9330.93370982
0.21300001 221202.63120986 7810.66527727
0.21400001 217807.65781516 9131.58648561
0.21500001 214467.34655461 9728.23929964
0.21600001 211178.30772801 12372.93763476
0.21700001 207942.36465398 7479.68721024
0.21800001 204758.26141961 10762.09472905
0.21900001 201624.32810890 9980.40471328
0.22000001 198540.27422250 7239.77144184
0.22100001 195507.29086297 7161.43240293
0.22200001 192522.77371427 8371.85321082
0.22300001 189586.18524818 7007.10573811
0.22400001 186696.57330321 6931.11061163
0.22500001 183856.10851748 8102.53908551
0.22600001 181059.90427521 6165.09003211
0.22700001 178310.20107259 6098.20916506
0.22800001 175604.94950319 6635.23333076
0.22900001 172943.47234069 7159.86009350
0.23000001 170326.10128927 6491.97965766
0.23100001 167752.76337946 7589.13537420
0.23200001 165219.63864000 7506.75463663
0.23300001 162729.54252961 8567.71081939
0.23400001 160279.36749768 7344.80236296
0.23500001 157869.23224232 7823.99951997
0.23600001 155498.97437031 7739.18432045
0.23700001 153168.14493051 6014.91333591
0.23800001 150874.99155803 10817.73740638
0.23900001 148619.65448604 6955.40015893
0.24000001 146400.86523122 6350.86983413
0.24100001 144219.64305310 6805.72527759
0.24200001 142074.01790392 8285.75711609
0.24300001 139962.88725152 6147.17029886
0.24400001 137886.58482653 9121.19801774
0.24500001 135843.51502937 5513.88853587
0.24600001 133834.33134657 5454.41843205
0.24700001 131858.20690959 6867.17574071
0.24800001 129913.90848011 6793.19859579
0.24900001 128000.24496085 4800.00941311
0.25000001 126118.66093946 9021.89883711
0.25100001 124266.65817085 5167.00789119
0.25200001 122446.30497038 4646.83749347
0.25300001 120653.88871339 5056.60471521
0.25400001 118891.02883194 5911.85668837
0.25500001 117154.85425335 5848.37060102
0.25600001 115447.73115995 6675.76537017
0.25700001 113766.87675411 5723.61184030
0.25800001 112112.91902485 5226.70453224
0.25900001 110485.76568225 6032.52309168
0.26000001 108883.70955457 5115.35691691
0.26100001 107306.08724310 4217.12942819
0.26200001 105754.64290798 5006.42503215
0.26300001 104225.89780415 4540.08032317
0.26400001 102721.99044430 5308.15910738
0.26500001 101241.02879693 7271.13103226
0.26600001 99782.70897393  4395.92745186
0.26700001 98346.96448682  3953.54815945
0.26800001 96933.50377834  5084.64718130
0.26900001 95540.88046290  5417.16817859
0.27000001 94169.92458860  4593.60913881
0.27100001 92819.46557586  3787.03437471
0.27200001 91490.02723351  4870.47183026
0.27300001 90180.32374825  5930.25837033
0.27400001 88888.75665740  5499.99207846
0.27500001 87618.66808870  4715.63693970
0.27600001 86364.92354764  5741.54038917
0.27700001 85131.71843398  4969.98995739
0.27800001 83915.56612420  5267.79991276
0.27900001 82717.73893558  5211.21779958
0.28000001 81536.86841795  4124.13499977
0.28100001 80373.42351401  3739.77557311
0.28200001 79227.20251845  3363.19490609
0.28300001 78097.36901393  3659.64288520
0.28400001 76983.18678076  4607.44394690
0.28500001 75885.68233381  3581.04551883
0.28600001 74803.45068623  5152.46192714
0.28700001 73737.38677637  3822.54631142
0.28800001 72685.02369573  3465.98551899
0.28900001 71649.13565413  4051.75881303
0.29000001 70627.19072591  3699.45242533
0.29100001 69620.25074725  3659.24055249
0.29200001 68627.03826925  4222.62186459
0.29300001 67648.04189854  3878.26242562
0.29400001 66682.13635831  3245.75314088
0.29500001 65731.09754257  3502.15304285
0.29600001 64791.93914633  3175.12912817
0.29700001 63866.79085616  4282.26852962
0.29800001 62954.48657388  3388.21062780
0.29900001 62055.33502192  2792.49020818
0.30000001 61167.90377487  3037.90408479
0.30100001 60293.86851877  3277.57484784
0.30200001 59431.11422346  3781.60197706
0.30300001 58581.27376485  3205.56745217
0.30400001 57743.10272174  2641.74707458
0.30500001 56917.12048626  3396.24474020
0.30600001 56101.67147822  2841.83030327
0.30700001 55298.69384183  2810.27975409
0.30800001 54506.67837897  2779.02312872
0.30900001 53726.24163133  2748.09738955
0.31000001 52956.85812507  2717.48130335
0.31100001 52197.99317310  3420.01267462
0.31200001 51451.03109171  2657.18862654
0.31300001 50713.91640873  3582.93836392
0.31400001 49989.01785454  2361.98120546
0.31500001 49273.27489824  2569.10867483
0.31600002 48569.22426963  3002.30674038
0.31700002 47874.69962711  2511.98560837
0.31800002 47190.55605441  2709.68185694
0.31900002 46517.24646854  2679.39352345
0.32000002 45854.19230670  2870.24330334
0.32100002 45200.75968512  2401.51647578
0.32200002 44558.34208915  2806.50730937
0.32300002 43924.12586649  2775.12640365
0.32400002 43301.10729983  2744.20780507
0.32500002 42687.61860475  2296.16711348
0.32600002 42084.10467626  2683.49306175
0.32700002 41490.23282521  2245.45150683
0.32800002 40906.86820282  2422.50484968
0.32900002 40331.25812765  2994.59605778
0.33000002 39766.59739797  2171.85281974
0.33100002 39210.35096435  2147.94312754
0.33200002 38665.03159872  2317.58210378
0.33300002 38128.29329407  2292.27310139
0.33400002 37601.56536819  1889.47874923
0.33500002 37083.66435501  2242.82012640
0.33600002 36574.72627771  2033.73775098
0.33700002 36075.03848637  2011.90499166
0.33800002 35585.46279074  2895.23338977
0.33900002 35104.08649113  1790.30849583
0.34000002 34631.91641382  2479.99165184
0.34100002 34168.90465311  2103.43787006
0.34200002 33715.78803459  2081.61285184
0.34300002 33270.78796803  2403.48183664
0.34400002 32835.52987035  1869.16262639
0.34500002 32408.64433106  2523.01308066
0.34600002 31991.33650957  2164.69388744
0.34700002 31581.63501098  1813.41756822
0.34800002 31181.67900872  2122.06926544
0.34900002 30790.08671536  1778.12759203
0.35000002 30407.57296304  1761.05467156
0.35100002 30034.33109676  1744.39403272
0.35200002 29668.11383668  1885.11204247
0.35300002 29311.91737282  2023.40175208
0.35400002 28963.80705504  1850.78735848
0.35500002 28624.43312556  1681.39928143
0.35600002 28293.03383230  2878.67486361
0.35700002 27970.15903526  2102.79665587
0.35800002 27655.99461928  1787.13045695
0.35900002 27350.58764096  1624.62498282
0.36000002 27053.22187958  2343.89125467
0.36100002 26763.59945602  1743.91622316
0.36200002 26483.56101810  1586.23296231
0.36300002 26210.35387595  2003.51954518
0.36400002 25945.82130224  2130.80067538
0.36500002 25688.57761769  1410.30297801
0.36600002 25440.21529631  1540.53231024
0.36700002 25199.27065808  1530.09978684
0.36800002 24967.03437843  1934.69558563
0.36900002 24742.39428132  1647.84353719
0.37000002 24524.89866869  2047.21601334
0.37100002 24315.09537050  1492.46062454
0.37200002 24113.64669456  1753.90617541
0.37300002 23919.39660827  1610.25385595
0.37400002 23732.61952200  1735.44788476
0.37500002 23553.49211815  1328.41701839
0.37600002 23381.95865325  1586.69978937
0.37700002 23217.34119573  1842.99263142
0.37800002 23060.17978375  1573.16553937
0.37900002 22910.80404590  1828.28224947
0.38000002 22767.81683865  1301.18079397
0.38100002 22631.20279539  1296.76798161
0.38200002 22502.78497962  1292.78505832
0.38300002 22380.34561085  1804.75115556
0.38400002 22265.15877112  1542.97557594
0.38500002 22156.13513667  1282.84028519
0.38600002 22054.61113737  1792.37833205
0.38700002 21958.70591542  1789.19544275
0.38800002 21869.31652929  2169.32695590
0.38900002 21786.31391871  1401.94936709
0.39000002 21710.15482117  1527.96076870
0.39100002 21639.32472844  1526.87082518
0.39200002 21575.11511508  1653.40902518
0.39300002 21516.41192481  1653.10600650
0.39400002 21464.67378057  1526.13837810
0.39500002 21417.53917096  1781.08264184
0.39600002 21376.37787885  1400.25969930
0.39700002 21340.06285907  1911.00271957
0.39800002 21310.46061342  1658.06046658
0.39900002 21285.17942211  1660.24407359
0.40000002 21265.58288010  1407.03735793
0.40100002 21250.75676367  1281.42069356
0.40200002 21241.46633672  1284.04670089
0.40300002 21236.80444197  2187.81569727
0.40400002 21236.87371634  1419.15415333
0.40500002 21241.36461014  1681.67891586
0.40600002 21251.39719773  1556.87743247
0.40700002 21265.24437067  1822.00622401
0.40800002 21283.35844686  1697.45433336
0.40900002 21305.34288477  1703.36224435
0.41000002 21332.28599378  1709.67614198
0.41100002 21362.82277558  1848.31151412
0.41200002 21396.55632180  1988.27509041
0.41300002 21435.31130725  1863.58605335
0.41400002 21476.99553323  1871.72024941
0.41500002 21522.21857162  1342.98650250
0.41600002 21570.05667236  1619.04853054
0.41700002 21622.52782291  1898.02558223
0.41800002 21678.52435102  1907.49344803
0.41900002 21735.78462345  1917.09629463
0.42000002 21796.63351876  1789.39471351
0.42100002 21860.94806766  1937.31730956
0.42200002 21927.71985461  1808.70805791
0.42300002 21996.62892336  1958.57993214
0.42400002 22068.00313158  2110.25289945
0.42500002 22142.13599900  1414.88255738
0.42600002 22217.41737270  1707.63078018
0.42700002 22295.98969957  1431.40260654
0.42800002 22375.86974062  2159.83092906
0.42900002 22458.43275180  1883.13967548
0.43000002 22542.47763497  1457.37124816
0.43100002 22626.77403328  1612.83652952
0.43200002 22713.95114694  1475.27119690
0.43300002 22801.76034745  1632.83413586
0.43400002 22891.37079640  1643.02821677
0.43500002 22981.56211752  1502.99423371
0.43600002 23073.54328985  1814.96500119
0.43700002 23165.88121131  1978.59800802
0.43800002 23258.48358226  1531.57121647
0.43900002 23352.99575481  1849.55735143
0.44000002 23447.28661406  2481.66093284
0.44100002 23542.48284401  2029.12669249
0.44200002 23637.90380595  2670.25592998
0.44300002 23733.81407801  1580.67209250
0.44400002 23829.65320237  1908.75531197
0.44500002 23925.06095587  1600.58665380
0.44600002 24020.49958078  1932.68948786
0.44700002 24116.67280542  1782.70453826
0.44800002 24211.62320813  1793.71819038
0.44900002 24306.77789918  1804.77834455
0.45000002 24401.96274932  2476.18928734
0.45100002 24495.43078412  1992.94834305
0.45200002 24588.96461189  2004.98426947
0.45300002 24681.42012013  2185.04622679
0.45400002 24773.27121715  3043.39651326
0.45500002 24864.50711043  2551.09855044
0.45600002 24954.27056963  1710.61532862
0.45700002 25043.36612809  1720.47933454
0.45800002 25130.87765765  2249.33931135
0.45900002 25217.22303990  1913.98731944
0.46000002 25302.75022253  1749.68526081
0.46100002 25386.04554282  1759.25303950
0.46200002 25468.53142913  1945.66855074
0.46300002 25549.28919829  1956.05367373
0.46400002 25627.91645155  2323.81143438
0.46500002 25706.08269147  2156.22631836
0.46600002 25781.33483829  2889.57214563
0.46700002 25854.90020870  2359.51830488
0.46800002 25927.26046218  3100.77086194
0.46900002 25996.92823005  2016.06187979
0.47000002 26064.84659212  2209.77779882
0.47100002 26130.83683822  2590.08867017
0.47200002 26194.83638369  2044.37610246
0.47300002 26256.56040089  2426.89399288
0.47400002 26315.51666826  2624.97291208
0.47500002 26372.65988026  2636.21120658
0.47600002 26428.23926778  2080.03467016
0.47700002 26480.19973359  2468.21953416
0.47800002 26529.93515067  2668.64630330
0.47900002 26578.28903907  2487.72797197
0.48000002 26623.02807562  2112.93672337
0.48100002 26666.76735684  1928.00737128
0.48200002 26705.83850485  2321.80570966
0.48300002 26743.11271836  1941.55007538
0.48400002 26778.35915968  2727.37600969
0.48500002 26810.51117637  1954.48635740
0.48600002 26840.49209461  2744.97725663
0.48700002 26867.55040761  2360.04573967
0.48800002 26891.68734708  2564.25696853
0.48900002 26913.10773353  2373.73621461
0.49000002 26931.98650881  2578.60317051
0.49100002 26949.00394026  2784.37121909
0.49200002 26961.85065733  2591.97763580
0.49300002 26972.71535605  2398.41396315
0.49400002 26980.22571690  2804.59459621
0.49500002 26985.50248796  2810.81007238
0.49600002 26988.09319816  2816.74742061
0.49700002 26987.53928665  2217.56620830
0.49800002 26984.59726133  2625.73636098
0.49900002 26978.37763756  2630.39194435
0.50000002 26969.95362974  2026.79211135
