# SAXS profile: number of points = 501, q_min = 0, q_max = 0.5, delta_q = 0.001
#    q    intensity    error
0.00000000 1628779.37420968 317.61197797
0.00100000 1628699.40529893 635.19278315
0.00200000 1628459.42841703 732.80676599
0.00300000 1628059.66833053 1074.51941938
0.00400000 1627500.01976055 1586.81257956
0.00500000 1626780.93620862 1610.51319059
0.00600000 1625902.34809293 2219.35679550
0.00700000 1624864.81338486 2534.78921423
0.00800000 1623668.14344946 3287.92812930
0.00900000 1622313.53723601 2433.47040988
0.01000000 1620800.43515959 3744.04916688
0.01100000 1619130.03279719 3788.76444171
0.01200000 1617302.27954963 4730.60937509
0.01300000 1615318.30379619 5088.25288137
0.01400000 1613178.11196903 5081.51127797
0.01500000 1610883.14521913 4639.34366482
0.01600000 1608432.74832366 6152.25553737
0.01700000 1605829.18119309 5202.88678046
0.01800000 1603072.39384945 5482.50783366
0.01900000 1600162.90778610 7200.73340995
0.02000000 1597102.11935125 8049.39504565
0.02100000 1593891.82775320 6311.81192407
0.02200000 1590530.62607855 7682.26327298
0.02300000 1587021.78800216 6855.93443624
0.02400000 1583364.65720579 5937.61773526
0.02500000 1579561.82641718 9240.43710656
0.02600000 1575613.36042831 7019.35784176
0.02700000 1571521.34614861 7260.42895174
0.02800000 1567285.53505195 8863.00010717
0.02900000 1562908.35188985 10549.63185963
0.03000000 1558391.29899846 7971.17186077
0.03100000 1553734.52629289 7457.92606937
0.03200000 1548939.54593951 9200.70132665
0.03300000 1544010.05673937 8661.89681763
0.03400000 1538944.57392675 8887.40532450
0.03500000 1533745.76336857 8282.22750465
0.03600000 1528414.87527084 9330.97324475
0.03700000 1522954.04267676 12153.17382261
0.03800000 1517364.41924344 9764.24048972
0.03900000 1511648.10507735 18139.77810098
0.04000000 1505805.03554261 11112.84167726
0.04100000 1499839.18789505 10393.88605404
0.04200000 1493751.18344951 11561.63469628
0.04300000 1487541.84955985 13744.88732794
0.04400000 1481214.90906526 10998.02121058
0.04500000 1474771.70180033 10175.92521525
0.04600000 1468211.91519105 11385.98393161
0.04700000 1461539.90484497 14732.32292601
0.04800000 1454756.16794938 13900.19583151
0.04900000 1447864.22960687 11944.88045026
0.05000000 1440863.66628978 16533.91134060
0.05100000 1433759.28156427 12301.65520888
0.05200000 1426549.03901222 17011.59808298
0.05300000 1419238.84401099 12645.41868964
0.05400000 1411828.96273438 15141.86633145
0.05500000 1404321.68769866 11796.30272696
0.05600000 1396718.02274433 13136.13361690
0.05700000 1389023.04013315 16918.30141854
0.05800000 1381235.94027212 15891.12023483
0.05900000 1373358.65564205 18540.34271711
0.06000000 1365395.73418097 13742.70870657
0.06100000 1357347.68110726 13885.66742662
0.06200000 1349217.02636047 17850.14209313
0.06300000 1341007.05068303 12873.66828847
0.06400000 1332716.35223684 16892.18055459
0.06500000 1324350.31898358 14422.17564837
0.06600000 1315911.30537770 19837.36385673
0.06700000 1307399.10818329 20003.20729133
0.06800000 1298818.18330657 13442.76882647
0.06900000 1290170.68423581 16256.15138247
0.07000000 1281457.19930546 15012.27179287
0.07100000 1272680.66972550 20617.42781523
0.07200000 1263843.94560062 15223.00103791
0.07300000 1254948.84617471 16715.91941428
0.07400000 1245998.59849679 15419.23337901
0.07500000 1236993.84358061 25383.11486004
0.07600000 1227936.51021306 21274.00103678
0.07700000 1218831.22568837 17112.39121104
0.07800000 1209678.26925287 15768.15697918
0.07900000 1200480.00439462 21608.64109263
0.08000000 1191240.38567631 17368.28563793
0.08100000 1181959.91552624 14538.10764307
0.08200000 1172640.66550292 16059.31466765
0.08300000 1163286.45012305 19054.63294729
0.08400000 1153897.77565236 17654.63679617
0.08500000 1144478.14834205 20669.27632938
0.08600000 1135028.36376347 23699.39334810
0.08700000 1125553.02811494 22285.95100317
0.08800000 1116051.28542961 22348.92804032
0.08900000 1106528.54391230 16431.94964890
0.09000000 1096983.86984481 16471.21357946
0.09100000 1087421.04654035 16507.05226200
0.09200000 1077841.65718935 18043.07018913
0.09300000 1068250.38031373 18074.79728428
0.09400000 1058644.02225810 16594.24582878
0.09500000 1049028.64722789 16616.61455312
0.09600000 1039404.63233052 21172.67335585
0.09700000 1029776.95422246 16651.49413261
0.09800000 1020145.25573431 24238.65241589
0.09900000 1010512.20541542 16673.45217338
0.10000000 1000878.64014567 18195.97453355
0.10100000 991246.88832845 16682.68591518
0.10200000 981619.90709140 16682.63110571
0.10300000 971998.52214975 18195.81319059
0.10400000 962386.18854672 18189.09981924
0.10500000 952785.39786833 15149.28853887
0.10600001 943193.45176802 15138.25561319
0.10700001 933617.12202375 16637.05789736
0.10800001 924055.76775984 16619.14376529
0.10900001 914513.26041863 16598.41645781
0.11000001 904988.61702000 28629.31624700
0.11100001 895485.04280775 19557.39425555
0.11200001 886004.61199862 16519.55676841
0.11300001 876548.20639434 19485.66754555
0.11400001 867118.67532924 20940.91699519
0.11500001 857716.93355564 19401.55795061
0.11600001 848344.63466959 23821.51846331
0.11700001 839004.06851769 19305.48452578
0.11800001 829694.82083732 14810.05324947
0.11900001 820419.62290926 17721.06468953
0.12000001 811179.25708812 17667.48505160
0.12100001 801978.26274962 17611.44347962
0.12200001 792814.86443791 19015.66541940
0.12300001 783692.24417365 20407.34699976
0.12400001 774610.20404871 17428.73041229
0.12500001 765570.23836579 18810.06164299
0.12600001 756576.37728298 21619.17099963
0.12700001 747626.87267625 15789.88029504
0.12800001 738723.86086657 15723.73811959
0.12900001 729869.53619445 15655.70228926
0.13000001 721064.58263472 18419.59563161
0.13100001 712309.19256648 15514.09494540
0.13200001 703605.28816328 18248.00400873
0.13300001 694954.35787455 15365.44157698
0.13400001 686356.89131973 18068.34601584
0.13500001 677814.60605353 19358.38606160
0.13600001 669327.93209006 22007.50344479
0.13700001 660898.47298668 13680.59903591
0.13800001 652525.19871729 16326.18124178
0.13900001 644211.69976625 14881.29096638
0.14000001 635956.92004107 16140.58739184
0.14100001 627763.76340041 17382.77942838
0.14200001 619631.26146743 18607.52765950
0.14300001 611561.32772230 15851.67036225
0.14400001 603551.79498655 14439.97737619
0.14500001 595607.96699709 14348.19660179
0.14600001 587728.34682863 15551.29279071
0.14700001 579914.15060662 18023.73265115
0.14800001 572162.97461193 17902.98032025
0.14900001 564479.57597033 12700.79105857
0.15000001 556862.21345320 17658.10162176
0.15100001 549311.90019316 13776.74310690
0.15200001 541830.30223212 14922.00722760
0.15300001 534417.06730841 13579.53832111
0.15400001 527070.53379725 17156.14668472
0.15500001 519794.80611783 15812.15874833
0.15600001 512586.95619779 20521.41975989
0.15700001 505451.50420014 13177.12133642
0.15800001 498383.40920142 16641.02281867
0.15900001 491387.58699359 17689.95396675
0.16000001 484460.05804533 12869.68204945
0.16100001 477606.13701280 17408.74451588
0.16200001 470822.59048378 12662.77416882
0.16300001 464110.11304276 13700.53118379
0.16400001 457469.32617457 11322.36635734
0.16500001 450899.55762421 16841.09927235
0.16600001 444401.91949358 15585.17605246
0.16700001 437975.73251343 12140.68787849
0.16800001 431621.78301631 13129.93525930
0.16900001 425340.27311215 11930.79522414
0.17000001 419129.39492413 11825.73643619
0.17100001 412990.88932944 11720.68199264
0.17200001 406924.57355121 11615.66250054
0.17300001 400929.09477091 16742.79978830
0.17400001 395006.81793828 11405.82240662
0.17500001 389154.50264431 12328.41522601
0.17600001 383372.48389776 10178.53992821
0.17700001 377664.55574967 12100.37293773
0.17800001 372025.86480258 11986.67393009
0.17900001 366458.05050605 12862.67818031
0.18000001 360961.65514891 10780.12034022
0.18100001 355535.90975879 12617.97003337
0.18200001 350178.52044438 9612.40084027
0.18300001 344891.32081775 11422.80108509
0.18400001 339674.13598774 10368.55349084
0.18500001 334525.96874125 11199.92996256
0.18600001 329446.87263175 10165.08373529
0.18700001 324435.83913464 10978.90931501
0.18800001 319491.41540732 9057.58205473
0.18900001 314618.02790277 9863.27564077
0.19000001 309807.44760310 10651.18055185
0.19100001 305066.82273074 10543.10989174
0.19200001 300391.16318422 8696.32458510
0.19300001 295782.70537595 9468.00484647
0.19400001 291238.17831141 15333.69081267
0.19500001 286759.11435398 10959.93386852
0.19600001 282344.03701449 9177.59335686
0.19700001 277994.36031623 10733.36275904
0.19800001 273706.71343092 8987.16036023
0.19900001 269482.72502568 10509.82677270
0.20000001 265319.29283002 8799.31476257
0.20100001 261219.62577861 7914.95503517
0.20200001 257179.63585989 10180.45636668
0.20300001 253200.93172159 9297.53865226
0.20400001 249283.06145201 8431.99995216
0.20500001 245423.21579842 9100.29327195
0.20600001 241622.22642231 8252.60753354
0.20700001 237880.00633731 11132.78482282
0.20800001 234194.66633222 7342.00313657
0.20900001 230568.84897132 10894.37862889
0.21000001 226996.56655422 13650.43917503
0.21100001 223481.15787332 9238.71150323
0.21200001 220019.72855388 8435.55679154
0.21300001 216612.99941731 11125.24417602
0.21400001 213260.56947323 8253.18442880
0.21500001 209961.96015733 8163.32139686
0.21600001 206714.16295749 7401.40095462
0.21700001 203519.05938453 7320.58091218
0.21800001 200375.01919272 7240.55166087
0.21900001 197280.90402251 9114.37819678
0.22000001 194236.03704924 7082.81742589
0.22100001 191241.70070773 7005.18382815
0.22200001 188295.39836542 6928.32951046
0.22300001 185396.32132756 6852.24836028
0.22400001 182544.03670293 7393.03383606
0.22500001 179740.02645818 6093.18718506
0.22600001 176979.99855406 6628.78615931
0.22700001 174265.88243635 7747.86149951
0.22800001 171595.91743579 6483.75204693
0.22900001 168969.08198520 8744.15040625
0.23000001 166385.79113901 7494.84831630
0.23100001 163846.31048933 9693.14818696
0.23200001 161346.37435702 7330.77286561
0.23300001 158889.14287785 6134.71009665
0.23400001 156471.52930880 6067.18383590
0.23500001 154093.15993730 6545.87774373
0.23600001 151754.34115943 5934.35379172
0.23700001 149454.58891579 5335.52907665
0.23800001 147192.05920036 5804.51912911
0.23900001 144966.98649676 6784.45528895
0.24000001 142778.01994670 5677.56823173
0.24100001 140626.07011107 5615.19924514
0.24200001 138509.53846751 5553.54020755
0.24300001 136426.93756259 4993.22615098
0.24400001 134378.94909707 6913.79725809
0.24500001 132363.65360903 5861.06285906
0.24600001 130382.03773405 5313.72019922
0.24700001 128432.88295664 5255.47381920
0.24800001 126515.23530295 7560.55081937
0.24900001 124628.01402434 7477.68119521
0.25000001 122772.50579483 5084.62356804
0.25100001 120946.01211217 5028.93542154
0.25200001 119151.02048511 4973.95958547
0.25300001 117383.64734687 5814.01232815
0.25400001 115645.55926258 5308.13142129
0.25500001 113933.78982201 5250.06928339
0.25600001 112250.51349725 4759.98325006
0.25700001 110593.37365192 5135.95651539
0.25800001 108962.88223528 5926.49144518
0.25900001 107358.85886071 6699.19310988
0.26000001 105779.64537008 4969.52797462
0.26100001 104224.55403859 5324.83271778
0.26200001 102695.52301424 6482.14171937
0.26300001 101188.63981148 4407.77735875
0.26400001 99706.63833744  3963.33906145
0.26500001 98247.20125165  4312.06986698
0.26600001 96810.08200245  4652.69276120
0.26700001 95395.33349395  4218.38184672
0.26800001 94002.63570083  4172.30718302
0.26900001 92630.58014560  4877.00027545
0.27000001 91280.09275283  5936.85751359
0.27100001 89949.66247109  4770.93032324
0.27200001 88640.19704763  4718.76111314
0.27300001 87350.04774640  5026.12198518
0.27400001 86078.18645205  6036.23311061
0.27500001 84827.27154849  3511.84920831
0.27600001 83592.71585067  3820.60525877
0.27700001 82378.42173120  4465.73445340
0.27800001 81181.09095371  4076.91458064
0.27900001 80001.78553678  4032.09018188
0.28000001 78839.39607076  3987.69684199
0.28100001 77694.28835336  4929.70282934
0.28200001 76566.18712999  3575.25827725
0.28300001 75454.29485750  4178.65904699
0.28400001 74357.93526683  3814.56225973
0.28500001 73278.04419030  4715.44236683
0.28600001 72213.42552933  3419.66692780
0.28700001 71164.86947390  4918.91601086
0.28800001 70129.83848059  3040.12864203
0.28900001 69111.02004155  4208.86131975
0.29000001 68106.29003995  3567.40764115
0.29100001 67116.27279388  2939.69288752
0.29200001 66139.99847685  2906.85307065
0.29300001 65177.72851257  3736.63935250
0.29400001 64228.50306771  3694.74481387
0.29500001 63294.03380455  2810.25523395
0.29600001 62371.43205304  3056.51217245
0.29700001 61462.69336483  4670.55028989
0.29800001 60566.89748578  3259.71057699
0.29900001 59683.89945621  2954.35316294
0.30000001 58812.85690651  3717.56086105
0.30100001 57954.85473519  2887.89054817
0.30200001 57108.21941570  4152.90991251
0.30300001 56274.38147845  2822.72310859
0.30400001 55452.25045211  3044.32869394
0.30500001 54642.23723489  2758.88668860
0.30600001 53842.72289280  2727.40325726
0.30700001 53055.61529462  2941.40345119
0.30800001 52279.42854622  3150.09711619
0.30900001 51514.73366128  3114.06579726
0.31000001 50761.05238684  3315.20448834
0.31100001 50017.97271921  2574.92535750
0.31200001 49286.70845056  3471.01660697
0.31300001 48565.30660429  2287.42604936
0.31400001 47856.08006620  2713.43986823
0.31500001 47156.12288319  2458.72036354
0.31600002 46467.61779823  2430.48886401
0.31700002 45788.81853254  2839.36477164
0.31800002 45120.26052055  2374.90502495
0.31900002 44462.53223849  2347.62181335
0.32000002 43815.02304647  4219.38691916
0.32100002 43177.31520924  2711.10375036
0.32200002 42550.42954587  2473.88209094
0.32300002 41931.72371126  2445.45824264
0.32400002 41324.29203132  2216.01526511
0.32500002 40726.52344286  2389.83250879
0.32600002 40138.62031170  2362.55930342
0.32700002 39560.30381143  2335.64044763
0.32800002 38992.62412774  2309.14331019
0.32900002 38432.62094649  2663.38075771
0.33000002 37883.64610754  2445.20005380
0.33100002 37342.97651960  2789.52047811
0.33200002 36813.36317420  2022.71033539
0.33300002 36292.36781693  1818.24771373
0.33400002 35781.41937779  1798.01640888
0.33500002 35279.11150710  1778.06730416
0.33600002 34785.93788988  1758.42924361
0.33700002 34302.08714673  1739.11590070
0.33800002 33828.16768792  1892.17864923
0.33900002 33362.62717693  1871.64347326
0.34000002 32906.27658215  2188.10296495
0.34100002 32459.04659761  2497.72375397
0.34200002 32021.80190219  1647.52178589
0.34300002 31592.79727434  2119.24494153
0.34400002 31173.36093853  2258.51010696
0.34500002 30762.38272999  1915.88128716
0.34600002 30360.87598962  2370.42550515
0.34700002 29967.12263019  1720.71226292
0.34800002 29583.14526136  2013.28104611
0.34900002 29207.56145610  1993.41616379
0.35000002 28840.96224215  1974.01975416
0.35100002 28483.79562477  1654.33892824
0.35200002 28133.52014030  1638.63695818
0.35300002 27793.40418875  1475.82983232
0.35400002 27461.37862779  2193.47772179
0.35500002 27138.14050782  2463.60051199
0.35600002 26822.63659964  2010.89316112
0.35700002 26515.86275463  1423.90189737
0.35800002 26217.77065638  1411.82701672
0.35900002 25928.52156555  1960.19632320
0.36000002 25647.28113034  1944.32047459
0.36100002 25373.65356599  1515.56839928
0.36200002 25109.77639004  2050.84108380
0.36300002 24852.65517285  1899.73705140
0.36400002 24604.34966742  1616.50584972
0.36500002 24363.12488186  1471.28918131
0.36600002 24130.94472268  1461.24942690
0.36700002 23906.06602460  2111.38385131
0.36800002 23689.90310876  1573.48343902
0.36900002 23481.39620187  1824.50457131
0.37000002 23280.04212722  1425.08784632
0.37100002 23086.33876291  1288.21776399
0.37200002 22900.99498496  1281.31073010
0.37300002 22722.78855747  1529.69819815
0.37400002 22551.98316650  1395.40402453
0.37500002 22388.95039041  1641.55792039
0.37600002 22233.43732361  1634.49122227
0.37700002 22084.80232419  1502.65002132
0.37800002 21943.63151698  1871.24326626
0.37900002 21810.24792596  1616.13944787
0.38000002 21683.13542011  1487.02949756
0.38100002 21562.43285964  1482.63295367
0.38200002 21449.90891707  1601.98652336
0.38300002 21343.19260237  1229.36795214
0.38400002 21243.90351477  1594.88613193
0.38500002 21150.63294832  1469.54604687
0.38600002 21064.89467935  1345.09891347
0.38700002 20984.64245621  1221.30624881
0.38800002 20910.99205193  1220.15644404
0.38900002 20843.50388677  1341.27953866
0.39000002 20782.97873484  1218.92176055
0.39100002 20727.67677014  1706.30243256
0.39200002 20678.75954655  2316.12457274
0.39300002 20635.56566087  2073.25538017
0.39400002 20599.07027785  1708.69296050
0.39500002 20567.30137846  1343.86753574
0.39600002 20541.41127199  1223.24109920
0.39700002 20520.25576519  1347.56525995
0.39800002 20505.75399822  1227.26943494
0.39900002 20495.53971178  1475.67892916
0.40000002 20490.95051123  1232.53073165
0.40100002 20490.98349160  1235.60636309
0.40200002 20496.56263249  1610.72245079
0.40300002 20506.60173757  1366.97013659
0.40400002 20521.40935964  1371.34324543
0.40500002 20540.53921779  1376.01078740
0.40600002 20565.06648057  1255.49736813
0.40700002 20593.39849045  1764.44246626
0.40800002 20625.88169340  1771.55706258
0.40900002 20662.07515308  1270.71768212
0.41000002 20703.19378082  1276.35195706
0.41100002 20747.77631897  1666.87642845
0.41200002 20795.58403412  1288.28649196
0.41300002 20848.18334525  1683.07392121
0.41400002 20903.68100057  1821.75588552
0.41500002 20962.63800733  1569.68240837
0.41600002 21024.09819857  1709.57462602
0.41700002 21090.21990353  2115.77096098
0.41800002 21159.48360347  1728.83568974
0.41900002 21230.05602132  2139.98974835
0.42000002 21304.03986748  1479.88519952
0.42100002 21381.43095689  1488.78910807
0.42200002 21461.32617473  1634.06545237
0.42300002 21543.03311463  1507.15066812
0.42400002 21627.24602864  1516.61069962
0.42500002 21713.97638803  1803.78010403
0.42600002 21801.77540593  1536.04415901
0.42700002 21892.72629349  2248.82095143
0.42800002 21984.86556640  1414.72616624
0.42900002 22079.75097881  1566.55840618
0.43000002 22175.78232632  1577.03083487
0.43100002 22272.03462604  1731.87349459
0.43200002 22370.98097580  2034.19339653
0.43300002 22470.51787744  1901.68001808
0.43400002 22571.64285328  1914.63969576
0.43500002 22673.29698126  1631.11706213
0.43600002 22776.50462846  1492.99994915
0.43700002 22880.01863057  1803.86075432
0.43800002 22983.68097334  1664.82301020
0.43900002 23089.07636900  1676.26702383
0.44000002 23194.21471441  1534.29737607
0.44100002 23300.01832171  2162.70780311
0.44200002 23406.02788092  2021.92981431
0.44300002 23512.35436409  1879.10744983
0.44400002 23618.36309987  1734.17839279
0.44500002 23723.97579763  2221.98767851
0.44600002 23829.33862990  1917.30867703
0.44700002 23935.33962756  2090.99136896
0.44800002 24040.00218965  1942.91306905
0.44900002 24144.69736255  1955.72057905
0.45000002 24249.31257813  2132.60589575
0.45100002 24352.13208983  3467.25673127
0.45200002 24454.80518834  2326.38572782
0.45300002 24556.35732663  2006.74561584
0.45400002 24657.03061604  2524.26362895
0.45500002 24756.96890816  2201.38977964
0.45600002 24855.35818659  2214.98534977
0.45700002 24952.94807397  2228.54789811
0.45800002 25048.72465825  2069.52572935
0.45900002 25143.34576759  2081.86912822
0.46000002 25236.90148205  2094.15818423
0.46100002 25328.11459406  1930.76226701
0.46200002 25418.41147233  2647.96314063
0.46300002 25506.75291565  1952.79709578
0.46400002 25592.93609762  2499.15032838
0.46500002 25678.43094772  2333.39913081
0.46600002 25760.91810446  2526.37335824
0.46700002 25841.61392151  1995.48952160
0.46800002 25920.92480972  2188.24457615
0.46900002 25997.45707399  2382.66705376
0.47000002 26072.04070578  2578.78566843
0.47100002 26144.61657531  2221.24672952
0.47200002 26215.03004696  2417.94341098
0.47300002 26283.00340463  2242.46595677
0.47400002 26348.16875405  2252.76853525
0.47500002 26411.33770910  3017.23136290
0.47600002 26472.80573191  2272.95520787
0.47700002 26530.54885212  2663.13662000
0.47800002 26586.03750259  2483.26895063
0.47900002 26639.83616549  2493.48878328
0.48000002 26690.02559008  2310.82252512
0.48100002 26738.97118997  2513.19602127
0.48200002 26783.22323197  2328.53353816
0.48300002 26825.47773936  1947.52977619
0.48400002 26865.67128975  2345.37321476
0.48500002 26902.59212498  2353.43887065
0.48600002 26937.15104725  2164.53487500
0.48700002 26968.78857417  2566.35004236
0.48800002 26997.37907998  2178.28363432
0.48900002 27023.13742108  2184.82076406
0.49000002 27046.21944624  2390.34498796
0.49100002 27067.35478905  2197.32796593
0.49200002 27084.11969180  2603.73196999
0.49300002 27098.83527223  3212.83806217
0.49400002 27110.03620107  2616.79636835
0.49500002 27119.04715869  2017.65720425
0.49600002 27125.18807792  2022.18286706
0.49700002 27128.06745205  2837.05342862
0.49800002 27128.45314000  2030.56481378
0.49900002 27125.54902587  2237.85790071
0.50000002 27120.10074161  2445.69080081
