# SAXS profile: number of points = 501, q_min = 0, q_max = 0.5, delta_q = 0.001
#    q    intensity    error
0.00000000 1682732.95097188 302.89193117
0.00100000 1682651.19522692 706.71351878
0.00200000 1682405.85943471 832.79092679
0.00300000 1681997.18818986 1513.79752330
0.00400000 1681425.03083876 1387.17570315
0.00500000 1680689.89253176 2420.19354104
0.00600000 1679791.68569574 1940.15947597
0.00700000 1678730.98023905 3223.16361601
0.00800000 1677507.58369239 2717.56240032
0.00900000 1676122.70394915 3017.02099608
0.01000000 1674575.76920947 3039.35515235
0.01100000 1672868.02287223 5118.97637287
0.01200000 1670999.39757908 3258.44896814
0.01300000 1668971.05974471 3855.32331805
0.01400000 1666782.99175091 4500.31427723
0.01500000 1664436.60829040 5991.97205666
0.01600000 1661931.29216813 5509.30247982
0.01700000 1659269.40542904 6720.04139344
0.01800000 1656450.83048398 5665.06209517
0.01900000 1653476.18488011 6448.55741201
0.02000000 1650346.65764027 5718.45142740
0.02100000 1647064.33074001 8696.50006059
0.02200000 1643627.65817506 6804.61881399
0.02300000 1640039.83561327 8856.21551543
0.02400000 1636300.47203096 6749.73975490
0.02500000 1632412.14931177 8276.32997500
0.02600000 1628374.75293878 8573.39346635
0.02700000 1624190.54208026 6821.60058917
0.02800000 1619859.07694821 8455.66476944
0.02900000 1615383.30208743 7996.14771247
0.03000000 1610764.17079474 8988.06448617
0.03100000 1606002.13428596 8479.69165921
0.03200000 1601098.81290934 7925.43948893
0.03300000 1596057.78798421 9767.87411277
0.03400000 1590877.19672178 13363.36906905
0.03500000 1585560.44959904 8562.02682321
0.03600000 1580108.68707553 13154.40542782
0.03700000 1574523.70487059 12564.69974595
0.03800000 1568806.88205255 11930.77689016
0.03900000 1562960.52819222 9377.76360344
0.04000000 1556984.14234334 10532.99821104
0.04100000 1550882.18630721 10747.61404944
0.04200000 1544655.04259653 17933.44587653
0.04300000 1538303.92680114 10152.80638816
0.04400000 1531832.13449094 11373.85412682
0.04500000 1525240.96973282 10524.16318016
0.04600000 1518530.80182422 16058.46397580
0.04700000 1511705.31069875 11972.70661756
0.04800000 1504765.58177200 12166.03029469
0.04900000 1497714.89249281 15726.00710318
0.05000000 1490552.87711877 12543.00304503
0.05100000 1483284.12005675 12726.57834294
0.05200000 1475907.07452191 12906.80796817
0.05300000 1468427.73625347 14273.11826177
0.05400000 1460845.75225954 14462.37362181
0.05500000 1453164.09098981 18309.86840061
0.05600000 1445383.59042720 14829.63632980
0.05700000 1437509.46276701 15007.59949182
0.05800000 1429540.23366865 12651.43165869
0.05900000 1421479.11957614 17910.63774319
0.06000000 1413329.46074419 15518.35820397
0.06100000 1405092.69212513 15680.83517690
0.06200000 1396771.30358395 15839.38732303
0.06300000 1388367.91577530 15993.99913754
0.06400000 1379881.65180797 13453.84673432
0.06500000 1371318.39019831 13576.05269802
0.06600000 1362679.31897929 15064.42057616
0.06700000 1353966.02305179 16572.54489773
0.06800000 1345181.24886951 13922.62657750
0.06900000 1336327.89053872 22450.30961215
0.07000000 1327406.73045629 15550.57057550
0.07100000 1318420.72977612 21358.41682275
0.07200000 1309372.41315356 22940.20575313
0.07300000 1300264.32541110 14432.93468833
0.07400000 1291098.99707706 15977.35083759
0.07500000 1281877.57602083 17536.08606192
0.07600000 1272601.44663525 14698.54739771
0.07700000 1263276.22688862 20692.46556667
0.07800000 1253901.70291859 19316.35663932
0.07900000 1244480.25056382 14933.76370722
0.08000000 1235015.59922015 18006.52828134
0.08100000 1225508.98364662 18088.51344730
0.08200000 1215962.26531925 18166.47709633
0.08300000 1206378.56919576 18240.44482230
0.08400000 1196759.80463920 18310.42587045
0.08500000 1187107.94847571 22970.53988136
0.08600000 1177425.44389457 18438.48331710
0.08700000 1167716.03281897 16955.23759271
0.08800000 1157978.64331151 15459.01561422
0.08900000 1148219.28860575 17051.05723668
0.09000000 1138437.24168333 17093.63598686
0.09100000 1128635.49183957 23362.75577869
0.09200000 1118816.53782665 17168.24057963
0.09300000 1108984.33269363 17200.34780836
0.09400000 1099136.30051492 15662.69301844
0.09500000 1089278.14136662 18822.72716753
0.09600000 1079410.95676731 20417.05920701
0.09700000 1069539.48241460 18866.67735677
0.09800000 1059662.67545160 23603.98720549
0.09900000 1049784.01570063 17321.43707356
0.10000000 1039904.07130924 15754.54742123
0.10100000 1030024.95534951 26790.95034867
0.10200000 1020150.38676436 17337.45663855
0.10300000 1010281.09160125 15760.38577036
0.10400000 1000420.14413118 25210.58881814
0.10500000 990570.09716720 22050.09140038
0.10600001 980728.24668688 20462.89582997
0.10700001 970902.50594862 22020.06987113
0.10800001 961090.71897107 18856.60079364
0.10900001 951297.31273795 18835.68767873
0.11000001 941522.12208028 23514.51610577
0.11100001 931767.66871317 17219.06732838
0.11200001 922035.74417062 20317.05857927
0.11300001 912327.94435068 23401.21287434
0.11400001 902646.72128324 17127.72234280
0.11500001 892993.72386642 15538.09152693
0.11600001 883369.33420326 18603.75905440
0.11700001 873777.41146012 17012.44700233
0.11800001 864216.22764656 20054.13850705
0.11900001 854689.09353543 16922.84484910
0.12000001 845197.28696132 15340.33148095
0.12100001 835745.27367284 16823.55315156
0.12200001 826330.69388939 16770.38222256
0.12300001 816957.36352653 22793.11151627
0.12400001 807624.28609062 19685.84290101
0.12500001 798334.13044521 18106.21893167
0.12600001 789089.93354879 16535.38033672
0.12700001 779891.01182276 20963.47138573
0.12800001 770738.27038796 23862.05797581
0.12900001 761635.08737149 17822.26188449
0.13000001 752581.53756811 19224.69628333
0.13100001 743577.82790015 22084.26252963
0.13200001 734626.86383329 21983.70993653
0.13300001 725729.03856782 20422.01610805
0.13400001 716884.91722262 15968.61228398
0.13500001 708096.94155145 17334.21394646
0.13600001 699365.06229229 20120.73379086
0.13700001 690691.11576484 18586.49880165
0.13800001 682073.68790252 17065.48447606
0.13900001 673517.43984458 16972.64028448
0.14000001 665020.19477313 21097.76667416
0.14100001 656585.48325247 20977.90717930
0.14200001 648212.09981256 16684.98023613
0.14300001 639902.81460503 16586.28173690
0.14400001 631653.70756400 15112.31566631
0.14500001 623472.00986325 19115.65272413
0.14600001 615354.63208899 18995.99838871
0.14700001 607304.31039556 14830.37195950
0.14800001 599318.03449878 14734.23457329
0.14900001 591400.01901082 14637.15116111
0.15000001 583548.96839261 13217.38475773
0.15100001 575766.54846638 21003.96467912
0.15200001 568053.72609405 23466.30053225
0.15300001 560410.16077266 12945.47532473
0.15400001 552834.47875906 17994.76313280
0.15500001 545330.65314351 17865.03304009
0.15600001 537895.58096719 15200.92983554
0.15700001 530534.48025354 13831.03455299
0.15800001 523241.34830288 16223.09876984
0.15900001 516022.04466462 13622.98262216
0.16000001 508872.44030614 14747.12401617
0.16100001 501797.16153275 14632.40592101
0.16200001 494793.79357626 12097.70882402
0.16300001 487862.49186626 13201.55965312
0.16400001 481004.54115029 14285.83554659
0.16500001 474218.67051273 15350.45908921
0.16600001 467506.83695673 11711.04681868
0.16700001 460866.75051276 16259.37972577
0.16800001 454300.10261228 13819.80977399
0.16900001 447808.26921448 13702.93368499
0.17000001 441387.81467843 12453.75777921
0.17100001 435041.52048881 12346.47893449
0.17200001 428767.83201663 14464.48349614
0.17300001 422567.49377706 15440.61695179
0.17400001 416440.74388890 15304.19806067
0.17500001 410386.07794468 13001.03156329
0.17600001 404402.75511994 15031.65111774
0.17700001 398495.31507178 14895.75558092
0.17800001 392658.15532892 13705.73355911
0.17900001 386892.99301992 12535.33356593
0.18000001 381201.48730475 12419.54504303
0.18100001 375581.82400275 13329.39956349
0.18200001 370031.55427316 13204.57663799
0.18300001 364553.48662285 11067.84437671
0.18400001 359146.22629312 10962.93907549
0.18500001 353809.93601679 12832.68698557
0.18600001 348544.23706384 12709.66620498
0.18700001 343347.48378835 11618.87940033
0.18800001 338219.11583222 9588.51238686
0.18900001 333163.33380857 9495.15546217
0.19000001 328172.17179941 10342.34648292
0.19100001 323252.02779983 9309.65884052
0.19200001 318398.11449919 11982.91360539
0.19300001 313613.45713733 11863.99764411
0.19400001 308893.98085034 10842.17924018
0.19500001 304241.83174555 10733.65233120
0.19600001 299654.38880936 9740.26636854
0.19700001 295134.39810967 11395.13964952
0.19800001 290677.89861720 10412.08282053
0.19900001 286286.28785721 10306.30684994
0.20000001 281956.83144724 11051.29853087
0.20100001 277692.71971780 10096.90776614
0.20200001 273489.70005992 10826.09028855
0.20300001 269349.46060465 10714.72204928
0.20400001 265271.01927528 13867.04318805
0.20500001 261252.60024122 11301.78802064
0.20600001 257294.55676091 7988.99636505
0.20700001 253396.44425635 10277.76026486
0.20800001 249557.00404989 10170.69618082
0.20900001 245778.03916450 7742.00859966
0.21000001 242054.26705916 9193.22149749
0.21100001 238389.13959019 7580.77499734
0.21200001 234779.12056173 11251.78988484
0.21300001 231225.24602660 8164.56382318
0.21400001 227727.00218292 9547.45501789
0.21500001 224284.32827117 7993.49383750
0.21600001 220893.71935590 7909.09999547
0.21700001 217557.25168944 9248.35920658
0.21800001 214273.20932979 7038.87525929
0.21900001 211040.09645889 9750.05291740
0.22000001 207857.86668885 10335.73290980
0.22100001 204727.61714734 9544.40196270
0.22200001 201646.85044469 8768.61370621
0.22300001 198614.58201248 9342.83037965
0.22400001 195630.02031610 9243.51889703
0.22500001 192695.66388994 9798.57497215
0.22600001 189806.39813932 6462.90816226
0.22700001 186964.69410407 9591.28926110
0.22800001 184167.67177825 8224.00777217
0.22900001 181415.74606183 6884.72788863
0.23000001 178708.57602752 7430.70294264
0.23100001 176046.15025050 6739.04695030
0.23200001 173425.06405267 7879.56815789
0.23300001 170847.57168248 8395.45006954
0.23400001 168310.53228721 6526.24119810
0.23500001 165814.75846302 9391.74836354
0.23600001 163359.59429969 8130.40739284
0.23700001 160944.19324539 7469.42036181
0.23800001 158567.66882905 8526.97679460
0.23900001 156229.84575704 7873.98459859
0.24000001 153928.98102379 6677.43951266
0.24100001 151666.51580691 6056.04426263
0.24200001 149440.52049399 7625.95012153
0.24300001 147249.81918902 7006.14672842
0.24400001 145094.40698109 5865.44167967
0.24500001 142973.23460713 5803.28386722
0.24600001 140886.40028603 7307.77792853
0.24700001 138833.73346271 7230.46118078
0.24800001 136813.46643399 6131.97985566
0.24900001 134824.21063908 5561.49895196
0.25000001 132868.09302573 6002.98072689
0.25100001 130942.28623613 6434.50425005
0.25200001 129048.84113784 5387.14412816
0.25300001 127183.78386540 6783.98335233
0.25400001 125349.14692244 6712.44713527
0.25500001 123541.69592907 6641.60188737
0.25600001 121764.29818883 5632.81670072
0.25700001 120013.68553304 5108.98283486
0.25800001 118290.48190067 4595.58543928
0.25900001 116595.03528160 5911.36856847
0.26000001 114924.96116921 4949.24368693
0.26100001 113280.46488201 8013.46046492
0.26200001 111662.36951896 5286.09682315
0.26300001 110067.86608005 6102.16278422
0.26400001 108498.57748558 6037.94612278
0.26500001 106953.21924746 5974.40710987
0.26600001 105430.72130373 7178.25099964
0.26700001 103931.80718873 5849.28238537
0.26800001 102455.63272724 4547.49347379
0.26900001 101000.82381142 6135.80033690
0.27000001 99568.27419557  4047.45053758
0.27100001 98156.95446646  5206.24511128
0.27200001 96767.16931601  4358.87734812
0.27300001 95397.59218454  4312.92534677
0.27400001 94047.00487425  6207.10261545
0.27500001 92718.10504817  6141.64756905
0.27600001 91406.51912093  4557.52925906
0.27700001 90115.95291331  4885.18603863
0.27800001 88842.89008380  5577.11268896
0.27900001 87588.75802590  4414.47361343
0.28000001 86351.92294144  3639.73372424
0.28100001 85133.29715929  3961.25250430
0.28200001 83932.40510562  5344.39614805
0.28300001 82748.57975336  3877.59863077
0.28400001 81580.67571342  5928.87588809
0.28500001 80430.06799647  4140.54009644
0.28600001 79295.29113177  4096.39493376
0.28700001 78177.23740660  6416.78795006
0.28800001 77073.17523845  3341.12230473
0.28900001 75986.53769978  4627.58036496
0.29000001 74914.01246883  3596.99647895
0.29100001 73856.94488624  3558.42777306
0.29200001 72814.22537750  3520.20389251
0.29300001 71786.38528173  3482.35771486
0.29400001 70771.91610770  4071.15466681
0.29500001 69772.74089359  3717.49181079
0.29600001 68786.17419473  4290.19388761
0.29700001 67813.67565184  4546.90716770
0.29800001 66854.86918576  3298.28512742
0.29900001 65909.70166152  4745.49874428
0.30000001 64976.54525970  4107.16762030
0.30100001 64057.21113459  3482.15016212
0.30200001 63149.78249878  3731.20507558
0.30300001 62255.56783806  3690.51023615
0.30400001 61373.59903117  2807.84228860
0.30500001 60504.21989117  3332.57258938
0.30600001 59645.75551679  3021.35588874
0.30700001 58800.28949485  2716.57350327
0.30800001 57966.29329692  2955.41160366
0.30900001 57144.12808732  3454.36270642
0.31000001 56333.61206357  3153.55575262
0.31100001 55533.95416090  3378.68593111
0.31200001 54746.61736660  4883.67223341
0.31300001 53969.58693564  4829.73856354
0.31400001 53205.08586554  3519.51659664
0.31500001 52449.88563582  3480.57457559
0.31600002 51707.34838623  2704.55298540
0.31700002 50974.59969516  2674.63737264
0.31800002 50252.54003424  4087.79306264
0.31900002 49541.72969363  3091.40407926
0.32000002 48841.61751296  3527.58599190
0.32100002 48151.40907036  3488.56975233
0.32200002 47472.73603900  2760.06500400
0.32300002 46802.69532410  2729.53332055
0.32400002 46144.31521934  2699.44256815
0.32500002 45495.59590220  2447.20821946
0.32600002 44857.19146492  3080.34348376
0.32700002 44228.95467738  3264.09700975
0.32800002 43611.73222543  2797.91081341
0.32900002 43002.46133585  2341.48413061
0.33000002 42404.38441952  3368.60445780
0.33100002 41815.24058802  2290.63898788
0.33200002 41237.40623851  2059.80853916
0.33300002 40668.48719607  3056.23695751
0.33400002 40109.79351416  2821.72410735
0.33500002 39560.59480467  2592.01029435
0.33600002 39020.54464929  2366.98635052
0.33700002 38490.16929707  2146.59684335
0.33800002 37970.03389377  2896.16447240
0.33900002 37458.56870653  2674.54193231
0.34000002 36956.71542742  2457.43690873
0.34100002 36464.43623273  2431.81336753
0.34200002 35982.19123362  1851.28382664
0.34300002 35508.32318225  2015.45251928
0.34400002 35044.67494083  1813.56201408
0.34500002 34589.71451812  1974.72689536
0.34600002 34144.84747154  1777.23939506
0.34700002 33707.72230011  1935.49750614
0.34800002 33280.59282827  1916.46302878
0.34900002 32862.25347822  2242.84890611
0.35000002 32453.33216524  2050.40162331
0.35100002 32053.98475108  1861.69552252
0.35200002 31662.02168725  1844.15454052
0.35300002 31280.39631904  1993.18694785
0.35400002 30906.77083326  1810.36418730
0.35500002 30542.47330630  1794.06496699
0.35600002 30186.58188814  1939.78984401
0.35700002 29839.30733741  2083.08214389
0.35800002 29501.30273692  1906.37427316
0.35900002 29172.17744966  1890.35718828
0.36000002 28851.36609376  1562.30154798
0.36100002 28538.53690768  1859.57115299
0.36200002 28235.84120104  1998.67411409
0.36300002 27939.88221657  1678.06940541
0.36400002 27653.15367924  1968.21330635
0.36500002 27373.87398065  1953.67347854
0.36600002 27103.88832458  2088.89677212
0.36700002 26841.39319152  2074.30296410
0.36800002 26588.04122583  1618.81296672
0.36900002 26342.36442861  1900.60168355
0.37000002 26104.18105862  1888.50706814
0.37100002 25874.06597286  1732.52753961
0.37200002 25652.42969712  1722.30421145
0.37300002 25438.35097205  1427.09155713
0.37400002 25231.89759818  1987.01202998
0.37500002 25033.31910955  1411.87926466
0.37600002 24842.75611914  1685.82951011
0.37700002 24659.36645796  1677.82337328
0.37800002 24483.35247383  2505.38157733
0.37900002 24315.71028426  2078.99332779
0.38000002 24154.48910815  1518.47202972
0.38100002 23999.88904644  1512.71307826
0.38200002 23853.72790235  2329.67444595
0.38300002 23714.02298218  1775.70612503
0.38400002 23581.52114307  1634.19949263
0.38500002 23455.38912621  2037.10064212
0.38600002 23337.17983257  1625.66802415
0.38700002 23224.59817334  1486.83884550
0.38800002 23118.82792146  2023.47550969
0.38900002 23019.57678295  1615.97436672
0.39000002 22927.45155302  2151.51215567
0.39100002 22840.73148183  1611.64208971
0.39200002 22761.23950654  1744.30767222
0.39300002 22687.05613792  1608.96609753
0.39400002 22620.22677549  1876.34789992
0.39500002 22558.07464013  1875.92957595
0.39600002 22501.96183596  1741.98945806
0.39700002 22451.12987938  1608.39902076
0.39800002 22407.20007527  1475.17808685
0.39900002 22367.55043700  1610.46370777
0.40000002 22333.94328289  1612.06410254
0.40100002 22305.13178804  2151.99921687
0.40200002 22282.10188921  1481.64843532
0.40300002 22263.85430016  1619.02756142
0.40400002 22250.71570168  1757.25035580
0.40500002 22241.88349550  1489.98384596
0.40600002 22238.82920738  1357.68058744
0.40700002 22239.69340159  1769.39009087
0.40800002 22245.04098158  1501.20666177
0.40900002 22254.50946048  1368.65239667
0.41000002 22268.93403648  1647.45581808
0.41100002 22287.17623002  1928.28657879
0.41200002 22308.57862465  1658.41981354
0.41300002 22335.38040661  1525.72990787
0.41400002 22365.11973818  1392.22876967
0.41500002 22398.53813306  1677.20261488
0.41600002 22434.55718031  1824.26610356
0.41700002 22475.51832681  1972.90109221
0.41800002 22520.13233787  1698.46846140
0.41900002 22566.06615890  1421.66223537
0.42000002 22615.69466872  2142.27177901
0.42100002 22668.99410964  1721.93687416
0.42200002 22724.68022133  2018.63343971
0.42300002 22782.69321940  1593.87729316
0.42400002 22843.19377644  1456.25367225
0.42500002 22906.90681609  1756.50169789
0.42600002 22971.54601416  1912.72586951
0.42700002 23039.57856150  1627.05511511
0.42800002 23108.92834449  1933.17749226
0.42900002 23181.17832074  1943.74189430
0.43000002 23255.16806277  2706.20403570
0.43100002 23329.31613978  1814.08770899
0.43200002 23406.29394944  2128.33440968
0.43300002 23484.21414043  1834.58689559
0.43400002 23563.97169927  1691.30414886
0.43500002 23644.27111767  1855.60248525
0.43600002 23726.55270581  2177.38584500
0.43700002 23809.13312678  2033.53815673
0.43800002 23892.15788171  2202.61813949
0.43900002 23977.05782931  1898.98307007
0.44000002 24061.84702993  1591.69125646
0.44100002 24147.54745007  2241.37546053
0.44200002 24233.53505273  1771.35032862
0.44300002 24320.08596295  2429.57670284
0.44400002 24406.65855602  2769.54571089
0.44500002 24492.82177329  1638.56985429
0.44600002 24579.01603468  1977.62772387
0.44700002 24666.05824373  2486.33878880
0.44800002 24751.80910829  2000.44130694
0.44900002 24837.88853264  2514.83633311
0.45000002 24923.98346781  2023.32907381
0.45100002 25008.62102719  2373.81842040
0.45200002 25093.14210841  2046.09490449
0.45300002 25176.61509232  1714.52756904
0.45400002 25259.63589379  1896.36725460
0.45500002 25341.99618460  2080.07114541
0.45600002 25422.90178986  2265.56200038
0.45700002 25503.23505469  2102.48679755
0.45800002 25581.93346292  1937.44782264
0.45900002 25659.45560867  1947.55277300
0.46000002 25736.24570750  2491.52606503
0.46100002 25810.67237020  2504.15155204
0.46200002 25884.45705038  1977.44319008
0.46300002 25956.58474797  2709.86757612
0.46400002 26026.57515643  1996.88907352
0.46500002 26096.02460317  2371.34586808
0.46600002 26162.69018122  2749.04480108
0.46700002 26227.52639556  2025.28968426
0.46800002 26291.34812388  2034.55607100
0.46900002 26352.35849717  2415.19377074
0.47000002 26411.63470190  2239.17849616
0.47100002 26469.00269503  2623.60767148
0.47200002 26524.52681104  2070.10679308
0.47300002 26577.76218583  2078.64687908
0.47400002 26628.04895802  2086.97343600
0.47500002 26676.63451300  2285.65415341
0.47600002 26723.71922414  1912.08220112
0.47700002 26767.07588197  2878.79914756
0.47800002 26808.34735276  2118.79783345
0.47900002 26848.21036090  2319.68548513
0.48000002 26884.44148573  2133.68379965
0.48100002 26919.72158293  2530.18475151
0.48200002 26950.33010191  3319.33756434
0.48300002 26978.99357751  2546.27753454
0.48400002 27005.74293250  2554.06825890
0.48500002 27029.58468589  1970.45681700
0.48600002 27051.04752650  2173.68702702
0.48700002 27069.64383952  2377.79762757
0.48800002 27085.31499296  2185.37874379
0.48900002 27098.35875506  2987.59419436
0.49000002 27108.77754203  3194.49849697
0.49100002 27117.45232259  3202.02892203
0.49200002 27121.89734331  2005.66440361
0.49300002 27124.33175765  2612.88700207
0.49400002 27123.59437182  2215.31967533
0.49500002 27120.47024829  3026.64462318
0.49600002 27114.67350609  3234.23840912
0.49700002 27105.87786483  3037.21375872
0.49800002 27094.66500939  2028.03577209
0.49900002 27080.07637739  2437.20698949
0.50000002 27063.45666860  2440.58263806
