# SAXS profile: number of points = 501, q_min = 0, q_max = 0.5, delta_q = 0.001
#    q    intensity    error
0.00000000 1682732.95097188 302.89193117
0.00100000 1682651.05854264 555.27486251
0.00200000 1682405.31728695 908.49890010
0.00300000 1681995.95910543 1009.19761141
0.00400000 1681422.84101450 1639.38733228
0.00500000 1680686.48790418 2117.66505858
0.00600000 1679786.77978714 1940.15380964
0.00700000 1678724.31190453 3223.15081281
0.00800000 1677498.87783454 2717.54829683
0.00900000 1676111.70301776 3017.00119440
0.01000000 1674562.19928425 3315.63329775
0.01100000 1672851.60650200 3312.24632509
0.01200000 1670979.89193778 3910.09311857
0.01300000 1668948.14180417 3504.79125237
0.01400000 1666756.48717626 5625.30339359
0.01500000 1664406.21352121 5592.40512645
0.01600000 1661896.76346970 5932.97171081
0.01700000 1659230.48459880 6271.89151313
0.01800000 1656407.19625900 6136.98893829
0.01900000 1653427.64639698 6448.36811192
0.02000000 1650292.98233873 5718.26544247
0.02100000 1647005.24020901 7065.65280084
0.02200000 1643562.88117305 11340.58439532
0.02300000 1639969.23794257 8265.44533546
0.02400000 1636223.74004804 6135.83930496
0.02500000 1632329.08196675 11458.95067874
0.02600000 1628285.11305427 7913.46601139
0.02700000 1624093.96256191 7503.31445070
0.02800000 1619755.45877107 7045.93656878
0.02900000 1615272.41978743 8722.47146734
0.03000000 1610645.77679671 9736.35416827
0.03100000 1605875.97287535 9249.84602938
0.03200000 1600964.80692708 11094.68662301
0.03300000 1595915.69204615 13022.67264745
0.03400000 1590726.77897722 8351.31597496
0.03500000 1585401.49539348 12841.75270569
0.03600000 1579940.93752678 10522.40713021
0.03700000 1574346.97753189 8973.77818695
0.03800000 1568621.07054077 10094.07705608
0.03900000 1562765.31175649 10314.25153525
0.04000000 1556779.54761548 11489.03359379
0.04100000 1550667.86190739 14653.81197447
0.04200000 1544430.93617891 10957.73800055
0.04300000 1538069.74364386 11166.38685718
0.04400000 1531587.76607327 12405.86148135
0.04500000 1524986.35352713 11574.64696109
0.04600000 1518265.65378285 17126.03737081
0.04700000 1511429.66907369 13058.75294813
0.04800000 1504479.17297200 11057.92243585
0.04900000 1497417.56284286 16845.94836612
0.05000000 1490244.42404234 13680.44444975
0.05100000 1482964.72401060 16193.97554058
0.05200000 1475576.31486066 14076.99869978
0.05300000 1468085.61392449 13080.64342986
0.05400000 1460492.15720072 14458.87303056
0.05500000 1452798.84573617 14644.21304816
0.05600000 1445006.61367127 13590.28783576
0.05700000 1437120.63460162 17504.13014651
0.05800000 1429139.54027082 15177.46262635
0.05900000 1421066.41361038 14068.55815183
0.06000000 1412904.85936100 18099.31209399
0.06100000 1404656.07596724 16982.29275205
0.06200000 1396322.33831349 17153.82072801
0.06300000 1387906.59869856 19985.85595570
0.06400000 1379408.17677355 17483.99945827
0.06500000 1370832.55092375 16285.49146677
0.06600000 1362181.07845797 19165.88867065
0.06700000 1353455.25464097 15185.76866775
0.06800000 1344658.12402892 20875.81835273
0.06900000 1335792.40055961 19636.14920757
0.07000000 1326858.77852622 24022.77931017
0.07100000 1317860.16303959 15656.17947021
0.07200000 1308799.32619572 21497.02993983
0.07300000 1299678.67090294 15869.07731528
0.07400000 1290500.82376671 14518.13494776
0.07500000 1281267.04056283 17527.73393647
0.07600000 1271978.37974274 14691.35097477
0.07700000 1262640.59327749 16250.18519743
0.07800000 1253253.87030771 16336.16496557
0.07900000 1243819.88215591 17911.00714314
0.08000000 1234342.99144094 22495.90207432
0.08100000 1224823.89857335 18078.40159115
0.08200000 1215264.94929976 18156.05919451
0.08300000 1205669.04213764 18229.71677268
0.08400000 1196038.03776935 16774.43426708
0.08500000 1186374.27473125 18365.07463499
0.08600000 1176679.70228228 18426.80500291
0.08700000 1166958.20410706 24646.15842807
0.08800000 1157209.25610460 21628.24201234
0.08900000 1147437.97078520 17039.45466650
0.09000000 1137644.50185391 26399.04190563
0.09100000 1127831.27905693 18676.88685864
0.09200000 1118000.51723520 17155.71874307
0.09300000 1108157.22452974 21875.02464017
0.09400000 1098298.00425043 25041.19567378
0.09500000 1088428.65575589 17240.71071753
0.09600000 1078550.60939365 18831.49452524
0.09700000 1068668.18266005 21993.19223310
0.09800000 1058780.68243238 15722.89387337
0.09900000 1048891.59541851 22026.72453954
0.10000000 1039001.04200852 18889.03983201
0.10100000 1029112.08348365 17319.95717962
0.10200000 1019227.38505361 25195.30214362
0.10300000 1009347.95364216 17320.41169926
0.10400000 999477.44169176 20464.30158138
0.10500000 989617.79436998 17308.41603788
0.10600001 979766.56064210 17297.77944206
0.10700001 969931.47871673 17284.17976409
0.10800001 960110.85707970 17267.59457722
0.10900001 950308.39765992 15680.08929938
0.11000001 940524.52307833 20357.65426026
0.11100001 930761.73398586 21891.51701385
0.11200001 921021.64226102 15611.31757126
0.11300001 911305.77297013 23374.99417720
0.11400001 901616.58788864 18663.46424805
0.11500001 891955.90096653 17072.03674839
0.11600001 882324.39717228 17033.27328953
0.11700001 872725.22708398 20081.40842093
0.11800001 863157.12837399 15407.35546714
0.11900001 853623.36532640 18438.26555952
0.12000001 844125.03580017 18385.04414575
0.12100001 834666.66164109 16801.84069034
0.12200001 825246.14809326 22838.68822444
0.12300001 815866.99360827 21245.17751451
0.12400001 806528.31220022 21171.36919280
0.12500001 797232.77542378 21094.78023171
0.12600001 787983.64432223 16512.19804488
0.12700001 778779.74762520 23924.11497450
0.12800001 769622.74770683 17870.64104398
0.12900001 760515.07424644 17796.05357613
0.13000001 751457.58344975 16242.75643187
0.13100001 742450.04340062 19110.66501796
0.13200001 733495.62917313 16096.56234100
0.13300001 724594.65079991 21846.52975153
0.13400001 715747.47466957 15943.27574992
0.13500001 706956.68525992 18748.49217705
0.13600001 698222.25144420 14348.46794372
0.13700001 689546.13828749 21410.40860340
0.13800001 680926.61616662 15617.05267822
0.13900001 672369.00015732 21179.62450375
0.14000001 663870.25359102 19657.19913588
0.14100001 655434.50178826 33505.81331165
0.14200001 647060.08849508 16655.32746342
0.14300001 638750.22761934 15176.70612408
0.14400001 630500.90036456 15084.73475277
0.14500001 622319.27116202 14991.67194948
0.14600001 614201.90229646 17606.09835988
0.14700001 606152.03466641 18839.20612620
0.14800001 598166.55720762 16042.82782119
0.14900001 590249.61571373 14608.67867816
0.15000001 582399.86178524 13191.35749184
0.15100001 574619.11518626 14411.44808888
0.15200001 566908.24290702 14311.59926751
0.15300001 559266.84692462 14210.97125096
0.15400001 551693.44226658 20522.99702082
0.15500001 544192.40017724 14007.51304162
0.15600001 536760.19524751 16432.91415305
0.15700001 529402.21339557 13801.51635461
0.15800001 522112.49419136 18678.57536130
0.15900001 514896.98286445 13593.28098923
0.16000001 507751.37791800 17167.07489774
0.16100001 500680.32840104 15816.49232079
0.16200001 493681.49997084 13277.56456850
0.16300001 486755.05941945 14369.01003239
0.16400001 479902.06969820 16628.60750007
0.16500001 473121.50463296 12958.79862370
0.16600001 466415.19525036 16357.18166970
0.16700001 459780.80379441 15062.41984347
0.16800001 453220.25343473 14935.87415716
0.16900001 446734.56160431 12530.90504469
0.17000001 440320.74078855 11294.22753454
0.17100001 433980.90093099 14555.72010457
0.17200001 427714.27258921 16648.77884674
0.17300001 421521.15125705 11001.70256736
0.17400001 415401.87848733 14175.58977284
0.17500001 409354.74014000 11887.66221509
0.17600001 403379.57522743 12851.67387372
0.17700001 397480.11050816 11673.99139699
0.17800001 391651.29631173 13670.58914345
0.17900001 385894.65494482 12502.98741077
0.18000001 380211.74485623 11355.02429649
0.18100001 374601.01000813 14317.25127881
0.18200001 369060.01769571 11143.76776073
0.18300001 363591.35080164 15052.68263427
0.18400001 358193.49483198 10933.85694627
0.18500001 352867.05213226 10829.49034155
0.18600001 347611.17730711 12675.64217934
0.18700001 342424.53679803 10622.00963331
0.18800001 337306.50652592 12431.43188535
0.18900001 332261.14269016 17044.99742534
0.19000001 327280.52809305 17815.51638851
0.19100001 322371.28082165 11141.15199162
0.19200001 317528.25488162 11950.17643713
0.19300001 312754.95099007 11831.52035502
0.19400001 308046.61530552 11713.47310050
0.19500001 303405.91096092 11596.17446491
0.19600001 298830.02366178 11479.55590145
0.19700001 294321.66768932 12237.89552086
0.19800001 289876.94713476 9518.11000898
0.19900001 285497.27899810 11134.39440714
0.20000001 281180.05057470 9325.33681804
0.20100001 276927.90934544 9230.00765472
0.20200001 272737.36803961 10796.30922412
0.20300001 268609.57205929 9041.39862285
0.20400001 264543.56907614 13829.01572709
0.20500001 260537.93903285 11270.87177530
0.20600001 256592.66778353 8763.92298240
0.20700001 252707.41961447 13403.60216993
0.20800001 248880.66437994 12483.85471541
0.20900001 245114.83087739 12353.78806020
0.21000001 241404.14842501 10696.61832237
0.21100001 237752.04440251 9072.61844329
0.21200001 234155.50352766 7481.26869138
0.21300001 230614.82617372 8883.28352417
0.21400001 227129.84366701 8789.92536547
0.21500001 223700.47629299 10147.05408438
0.21600001 220323.49122031 7171.52997828
0.21700001 217000.25463256 7095.90866198
0.21800001 213729.84872941 7723.12844899
0.21900001 210510.33287177 11809.63023248
0.22000001 207341.63082290 7560.71292545
0.22100001 204224.92732095 8840.89752175
0.22200001 201157.68855700 8074.47000048
0.22300001 198139.15460160 9986.21386412
0.22400001 195168.27747410 7245.62264385
0.22500001 192247.44082797 8472.34511792
0.22600001 189371.85207114 10961.79017550
0.22700001 186543.62253463 8293.72985009
0.22800001 183760.37712224 7574.60310318
0.22900001 181021.84523227 8118.83014261
0.23000001 178328.25667124 9268.61157882
0.23100001 175679.37576147 11004.55661813
0.23200001 173071.70036261 7863.51307787
0.23300001 170507.72797438 7780.26799543
0.23400001 167984.08271231 7105.72703480
0.23500001 165501.68363847 9374.01580464
0.23600001 163059.76024836 6956.12970120
0.23700001 160657.68507418 6882.57555411
0.23800001 158294.30697368 6242.33629076
0.23900001 155969.48969740 7860.86265256
0.24000001 153681.73132390 6111.15433515
0.24100001 151432.42962340 6046.69720088
0.24200001 149219.26690770 7614.65955049
0.24300001 147041.38593949 5919.88647795
0.24400001 144898.63706182 7455.03522948
0.24500001 142790.16712416 6322.74889935
0.24600001 140715.84907188 6256.22694569
0.24700001 138675.67215278 6190.48229775
0.24800001 136667.63385660 6125.44363923
0.24900001 134690.73235586 5555.99297252
0.25000001 132746.74603783 5497.70674724
0.25100001 130832.97783891 5440.03547590
0.25200001 128951.46999747 5383.07936972
0.25300001 127097.99711342 6295.16409485
0.25400001 125275.09873565 4791.77275334
0.25500001 123479.14484961 5215.75932522
0.25600001 121713.22420132 4692.04501495
0.25700001 119973.89783568 6035.88708569
0.25800001 118261.72555772 7810.59603401
0.25900001 116577.40376103 5001.17085798
0.26000001 114918.09607961 5398.85240927
0.26100001 113284.32485893 5342.48901313
0.26200001 111676.67664775 7049.03216354
0.26300001 110092.62484695 4795.63496525
0.26400001 108533.54753201 6039.89220595
0.26500001 106998.18665076 5123.07341926
0.26600001 105485.76566577 5069.64613779
0.26700001 103996.52478724 5016.79259313
0.26800001 102529.94079786 4964.49996836
0.26900001 101084.50367176 5322.09937017
0.27000001 99661.33681324  4861.48023981
0.27100001 98259.00971154  5612.55490032
0.27200001 96878.03920674  6347.44942921
0.27300001 95517.45626512  3925.76763828
0.27400001 94175.23546204  4661.67437598
0.27500001 92854.79323164  4613.02634606
0.27600001 91551.35309512  4945.14657147
0.27700001 90268.83732795  4893.47390314
0.27800001 89003.59896933  4097.28087247
0.27900001 87757.00525607  4422.95327423
0.28000001 86527.72940917  3647.14396721
0.28100001 85316.38098950  4330.65970399
0.28200001 84122.59442751  4642.30559320
0.28300001 82945.61390622  3886.83165161
0.28400001 81784.48050484  4195.54404848
0.28500001 80640.39307777  3805.42032946
0.28600001 79511.92097011  4107.58603174
0.28700001 78400.04112170  5080.32290515
0.28800001 77301.94111260  5361.66288935
0.28900001 76221.06299469  3978.73967665
0.29000001 75154.04129531  3608.52146360
0.29100001 74102.45615080  3570.25650634
0.29200001 73064.81927316  3532.31885496
0.29300001 72041.92281382  3812.45873577
0.29400001 71032.36218698  3143.18217556
0.29500001 70037.72840163  3420.64281706
0.29600001 69055.56437902  3384.06809259
0.29700001 68087.40023981  3956.55901523
0.29800001 67132.59792033  3311.98687518
0.29900001 66191.22675009  4467.90801714
0.30000001 65261.62336733  3535.87492143
0.30100001 64345.92318726  3497.84455005
0.30200001 63441.65662240  3171.76577299
0.30300001 62550.66577450  3137.54154378
0.30400001 61671.55321554  3667.91580114
0.30500001 60804.95165809  3070.04215456
0.30600001 59949.01005217  3588.84765668
0.30700001 59105.79518463  3003.75665349
0.30800001 58274.02420864  4051.50172492
0.30900001 57453.92182105  4274.57198586
0.31000001 56645.27680538  2906.75251689
0.31100001 55847.15483771  3397.74106119
0.31200001 55061.27219785  3619.17759292
0.31300001 54285.53875361  2812.53389599
0.31400001 53522.16021554  3287.59884690
0.31500001 52768.06930834  3001.44792437
0.31600002 52026.20182803  3215.99981827
0.31700002 51294.09603403  2446.72849667
0.31800002 50572.40414380  2419.88965286
0.31900002 49861.92662107  2632.70985025
0.32000002 49162.03670008  2603.86739711
0.32100002 48471.72415161  2575.30282612
0.32200002 47792.93591019  2778.68142539
0.32300002 47122.61985703  2977.20726354
0.32400002 46463.70191110  2265.10557542
0.32500002 45814.27366504  3136.44532362
0.32600002 45175.17779526  2437.42683336
0.32700002 44546.07052233  3068.33348287
0.32800002 43927.69540615  2601.39824514
0.32900002 43317.31670651  3001.89018991
0.33000002 42717.99345506  2545.13817057
0.33100002 42127.34190553  2307.73589887
0.33200002 41547.94322814  2490.38383503
0.33300002 40977.33881695  2258.26124914
0.33400002 40416.85441263  2437.13643649
0.33500002 39865.65837057  2210.15220473
0.33600002 39323.54365044  2584.14679337
0.33700002 38790.90520795  2163.36888590
0.33800002 38268.64556853  2140.55679125
0.33900002 37754.74809612  2310.59069291
0.34000002 37250.40460322  2286.42994283
0.34100002 36755.58143007  2451.22984166
0.34200002 36270.60217509  2052.73482731
0.34300002 35793.95725113  2585.75559428
0.34400002 35327.44661112  3290.75180768
0.34500002 34869.60781598  1990.70600449
0.34600002 34421.60120352  2329.13775575
0.34700002 33981.35120733  2483.35726385
0.34800002 33551.15807053  1756.40320818
0.34900002 33129.47192916  1913.22709452
0.35000002 32717.15661063  1894.81421485
0.35100002 32314.42797100  2218.06244098
0.35200002 31918.99647468  2028.13313206
0.35300002 31533.71294095  2511.66035471
0.35400002 31156.54993406  2156.81227134
0.35500002 30788.68405149  1972.93896747
0.35600002 30429.11084537  1792.42685924
0.35700002 30078.17054587  2099.75718526
0.35800002 29736.19302390  1761.42347720
0.35900002 29403.25676631  1746.55353465
0.36000002 29078.65011013  1732.06987585
0.36100002 28761.96695051  2030.30734320
0.36200002 28455.20943798  2014.20209547
0.36300002 28155.46299986  1844.74602313
0.36400002 27864.65569570  1983.26696308
0.36500002 27581.38996240  2271.32757099
0.36600002 27307.32566576  1803.92201893
0.36700002 27040.87042503  1940.45295362
0.36800002 26783.45373521  2223.69635170
0.36900002 26533.77654854  1472.62466820
0.37000002 26291.48493116  1609.43332630
0.37100002 26057.30655059  1890.19710672
0.37200002 25831.61812071  1589.80701255
0.37300002 25613.51157803  1867.99348787
0.37400002 25403.09938103  1428.92440787
0.37500002 25200.48008453  1705.56857292
0.37600002 25005.78935130  2262.52392768
0.37700002 24818.37552416  1688.64235066
0.37800002 24638.42358153  1400.69444696
0.37900002 24466.76700724  1534.06636403
0.38000002 24301.68034863  1666.60931726
0.38100002 24143.23598729  1521.74823637
0.38200002 23993.20082634  1654.09134333
0.38300002 23849.55764032  1511.10804368
0.38400002 23713.26637491  2054.16179704
0.38500002 23583.41169028  1365.47960156
0.38600002 23461.36273989  1906.70504020
0.38700002 23345.21244246  1358.69142852
0.38800002 23235.77153320  1898.13026647
0.38900002 23133.03349366  1759.26728054
0.39000002 23037.31769974  1621.36649652
0.39100002 22947.16448822  2023.94000375
0.39200002 22864.20859973  1752.19870905
0.39300002 22786.65364532  1481.36042366
0.39400002 22716.53195008  1884.33641453
0.39500002 22651.08538510  1480.02198918
0.39600002 22591.86219182  1748.94909444
0.39700002 22537.88814560  1480.06318464
0.39800002 22490.86744242  1346.07848020
0.39900002 22448.27520140  1616.27589108
0.40000002 22411.70926491  1482.87081377
0.40100002 22380.16722220  1754.38139167
0.40200002 22354.35824038  1621.58522359
0.40300002 22333.45001029  1894.76998865
0.40400002 22317.63863847  1355.79661152
0.40500002 22306.28668420  1358.45292343
0.40600002 22300.79702188  1633.75646723
0.40700002 22299.37723329  1364.72195134
0.40800002 22302.39179609  1368.25180152
0.40900002 22309.66453287  1783.65776392
0.41000002 22322.00341097  1513.76673304
0.41100002 22338.23603982  1380.50305267
0.41200002 22357.79773052  1385.06563503
0.41300002 22382.72378161  2640.93770413
0.41400002 22410.74179592  2511.12373722
0.41500002 22442.40559349  1680.48741047
0.41600002 22476.95449221  1968.30699815
0.41700002 22516.33343418  2400.01609447
0.41800002 22559.63459486  1985.02234206
0.41900002 22604.24394140  1566.47417937
0.42000002 22652.68847770  2288.82775224
0.42100002 22704.91535015  2443.27605660
0.42200002 22759.53382461  2021.72948544
0.42300002 22816.73741257  1451.14456820
0.42400002 22876.40578454  1604.20803166
0.42500002 22939.34154163  1612.40639337
0.42600002 23003.37659595  1768.03960895
0.42700002 23070.88720239  2221.72654287
0.42800002 23139.85701447  1935.76483028
0.42900002 23211.73022125  1646.87233724
0.43000002 23285.45790678  1655.94541751
0.43100002 23359.40077187  1967.79601427
0.43200002 23436.43701255  1674.41632171
0.43300002 23514.31338943  2143.09462387
0.43400002 23594.14015182  2001.37303322
0.43500002 23674.73829259  1548.32795771
0.43600002 23757.35010311  1557.29437306
0.43700002 23840.28209134  1879.56792915
0.43800002 23923.84114112  1890.46201656
0.43900002 24009.30853634  1901.53732619
0.44000002 24094.72349859  1593.86603496
0.44100002 24181.23398839  1763.53747835
0.44200002 24268.10903101  1612.61592153
0.44300002 24355.55486514  2108.70404016
0.44400002 24443.16379671  2447.37189113
0.44500002 24530.38387746  2133.40758693
0.44600002 24617.74620872  1650.61996152
0.44700002 24706.12096940  1992.30168939
0.44800002 24793.19785008  2504.73293151
0.44900002 24880.82000641  2183.29205903
0.45000002 24968.37203136  1858.02149277
0.45100002 25054.53013766  2038.43666861
0.45200002 25140.78153527  2220.81104217
0.45300002 25225.86922463  2061.45813074
0.45400002 25310.68372790  2418.43594482
0.45500002 25394.97341494  2084.41951669
0.45600002 25477.83021705  1921.15587857
0.45700002 25560.10077112  2458.37060868
0.45800002 25640.94187093  2471.53050407
0.45900002 25720.52728701  1774.71646692
0.46000002 25799.51742392  2140.84405730
0.46100002 25876.23823260  2510.51275231
0.46200002 25952.32645723  2883.82265261
0.46300002 26026.85258733  1992.61592853
0.46400002 26099.22229766  1820.42084154
0.46500002 26171.17561163  3475.79399772
0.46600002 26240.34083633  2941.01754033
0.46700002 26307.72818719  1846.80260627
0.46800002 26374.14978226  2412.04798266
0.46900002 26437.80862661  2982.18495443
0.47000002 26499.82190065  2433.87625782
0.47100002 26560.02159764  2256.53954189
0.47200002 26618.23415544  2077.42018312
0.47300002 26674.23835822  2655.15381202
0.47400002 26727.45944366  2666.06420587
0.47500002 26778.94042921  2676.82301218
0.47600002 26828.84050183  2687.44508045
0.47700002 26875.18165096  2505.03580042
0.47800002 26919.31294848  2707.81381783
0.47900002 26962.24380985  3106.05063412
0.48000002 27001.33103589  2532.58996455
0.48100002 27039.67832810  2541.45948652
0.48200002 27073.29018321  3138.33594679
0.48300002 27105.09384677  1967.82990655
0.48400002 27134.88710680  2763.68838283
0.48500002 27161.66344521  2574.11096671
0.48600002 27186.26549623  1985.95678863
0.48700002 27207.86241270  2589.10030992
0.48800002 27226.62857559  2596.19529089
0.48900002 27242.67722428  2402.80424508
0.49000002 27256.12972937  2208.15545469
0.49100002 27267.90448476  2616.08288027
0.49200002 27275.38538368  2017.01484473
0.49300002 27280.88346017  2223.66491624
0.49400002 27283.11916317  3038.65754084
0.49500002 27283.00532711  2435.82683107
0.49600002 27280.23705374  2033.74176876
0.49700002 27274.31988189  3463.56604598
0.49800002 27266.05464641  2653.12357313
0.49900002 27254.34489487  2248.48356041
0.50000002 27240.70127216  2047.13879764
