# SAXS profile: number of points = 501, q_min = 0, q_max = 0.5, delta_q = 0.001
#    q    intensity    error
0.00000000 1682732.95097188 277.65093691
0.00100000 1682651.02898222 605.75438482
0.00200000 1682405.20251739 984.20707464
0.00300000 1681995.68980954 1311.95668479
0.00400000 1681422.36851908 1387.17350674
0.00500000 1680685.74855790 2117.66412700
0.00600000 1679785.72382944 2116.53009819
0.00700000 1678722.84759590 2417.36100100
0.00800000 1677496.96832235 2717.54520342
0.00900000 1676109.31376326 2514.16407812
0.01000000 1674559.24115347 4697.13887426
0.01100000 1672848.03355598 4516.68988725
0.01200000 1670975.63728343 3584.24289912
0.01300000 1668943.14437594 5607.64921243
0.01400000 1666750.70577330 5250.26495594
0.01500000 1664399.58028688 4394.01508762
0.01600000 1661889.23485167 5085.38128598
0.01700000 1659221.97769754 4479.89954075
0.01800000 1656397.67984956 6136.95367999
0.01900000 1653417.07450904 6944.35202629
0.02000000 1650281.27988070 7277.74077349
0.02100000 1646992.30151286 9783.13471454
0.02200000 1643548.70249831 7371.31626560
0.02300000 1639953.79379223 6494.21731902
0.02400000 1636206.96448627 6749.35403626
0.02500000 1632310.85037827 8275.81638938
0.02600000 1628265.43919179 7253.92286338
0.02700000 1624072.78807180 7503.21662455
0.02800000 1619732.76047407 7045.83783118
0.02900000 1615248.05286736 9449.20154313
0.03000000 1610619.72078814 7489.38204592
0.03100000 1605848.32991053 7708.07233824
0.03200000 1600935.31468003 13471.87129352
0.03300000 1595884.38064816 9766.81285982
0.03400000 1590693.61708479 15032.05537504
0.03500000 1585366.41492466 9417.07693951
0.03600000 1579903.93699631 9645.31398111
0.03700000 1574307.92985929 10768.26673824
0.03800000 1568580.02262275 12846.67097982
0.03900000 1562722.13541073 11251.59989602
0.04000000 1556734.25618172 11488.69934300
0.04100000 1550620.36610241 15630.25401503
0.04200000 1544381.23546248 18926.39291864
0.04300000 1538017.79146103 12181.10147379
0.04400000 1531533.51169567 18608.13303130
0.04500000 1524929.74190631 14730.82199128
0.04600000 1518206.64007103 12844.02877208
0.04700000 1511368.26647073 13058.22242962
0.04800000 1504415.22067498 14374.68810238
0.04900000 1497351.12102996 12353.14732351
0.05000000 1490175.57115137 12539.82801517
0.05100000 1482893.28994491 16193.19548054
0.05200000 1475502.31305716 12903.26832899
0.05300000 1468008.82332743 13079.95922561
0.05400000 1460412.79828318 15662.92799201
0.05500000 1452716.76871557 15863.66785440
0.05600000 1444921.77139992 12354.08172196
0.05700000 1437033.10235612 18753.28286112
0.05800000 1429049.18917434 16441.21168913
0.05900000 1420973.27160842 14067.63604596
0.06000000 1412808.94913681 12927.20248855
0.06100000 1404557.18919724 14368.62071695
0.06200000 1396220.58178609 22430.28469486
0.06300000 1387801.87238463 17319.76817715
0.06400000 1379300.38972735 13448.17942877
0.06500000 1370721.92807823 14927.16249503
0.06600000 1362067.48356381 15057.65673532
0.06700000 1353338.69062961 13804.05529044
0.06800000 1344538.56961461 19482.36478567
0.06900000 1335669.74265049 15426.98624989
0.07000000 1326733.07474143 15542.67869844
0.07100000 1317731.43812170 15654.65021811
0.07200000 1308667.38613804 15762.89940447
0.07300000 1299543.77981796 18752.41762143
0.07400000 1290362.80320193 17419.89865959
0.07500000 1281125.83586646 16065.31873479
0.07600000 1271834.18599835 22034.52830541
0.07700000 1262493.23280187 16248.28866802
0.07800000 1253103.29513690 17819.12969250
0.07900000 1243666.18747510 16416.39444466
0.08000000 1234186.02143094 17994.43303660
0.08100000 1224663.96045673 21088.71438851
0.08200000 1215101.77804200 19666.42320046
0.08300000 1205502.69986088 19746.13515045
0.08400000 1195868.57023422 21346.25498065
0.08500000 1186201.63708674 16832.20202045
0.08600000 1176503.85443129 19959.38882755
0.08700000 1166779.33166386 23102.23185177
0.08800000 1157027.17795609 24714.10168181
0.08900000 1147252.69211135 23231.86810645
0.09000000 1137455.98991045 15526.27499163
0.09100000 1127639.65939791 17117.57083386
0.09200000 1117805.89432102 24949.42873354
0.09300000 1107959.49377238 18746.67551558
0.09400000 1098097.14835126 20342.25062924
0.09500000 1088224.72181382 18804.52407681
0.09600000 1078343.59005686 17258.88997016
0.09700000 1068458.05729993 20418.23443492
0.09800000 1058567.58142045 15719.72932320
0.09900000 1048675.34924299 15730.13097831
0.10000000 1038781.90067407 17311.30118883
0.10100000 1028889.94375500 17316.21856781
0.10200000 1019002.29317257 18892.30340404
0.10300000 1009119.92207049 15742.27152483
0.10400000 999246.35971216 20459.57017763
0.10500000 989383.91481320 15731.20498567
0.10600001 979529.79278819 15721.45391400
0.10700001 969691.85088974 17279.90959601
0.10800001 959868.34683190 17263.23303021
0.10900001 950063.19823680 18811.25221045
0.11000001 940276.45411854 17221.16406777
0.11100001 930511.04321924 18759.10351435
0.11200001 920768.12239551 21849.82857307
0.11300001 911049.52816893 20252.63196471
0.11400001 901357.77318914 18658.10678352
0.11500001 891694.48030787 17067.03315674
0.11600001 882060.31398666 17028.17516339
0.11700001 872458.67860937 24708.03094184
0.11800001 862888.10826594 18483.06414958
0.11900001 853351.94719856 16896.36935038
0.12000001 843851.11756523 21442.25790737
0.12100001 834390.46786177 19850.15016553
0.12200001 824967.33112588 18264.77757160
0.12300001 815585.94191861 16686.88915785
0.12400001 806245.04053980 16628.80474464
0.12500001 796947.27413833 16568.53461005
0.12600001 787695.96636316 19507.29152623
0.12700001 778489.86571678 20925.80857662
0.12800001 769330.94120706 17863.86529674
0.12900001 760221.22909420 16306.74613264
0.13000001 751161.59851338 17712.39132782
0.13100001 742152.25117184 22041.92289881
0.13200001 733195.88131848 17552.71022620
0.13300001 724293.01631191 17469.94837703
0.13400001 715443.85924877 15936.51271610
0.13500001 706651.41133998 14415.68947101
0.13600001 697915.47161368 14342.16361790
0.13700001 689237.60919762 15693.94110145
0.13800001 680616.58273290 24124.45591257
0.13900001 672057.30623789 15524.52450620
0.14000001 663557.21042530 16841.08279483
0.14100001 655119.95330385 16744.86679618
0.14200001 646744.23167299 16647.19730843
0.14300001 638432.98050232 19306.21424102
0.14400001 630182.44010407 13706.46871880
0.14500001 621999.49288175 17708.32639768
0.14600001 613881.16184463 16243.29630868
0.14700001 605830.14497786 14794.37283831
0.14800001 597843.64838329 24051.25110917
0.14900001 589925.78023037 14600.66374957
0.15000001 582075.08431166 17139.20166623
0.15100001 574293.44467006 15712.66938757
0.15200001 566581.68154053 20804.88032789
0.15300001 558939.71868012 12911.50811079
0.15400001 551365.64478682 14101.17703087
0.15500001 543863.97662784 13999.05941906
0.15600001 536431.24634415 12632.95644762
0.15700001 529072.68323259 15046.82782130
0.15800001 521782.59718856 18666.77329547
0.15900001 514566.76967598 13584.56336065
0.16000001 507420.84753618 12254.21404643
0.16100001 500349.54113671 19453.59107769
0.16200001 493350.53095719 16887.38947185
0.16300001 486424.00666109 13162.63424163
0.16400001 479571.06411913 13056.32283703
0.16500001 472790.47568809 14126.98008051
0.16600001 466084.13597911 17513.11223626
0.16700001 459449.90922389 13893.76591092
0.16800001 452889.64562194 13776.90367032
0.16900001 446404.17231148 12521.63762458
0.17000001 439990.72721732 12414.33895464
0.17100001 433651.29102690 13425.84460418
0.17200001 427385.14701865 12199.70959775
0.17300001 421192.54059419 10993.12582865
0.17400001 415073.83593220 11985.25757856
0.17500001 409027.37478539 12957.98784518
0.17600001 403052.85237849 17121.68597768
0.17700001 397154.19999770 11664.41940485
0.17800001 391326.29013728 15760.66707969
0.17900001 385570.50546952 12492.48496728
0.18000001 379888.56967679 14439.56521547
0.18100001 374278.84647523 12261.37558971
0.18200001 368738.88829770 11134.07125810
0.18300001 363271.30801533 16042.06171977
0.18400001 357874.73197458 11917.22913773
0.18500001 352549.52821107 10819.74553195
0.18600001 347294.99728069 15586.60021432
0.18700001 342109.77279088 11576.99525820
0.18800001 336993.14242862 10509.13164315
0.18900001 331949.35903735 11352.66861546
0.19000001 326970.27595366 13114.77838816
0.19100001 322062.71399213 12985.56924173
0.19200001 317221.33170794 14693.69277901
0.19300001 312449.67240268 9092.28589655
0.19400001 307743.23524633 11701.93707320
0.19500001 303104.31248913 12475.77409160
0.19600001 298530.21477949 9703.72508997
0.19700001 294023.90822708 8732.51048702
0.19800001 289581.27658232 9508.40166594
0.19900001 285203.68394920 11978.55529197
0.20000001 280888.49366811 9315.66733277
0.20100001 276638.58297463 10058.57935235
0.20200001 272450.16949629 9125.71885859
0.20300001 268324.69421155 10673.95684024
0.20400001 264260.90092851 11376.43232269
0.20500001 260257.69197708 8846.15936843
0.20600001 256314.86826069 11937.86555352
0.20700001 252431.99849332 15751.75745055
0.20800001 248607.80825738 10911.39722020
0.20900001 244844.55655563 9255.12467530
0.21000001 241136.41996993 8395.16485811
0.21100001 237487.09986671 8307.29914605
0.21200001 233893.12449428 9714.75138513
0.21300001 230355.25659544 8133.84449492
0.21400001 226873.00470948 8048.32022257
0.21500001 223446.41570787 9411.56347457
0.21600001 220072.25456165 9312.35789205
0.21700001 216751.95226701 9922.90484393
0.21800001 213484.48328956 9818.15185069
0.21900001 210267.83621776 12489.91006188
0.22000001 207102.18406809 9611.61281706
0.22100001 203988.51097148 6792.81773654
0.22200001 200924.34944186 10081.37970994
0.22300001 197908.89848309 7979.68716416
0.22400001 194941.20797436 9210.97251234
0.22500001 192023.49430903 7811.51611788
0.22600001 189151.09443558 8372.77359112
0.22700001 186326.08855845 7646.82303605
0.22800001 183546.12376351 8196.25254426
0.22900001 180810.91256518 7485.57213420
0.23000001 178120.57153589 8023.44152428
0.23100001 175474.92878887 8549.13893491
0.23200001 172870.78485130 7250.20105955
0.23300001 170310.11017098 5977.88514972
0.23400001 167789.92160238 7097.51401946
0.23500001 165310.88708225 5852.00567949
0.23600001 162872.48027998 6948.14033737
0.23700001 160473.84893829 6301.80834587
0.23800001 158113.83652469 10769.92448428
0.23900001 155792.56252664 6169.38576786
0.24000001 153508.23840141 6104.25538877
0.24100001 151262.42700887 5490.82636014
0.24200001 149052.81630836 6519.57049372
0.24300001 146878.49191686 5375.75305845
0.24400001 144739.36489404 7446.84067606
0.24500001 142634.43103848 5263.21075429
0.24600001 140563.71043914 5728.67428994
0.24700001 138527.06979055 6183.84868798
0.24800001 136522.68859879 6118.94719247
0.24900001 134549.33063783 5550.16015137
0.25000001 132608.87005895 5991.26903270
0.25100001 130698.69341344 5434.45192923
0.25200001 128820.76575242 5377.62312075
0.25300001 126971.00901400 5321.35523953
0.25400001 125151.67089102 5744.46196567
0.25500001 123359.30180082 7579.19586123
0.25600001 121596.90529715 6562.58528938
0.25700001 119861.17866735 5102.49061729
0.25800001 118152.62825108 5049.25280721
0.25900001 116471.78897691 5450.87998203
0.26000001 114816.11024561 6742.57639320
0.26100001 113185.88094367 5337.84639787
0.26200001 111581.83389932 5282.28426673
0.26300001 110001.30822665 6098.47281665
0.26400001 108445.73685065 5603.93371693
0.26500001 106913.91808553 5972.21174686
0.26600001 105404.95774608 4643.61563324
0.26700001 103919.14997603 5430.81503473
0.26800001 102456.08413838 4960.92382874
0.26900001 101014.09133546 5318.39216049
0.27000001 99594.39472464  5263.06603828
0.27100001 98195.50852580  4407.01463119
0.27200001 96817.96688189  4361.16552458
0.27300001 95460.64240391  6277.49214156
0.27400001 94121.89505818  3882.52835489
0.27500001 92804.80391097  4610.54287649
0.27600001 91504.57417588  4942.61980802
0.27700001 90225.33792721  3762.39676963
0.27800001 88963.42289798  4840.05525183
0.27900001 87720.12519294  5157.94360546
0.28000001 86493.99804809  4010.29440930
0.28100001 85285.83717209  3968.35019144
0.28200001 84095.15499825  3926.82344850
0.28300001 82921.29733627  4592.18166383
0.28400001 81763.24252484  4543.99241839
0.28500001 80622.30458882  3804.56673362
0.28600001 79496.83478890  4449.04056954
0.28700001 78387.95822709  3724.99595126
0.28800001 77292.87375859  3685.71085963
0.28900001 76214.87547925  4973.02086041
0.29000001 75150.84554334  3608.36801956
0.29100001 74102.03591191  4543.93705720
0.29200001 73067.22252499  5459.21778937
0.29300001 72047.12663632  3495.00627857
0.29400001 71040.35727135  3457.88955387
0.29500001 70048.42448495  3421.16521379
0.29600001 69068.91877772  4000.12662037
0.29700001 68103.42439447  5175.17946472
0.29800001 67151.23370984  3011.73297446
0.29900001 66212.42216327  3873.42687992
0.30000001 65285.44925601  3537.16580814
0.30100001 64372.16434365  3207.66510110
0.30200001 63470.29663193  3173.19763033
0.30300001 62581.69906286  3995.21585731
0.30400001 61704.98287434  2823.00310015
0.30500001 60840.63224908  3909.61921342
0.30600001 59987.05100032  4143.60574402
0.30700001 59146.08219567  3825.56877753
0.30800001 58316.46363453  3243.56186092
0.30900001 57498.43104382  2673.67717012
0.31000001 56691.83288813  3438.07636828
0.31100001 55895.92214406  4970.26563237
0.31200001 55111.98162735  3105.00919189
0.31300001 54338.21312627  2815.26295536
0.31400001 53576.82826776  3544.10735771
0.31500001 52824.45354910  2754.26713846
0.31600002 52084.47375445  2724.27852871
0.31700002 51354.14726803  3674.38941100
0.31800002 50634.27767822  2665.13533178
0.31900002 49925.52487896  2636.06783842
0.32000002 49227.26695341  2370.29301604
0.32100002 48538.54625378  2813.29427408
0.32200002 47861.29579958  2550.76788042
0.32300002 47192.45842369  2522.90894679
0.32400002 46534.94047733  2949.15199240
0.32500002 45887.06625886  2692.65317557
0.32600002 45249.24925608  2441.42335922
0.32700002 44621.51314826  2195.37855085
0.32800002 44004.36696492  3257.42341883
0.32900002 43395.21227811  2362.86942043
0.33000002 42797.07422962  3399.79973779
0.33100002 42207.62658470  2732.52187449
0.33200002 41629.31596084  3119.07664607
0.33300002 41059.72439863  3085.63843468
0.33400002 40500.22984629  2442.16397538
0.33500002 39949.99870708  2214.82803321
0.33600002 39408.85872687  1992.11790298
0.33700002 38877.11292647  2365.28366246
0.33800002 38355.64884684  2925.57725434
0.33900002 37842.53375619  2122.96624426
0.34000002 37338.89770873  2100.87317907
0.34100002 36844.69022913  2457.17250775
0.34200002 36360.44849329  2993.19226172
0.34300002 35884.40423134  2592.28948444
0.34400002 35418.55347380  2199.49227489
0.34500002 34961.16726615  1995.93313375
0.34600002 34513.64430531  2335.36585252
0.34700002 34073.85028120  2490.11709648
0.34800002 33644.04404572  2641.89868381
0.34900002 33222.67756326  2093.02878561
0.35000002 32810.76059103  2072.98395232
0.35100002 32408.29055079  1882.27360434
0.35200002 32013.11655984  2034.11352255
0.35300002 31628.07940030  2015.34131484
0.35400002 31251.04024506  1664.11797187
0.35500002 30883.33650515  1814.08727224
0.35600002 30523.77833793  1634.54840742
0.35700002 30172.86148574  2430.42410779
0.35800002 29831.01446000  1767.04022523
0.35900002 29498.04207885  2389.34152156
0.36000002 29173.36746168  2053.65929974
0.36100002 28856.56087116  2036.98472838
0.36200002 28549.81021698  2020.89841193
0.36300002 28249.79588600  2159.41449981
0.36400002 27958.94490452  1836.90276724
0.36500002 27675.40866602  1519.38000773
0.36600002 27401.13549374  2111.80561253
0.36700002 27134.33741023  1497.81549599
0.36800002 26876.62730952  2082.66994887
0.36900002 26626.66200370  1625.55779233
0.37000002 26384.06254513  1908.75509524
0.37100002 26149.44275187  1750.96676961
0.37200002 25923.37715447  1450.41302050
0.37300002 25704.81798127  1730.44842847
0.37400002 25493.94520585  1720.84138291
0.37500002 25290.83380842  1711.68371324
0.37600002 25095.58661240  2412.56433327
0.37700002 24907.71324818  1553.49414888
0.37800002 24727.15963814  1546.31300122
0.37900002 24555.00313866  1539.59876973
0.38000002 24389.29811805  1951.38783487
0.38100002 24230.25932907  1804.91210293
0.38200002 24079.55021829  1936.71831581
0.38300002 23935.31365525  1378.67413186
0.38400002 23798.31984551  1511.78833981
0.38500002 23667.78840907  1507.40151519
0.38600002 23545.12790180  1640.15368734
0.38700002 23428.15094913  1363.51844984
0.38800002 23318.03776726  1768.78983863
0.38900002 23214.46857443  1901.26506632
0.39000002 23118.07214341  1491.46249499
0.39100002 23027.09634435  1489.39266211
0.39200002 22943.36355516  1758.26474935
0.39300002 22865.02678055  2972.91092285
0.39400002 22794.13611055  1485.60789139
0.39500002 22727.90152507  2025.05612183
0.39600002 22667.80569105  1484.85468214
0.39700002 22612.99065520  1484.99516668
0.39800002 22565.16988282  1485.57802962
0.39900002 22521.77579906  1621.56793436
0.40000002 22484.32671926  1622.91877949
0.40100002 22451.94887701  1353.85258143
0.40200002 22425.31242772  2168.97632077
0.40300002 22403.50995121  1900.71387432
0.40400002 22386.88081471  1632.00368872
0.40500002 22374.63879793  1498.87712409
0.40600002 22368.31569326  1775.26145911
0.40700002 22365.97215088  1368.79756049
0.40800002 22368.16607076  1509.51575881
0.40900002 22374.61751363  1651.24685074
0.41000002 22386.04777283  1656.11989270
0.41100002 22401.42752494  1661.28994397
0.41200002 22420.12378211  1527.81940752
0.41300002 22444.15776297  2230.05162099
0.41400002 22471.31960554  1678.60765407
0.41500002 22502.20347574  1965.79258879
0.41600002 22535.82700375  1550.57765046
0.41700002 22574.48078935  1698.50401507
0.41800002 22616.88079043  1847.91233254
0.41900002 22660.69169297  1855.91073760
0.42000002 22708.34278363  1577.43510621
0.42100002 22759.67029611  1728.82463761
0.42200002 22813.61881009  1737.02901851
0.42300002 22869.95256489  1599.98195726
0.42400002 22928.85936119  1900.22930960
0.42500002 22991.02296688  1616.03908092
0.42600002 23054.31188137  1771.95449517
0.42700002 23121.11693758  2375.00124437
0.42800002 23189.32228310  2238.34943944
0.42900002 23260.46743255  1650.33024254
0.43000002 23333.48555533  2413.61586022
0.43100002 23406.78730577  2123.46384500
0.43200002 23483.07697311  1830.27110602
0.43300002 23560.30884285  1993.90903186
0.43400002 23639.54454784  2159.47249678
0.43500002 23719.42207888  1706.37530522
0.43600002 23801.43475650  1560.18412222
0.43700002 23883.74879249  1726.07860703
0.43800002 23966.72942142  2525.13473150
0.43900002 24051.55116540  1587.40245214
0.44000002 24136.49309378  2235.28073134
0.44100002 24222.43392330  2408.92116783
0.44200002 24308.75186492  1938.37996557
0.44300002 24395.70337014  1624.75392145
0.44400002 24482.79606628  1634.22671487
0.44500002 24569.56654416  2136.81530361
0.44600002 24656.47238263  1983.85986192
0.44700002 24744.37069215  1829.10396825
0.44800002 24831.06712669  1839.60969526
0.44900002 24918.24290026  2354.77406567
0.45000002 25005.35947599  1860.77391359
0.45100002 25091.23267966  2211.54135320
0.45200002 25177.12404633  1881.86422603
0.45300002 25261.90008681  2580.50321617
0.45400002 25346.39868503  2075.87015069
0.45500002 25430.39019156  2957.04591162
0.45600002 25512.95855950  2273.58740978
0.45700002 25595.03812521  1934.21712279
0.45800002 25675.57606443  2651.64524373
0.45900002 25755.01148314  2310.22463953
0.46000002 25833.77355192  2143.68663094
0.46100002 25910.30461317  1975.14261427
0.46200002 25986.26582632  1804.74624717
0.46300002 26060.62006492  1995.20116673
0.46400002 26132.92528273  2551.88027481
0.46500002 26204.74447375  2381.22524319
0.46600002 26273.83916772  1840.48252093
0.46700002 26341.18436006  2034.06635269
0.46800002 26407.53920309  2600.87865938
0.46900002 26471.21093222  2426.08659693
0.47000002 26533.17354445  2811.85319965
0.47100002 26593.38869500  2447.65561150
0.47200002 26651.65852556  2647.30936682
0.47300002 26707.75359861  1898.92137086
0.47400002 26760.97559882  1906.71960179
0.47500002 26812.61374615  2297.30485466
0.47600002 26862.61908625  2498.62663274
0.47700002 26909.03449638  3858.75572968
0.47800002 26953.34639618  2517.57743946
0.47900002 26996.41269774  1943.74180637
0.48000002 27035.73305708  1950.62823253
0.48100002 27074.25225852  1957.46853107
0.48200002 27108.10794689  2553.17726800
0.48300002 27140.07149224  2364.44314048
0.48400002 27170.16564308  2371.95557307
0.48500002 27197.23178503  2577.48177844
0.48600002 27222.05752837  2187.42853638
0.48700002 27243.98315362  2991.38949206
0.48800002 27263.09771384  2599.67280573
0.48900002 27279.43136528  2406.04596047
0.49000002 27293.23223554  2211.16131437
0.49100002 27305.38187312  2821.19218886
0.49200002 27313.22894733  2221.79471404
0.49300002 27319.07520270  2024.34356848
0.49400002 27321.73301901  2434.36652739
0.49500002 27321.99544368  2236.03221310
0.49600002 27319.65962709  2444.01686609
0.49700002 27314.20359441  2856.51954731
0.49800002 27306.36095938  2043.88121469
0.49900002 27295.14689087  2865.99055940
0.50000002 27281.90231187  2255.25856152
