# SAXS profile: number of points = 501, q_min = 0, q_max = 0.5, delta_q = 0.001
#    q    intensity    error
0.00000000 1664650.74656091 274.66737318
0.00100000 1664569.48676895 549.30794368
0.00200000 1664325.64423685 1123.41984543
0.00300000 1663919.44444787 998.35170223
0.00400000 1663350.76400837 1372.26443245
0.00500000 1662620.08047672 1645.99394482
0.00600000 1661727.34449422 2268.25791758
0.00700000 1660673.07970574 2192.08855632
0.00800000 1659457.12172850 2688.32065070
0.00900000 1658080.66487586 2735.83321400
0.01000000 1656543.16054758 3826.61486610
0.01100000 1654845.78837433 2978.72254877
0.01200000 1652988.52704952 4190.32609979
0.01300000 1650972.52611557 5547.26793241
0.01400000 1648797.81284425 3709.79524336
0.01500000 1646465.74618356 5136.97335684
0.01600000 1643975.71697031 5030.56591881
0.01700000 1641330.10809906 6204.22808693
0.01800000 1638528.75277393 4669.80715554
0.01900000 1635572.30973979 4906.71715062
0.02000000 1632461.92429401 7199.15741180
0.02100000 1629199.72974609 5913.99528711
0.02200000 1625784.09440249 5608.95538052
0.02300000 1622218.41048518 7591.98250665
0.02400000 1618501.98209568 6069.38270961
0.02500000 1614637.61520407 6926.79568558
0.02600000 1610625.16132408 8479.94186223
0.02700000 1606466.63915741 8771.30825154
0.02800000 1602162.01157934 9757.16709798
0.02900000 1597713.85015068 10784.56898368
0.03000000 1593123.34915835 7408.02391410
0.03100000 1588390.82088601 7624.27629107
0.03200000 1583517.94970741 11757.62131811
0.03300000 1578508.24128533 11270.54936235
0.03400000 1573360.02457286 12390.21076520
0.03500000 1568076.43883989 10161.13579290
0.03600000 1562658.72815957 11274.58324471
0.03700000 1557108.64782047 9763.07167335
0.03800000 1551427.77133637 9075.85288234
0.03900000 1545617.99834403 9273.70841953
0.04000000 1539679.35266777 15150.44553231
0.04100000 1533615.70066776 11594.13523463
0.04200000 1527427.93766641 10837.10172051
0.04300000 1521116.96912919 12047.24695471
0.04400000 1514686.14957051 12268.95838132
0.04500000 1508137.00364206 11446.76038952
0.04600000 1501469.47427256 10585.36028570
0.04700000 1494687.58092567 18294.97684139
0.04800000 1487792.23291057 13122.32810483
0.04900000 1480786.64067305 15548.26045080
0.05000000 1473670.65196879 16910.37151879
0.05100000 1466448.79931159 16013.62163446
0.05200000 1459119.15357394 15079.99715493
0.05300000 1451688.26742769 12934.54306576
0.05400000 1444155.48151553 15488.56826155
0.05500000 1436523.75366934 15686.84012185
0.05600000 1428793.84952149 14659.42558016
0.05700000 1420971.19171027 12362.44994494
0.05800000 1413054.16553153 13756.08294375
0.05900000 1405045.91987721 12645.41386951
0.06000000 1396950.03548338 12782.09342184
0.06100000 1388767.83829232 14207.09564965
0.06200000 1380501.25122633 18264.03240745
0.06300000 1372153.80300084 17124.48026211
0.06400000 1363724.00616534 17285.20258652
0.06500000 1355217.93996337 13416.65823324
0.06600000 1346636.81848531 16240.44079080
0.06700000 1337981.78290196 15012.15630671
0.06800000 1329256.43076646 17885.14611315
0.06900000 1320462.86889905 15251.34684984
0.07000000 1311602.16426501 15365.42007390
0.07100000 1302677.39102722 15475.80813026
0.07200000 1293690.80951200 14165.91502778
0.07300000 1284645.11325860 15685.51756784
0.07400000 1275542.71883504 18654.81313720
0.07500000 1266384.92831203 15880.46774539
0.07600000 1257173.17561054 18876.45611673
0.07700000 1247912.51267424 20440.80791604
0.07800000 1238603.45527086 14677.45163328
0.07900000 1229247.83237926 20651.36455260
0.08000000 1219849.64602885 17785.40867343
0.08100000 1210410.04145041 19354.45747087
0.08200000 1200930.73662356 20932.22372160
0.08300000 1191415.13625057 15011.83142129
0.08400000 1181864.79807740 19589.40994763
0.08500000 1172282.09528662 15122.43973912
0.08600000 1162669.19595002 19724.68383540
0.08700000 1153029.52172397 15219.99040145
0.08800000 1143362.79975136 16790.28350288
0.08900000 1133674.14909644 22956.90259748
0.09000000 1123963.60429163 16876.31431121
0.09100000 1114233.78421914 18451.71233355
0.09200000 1104486.91490591 16948.35250558
0.09300000 1094727.31480237 20066.35262329
0.09400000 1084952.53026052 17006.63171110
0.09500000 1075167.75180764 21675.38289524
0.09600000 1065374.49336400 17051.31956784
0.09700000 1055576.86713301 20172.07487926
0.09800000 1045774.74810926 17082.73131356
0.09900000 1035971.14973452 23309.35196509
0.10000000 1026166.25352705 18655.70336645
0.10100000 1016363.11403971 21770.49892664
0.10200000 1006564.39625050 20216.84684962
0.10300000 996771.30509543 21769.48632734
0.10400000 986986.91830192 20208.55810295
0.10500000 977213.74214189 15537.69923109
0.10600001 967449.00463837 26396.84733362
0.10700001 957700.60738828 23272.12585467
0.10800001 947966.40761616 18599.10179273
0.10900001 938250.98833232 20125.48464695
0.11000001 928553.77692760 15460.42111356
0.11100001 918877.71899234 18524.57568690
0.11200001 909224.37518221 18493.62466183
0.11300001 899595.34200423 18459.69728702
0.11400001 889993.02759930 16887.61849384
0.11500001 880419.13660889 19915.08180785
0.11600001 870874.29036430 16812.22896720
0.11700001 861361.55761272 18295.32034531
0.11800001 851880.10962786 16726.66674034
0.11900001 842432.94426708 21229.31119547
0.12000001 833021.05571519 15119.33287343
0.12100001 823648.88196217 16580.05277495
0.12200001 814314.54264167 15024.10401954
0.12300001 805021.24315092 17968.07499368
0.12400001 795768.58151860 16412.72776715
0.12500001 786558.82829183 14865.96255521
0.12600001 777395.14434480 14809.37819764
0.12700001 768276.71637125 17701.09637938
0.12800001 759204.78113846 16159.67452813
0.12900001 750182.24768273 21942.83177893
0.13000001 741209.21453778 17477.71410261
0.13100001 732286.38913440 15949.19830715
0.13200001 723415.90159477 27421.08104259
0.13300001 714598.91302017 15799.78271172
0.13400001 705835.44075729 15722.48518411
0.13500001 697128.12822181 17065.69738349
0.13600001 688476.84874414 16977.83989055
0.13700001 679883.42703206 21110.38140477
0.13800001 671346.69012828 15397.33706416
0.13900001 662870.83041217 15312.31690462
0.14000001 654454.12467911 19378.38754564
0.14100001 646099.84506899 17890.50555373
0.14200001 637806.66407429 20521.43038449
0.14300001 629577.23486224 14958.75580590
0.14400001 621408.60333225 14867.20153601
0.14500001 613306.68246249 13431.41697952
0.14600001 605269.24708664 18684.66253900
0.14700001 597298.50419312 17238.03564424
0.14800001 589391.64002381 15807.48453121
0.14900001 581553.09061667 14393.43967186
0.15000001 573781.42076501 14295.76477288
0.15100001 566077.93020004 20650.52386809
0.15200001 558444.20828959 14097.92470351
0.15300001 550879.25912551 15270.37378355
0.15400001 543382.15955607 17687.09012822
0.15500001 535956.58123791 13795.52305212
0.15600001 528599.72672532 12448.52415189
0.15700001 521316.57077053 14826.24397247
0.15800001 514101.13245261 14713.57510526
0.15900001 506959.40166823 15817.13407863
0.16000001 499886.93393330 16901.17803406
0.16100001 492888.69289410 13174.91538297
0.16200001 485961.99207200 22575.36540740
0.16300001 479107.34174402 16500.45762861
0.16400001 472325.67712799 19873.10380336
0.16500001 465615.63887993 12753.21295102
0.16600001 458979.17661765 16096.40048394
0.16700001 452414.64628664 12540.93458718
0.16800001 445923.30359071 14695.40316370
0.16900001 439505.99082830 14569.62428391
0.17000001 433160.13440601 14443.72536380
0.17100001 426887.70157551 15419.18450902
0.17200001 420688.06720004 13100.22703124
0.17300001 414561.09806195 10820.04517039
0.17400001 408507.66244530 11795.65931017
0.17500001 402525.64668278 11689.34533173
0.17600001 396615.12409554 11583.14524627
0.17700001 390779.65855962 10433.81737634
0.17800001 385014.24271842 17573.97593894
0.17900001 379320.74970645 14338.32501615
0.18000001 373700.09262341 10145.95799397
0.18100001 368150.98281089 11055.57453604
0.18200001 362671.23346202 13937.45616032
0.18300001 357263.03043844 18734.87420121
0.18400001 351925.21075100 11719.11007163
0.18500001 346658.20394633 14507.64652053
0.18600001 341461.17922750 12451.38248878
0.18700001 336332.82101080 9484.58600060
0.18800001 331272.53785331 11269.89227023
0.18900001 326284.30346546 12088.83401456
0.19000001 321360.29825613 14731.15676809
0.19100001 316506.80762190 9115.39649021
0.19200001 311719.13321403 13536.40399943
0.19300001 307000.48651984 9827.08603786
0.19400001 302346.48032304 9727.99846408
0.19500001 297759.16762930 15757.41589556
0.19600001 293236.36691344 8665.13505177
0.19700001 288780.39776918 9434.45604097
0.19800001 284387.49522374 10186.76056033
0.19900001 280059.20858238 10922.30965090
0.20000001 275792.61903076 11641.20699946
0.20100001 271590.80876863 13989.64322086
0.20200001 267449.67271173 10586.99579467
0.20300001 263370.94377983 10476.89663875
0.20400001 259353.43780293 8772.63044833
0.20500001 255395.62149418 7891.72507719
0.20600001 251497.70963041 8589.90467845
0.20700001 247659.23957406 10045.05923194
0.20800001 243878.66193683 12232.95426101
0.20900001 240158.50967925 9834.49143625
0.21000001 236492.97734080 9730.50401267
0.21100001 232885.50576302 11108.63915004
0.21200001 229332.98856624 8059.90826419
0.21300001 225835.85098870 7974.26427540
0.21400001 222393.79681765 7172.20028645
0.21500001 219006.94164563 7095.82524479
0.21600001 215671.80484012 7020.11757945
0.21700001 212389.95579472 10417.72782428
0.21800001 209160.33658671 10306.37607260
0.21900001 205981.37713029 7477.12434336
0.22000001 202852.54285026 6724.56211344
0.22100001 199775.22025721 7317.76666403
0.22200001 196746.86396314 7239.30120183
0.22300001 193766.69242426 8463.72952530
0.22400001 190833.76066442 7728.76767237
0.22500001 187950.41276826 7645.82315296
0.22600001 185111.80196228 8824.28001683
0.22700001 182319.98821648 10600.08461617
0.22800001 179572.82628922 6168.32687474
0.22900001 176869.82157287 7932.61187268
0.23000001 174211.40861362 6640.06815333
0.23100001 171597.17628342 7165.89842049
0.23200001 169023.64139035 8861.06481896
0.23300001 166493.43132443 7012.70365905
0.23400001 164003.23225778 5781.11421051
0.23500001 161553.62999215 8578.49815831
0.23600001 159144.21451620 7354.85022173
0.23700001 156774.33915842 6716.21300721
0.23800001 154442.67477821 7197.80119849
0.23900001 152149.06478098 7120.57656855
0.24000001 149892.22660576 5960.46467291
0.24100001 147673.31402610 6968.70401852
0.24200001 145490.26959203 6894.05675072
0.24300001 143342.14328046 6820.21949990
0.24400001 141228.86638539 5709.17719369
0.24500001 139149.36694711 6674.99544821
0.24600001 137103.70793268 6095.63114304
0.24700001 135091.68646027 6030.49316886
0.24800001 133111.66110388 6463.23701065
0.24900001 131162.54063048 6886.03370886
0.25000001 129245.68061733 7785.76016872
0.25100001 127358.89034800 4814.16628291
0.25200001 125503.86305721 6668.02055969
0.25300001 123676.82066228 5654.50450820
0.25400001 121879.85779007 6526.66669344
0.25500001 120109.81972038 5995.88248412
0.25600001 118369.08465681 5475.75411530
0.25700001 116654.82536674 5417.45034635
0.25800001 114967.65656843 8932.98733802
0.25900001 113307.64521209 5302.79804683
0.26000001 111672.73183604 6120.78272154
0.26100001 110062.79927697 5623.10868112
0.26200001 108479.11550683 5991.30183293
0.26300001 106918.48665737 6350.95840796
0.26400001 105382.62126023 5026.75127197
0.26500001 103870.25780027 4558.86583057
0.26600001 102380.67185997 4920.41532242
0.26700001 100913.91327011 4056.73950542
0.26800001 99469.63975438  4816.32018482
0.26900001 98046.37478260  4765.05403992
0.27000001 96645.05056341  5107.20793871
0.27100001 95264.39662856  5830.18134957
0.27200001 93904.95239939  5768.11197410
0.27300001 92565.64004074  4565.33758286
0.27400001 91244.49467819  6022.13693376
0.27500001 89945.06538287  4468.47105969
0.27600001 88662.28566669  4052.30995818
0.27700001 87400.23097573  4737.96674543
0.27800001 86155.35390061  3605.60173138
0.27900001 84929.12009489  5350.53481921
0.28000001 83719.94944808  4940.31445075
0.28100001 82528.52726357  3490.95686847
0.28200001 81354.47951006  4834.89694612
0.28300001 80197.06644857  3416.39519241
0.28400001 79055.51750272  4393.51059316
0.28500001 77930.83875855  3343.23314098
0.28600001 76821.65673038  4630.04147029
0.28700001 75728.74670017  4580.07481721
0.28800001 74649.77962124  3236.06809975
0.28900001 73587.62075184  5121.69864676
0.29000001 72539.45944438  3482.98231009
0.29100001 71506.57124516  3758.38556255
0.29200001 70487.53235707  3717.51263248
0.29300001 69483.06110947  4902.72502396
0.29400001 68491.85111221  3636.91746622
0.29500001 67515.64441818  3897.00318029
0.29600001 66551.62758744  2964.87514937
0.29700001 65601.71155410  3225.63630981
0.29800001 64664.90397809  3190.24318878
0.29900001 63741.52464275  3728.87936812
0.30000001 62829.86235113  3120.44526139
0.30100001 61931.95505919  3647.17300609
0.30200001 61045.62023768  3884.33299961
0.30300001 60172.22067633  3292.62407129
0.30400001 59310.79152741  3798.85637717
0.30500001 58461.80068958  2951.73645656
0.30600001 57623.48245176  3449.62994029
0.30700001 56797.83179103  2624.05995298
0.30800001 55983.53283851  3113.80424390
0.30900001 55180.86034990  4105.45620440
0.31000001 54389.50712072  3298.45181550
0.31100001 53608.87939067  3512.45394397
0.31200001 52840.31461546  2728.93817752
0.31300001 52081.94658526  2943.67176037
0.31400001 51335.79448705  3395.86296610
0.31500001 50599.03762997  3597.59174583
0.31600002 49874.38163420  3557.29043849
0.31700002 49159.46828298  3517.36012219
0.31800002 48454.93866804  3245.99649507
0.31900002 47761.63104766  3438.83759826
0.32000002 47078.86251010  2720.21680463
0.32100002 46405.75570498  2465.53791735
0.32200002 45744.01594784  3102.81674866
0.32300002 45090.72061968  3067.97277623
0.32400002 44448.79711723  2600.25475448
0.32500002 43816.61251734  2785.42218962
0.32600002 43194.52327508  2966.16805375
0.32700002 42582.41017443  2514.06561575
0.32800002 41981.07684113  2693.29611228
0.32900002 41387.69355041  2663.29820609
0.33000002 40805.43080212  2228.58870879
0.33100002 40231.84231719  2404.25501073
0.33200002 39669.49428154  2377.78959984
0.33300002 39115.90061697  2351.64805646
0.33400002 38572.35143106  2132.08682632
0.33500002 38038.18189181  2683.97424139
0.33600002 37513.11838117  2085.91704637
0.33700002 36997.42050071  2063.34623904
0.33800002 36492.12466273  2783.43694047
0.33900002 35995.23485276  2202.90847731
0.34000002 35507.84109315  2361.09400531
0.34100002 35029.87393307  2336.14240323
0.34200002 34561.98746526  1956.03577323
0.34300002 34102.36310067  2287.58662513
0.34400002 33652.78007433  2089.83774159
0.34500002 33211.76753982  1896.05989865
0.34600002 32780.69988512  2047.48261179
0.34700002 32357.39465264  1689.05608086
0.34800002 31944.06897635  1839.49929912
0.34900002 31539.35460750  2152.56105391
0.35000002 31143.90074114  2131.64438719
0.35100002 30758.03789112  2111.23182084
0.35200002 30379.42345721  1769.44960307
0.35300002 30011.03288821  1752.94451403
0.35400002 29650.82184621  1894.68760571
0.35500002 29299.73784872  2190.44850532
0.35600002 28956.95491079  1860.77401070
0.35700002 28622.72353882  1537.04032684
0.35800002 28297.60390567  2133.35645950
0.35900002 27981.39134134  2266.49280600
0.36000002 27673.42947943  1648.36790502
0.36100002 27373.44051954  1783.65346874
0.36200002 27083.32014551  1622.15553695
0.36300002 26800.19917531  2048.60732200
0.36400002 26525.97267672  1597.52678013
0.36500002 26259.35581256  1585.80257264
0.36600002 26001.78666886  2003.95779349
0.36700002 25751.82705756  2274.40147346
0.36800002 25510.84548746  1835.63297400
0.36900002 25277.63862425  1402.90901010
0.37000002 25051.77713182  1951.78404880
0.37100002 24833.92224636  1940.02609778
0.37200002 24624.59261155  1515.52062407
0.37300002 24422.67350401  1781.14566302
0.37400002 24228.41776501  2044.27284576
0.37500002 24042.02631321  1898.35848762
0.37600002 23863.48189780  2024.21994787
0.37700002 23692.07986326  1477.67509107
0.37800002 23528.22738865  1471.33776945
0.37900002 23372.40275851  1465.44972238
0.38000002 23223.24076974  1858.09158201
0.38100002 23080.63035786  1454.77220037
0.38200002 22946.33945647  1450.09399065
0.38300002 22818.37797185  1314.33863344
0.38400002 22697.64380559  1441.86789106
0.38500002 22583.41146030  1569.09550260
0.38600002 22476.85694825  1435.25976843
0.38700002 22376.06987108  1562.74479383
0.38800002 22281.95026797  1690.19741765
0.38900002 22194.46598571  2077.40211468
0.39000002 22113.98899314  1426.68406748
0.39100002 22038.95256257  1425.47951928
0.39200002 21970.87055837  1813.25603309
0.39300002 21908.28152634  1424.25744950
0.39400002 21852.94880361  1424.26600575
0.39500002 21802.23184311  2072.08421254
0.39600002 21757.77884142  1425.24337053
0.39700002 21718.32607794  1426.24254111
0.39800002 21685.67223271  1687.25380801
0.39900002 21657.56150808  1559.34450246
0.40000002 21635.21215885  2472.58033872
0.40100002 21617.75707233  2216.03638248
0.40200002 21606.09159619  1828.52361842
0.40300002 21599.13384964  1570.68908796
0.40400002 21597.07871698  1312.02259422
0.40500002 21599.50674190  1446.95102520
0.40600002 21607.60607318  1846.80217858
0.40700002 21619.69549509  1852.37559779
0.40800002 21636.10835978  1592.85037292
0.40900002 21656.57952702  1864.63158563
0.41000002 21682.11222204  1470.37251001
0.41100002 21711.35998561  1610.11453282
0.41200002 21743.85740999  2424.65765467
0.41300002 21781.60173560  1758.42879143
0.41400002 21822.23934721  1494.27791010
0.41500002 21866.50913382  1500.91725806
0.41600002 21913.46134111  1507.75577902
0.41700002 21965.19855808  1514.93981633
0.41800002 22020.56792066  1522.39203533
0.41900002 22077.23242811  2225.38513420
0.42000002 22137.62779821  1677.58951404
0.42100002 22201.51000716  2108.03347507
0.42200002 22267.89165011  1412.89779215
0.42300002 22336.56034680  1420.60530537
0.42400002 22407.63857684  1571.33572966
0.42500002 22481.73421527  1723.89946132
0.42600002 22556.83686857  2022.67165785
0.42700002 22635.30194644  2034.46103535
0.42800002 22715.14539856  1754.06361080
0.42900002 22797.71991675  1617.49830474
0.43000002 22881.81305890  1775.17114123
0.43100002 22966.19909105  1488.20977162
0.43200002 23053.52063639  1946.52410717
0.43300002 23141.49100664  2410.41781748
0.43400002 23231.32656861  2122.18178261
0.43500002 23321.67319169  2135.33249862
0.43600002 23413.91832524  1534.78241895
0.43700002 23506.46062716  1544.37453639
0.43800002 23599.29739406  1864.81656845
0.43900002 23694.08617477  2345.71464246
0.44000002 23788.60745192  1730.97810327
0.44100002 23884.06651772  1900.21642220
0.44200002 23979.71424185  2390.17813033
0.44300002 24075.80832903  1763.79380177
0.44400002 24171.90115409  2097.51682205
0.44500002 24267.53290852  1623.49802852
0.44600002 24363.11520077  1960.25634195
0.44700002 24459.58857914  2465.52664562
0.44800002 24554.63629946  1984.50579977
0.44900002 24649.89597270  1663.86805701
0.45000002 24745.17970974  1841.41263537
0.45100002 24838.85024366  2357.70377687
0.45200002 24932.31135481  2371.81089159
0.45300002 25024.73555400  1874.60302919
0.45400002 25116.61694712  1885.63010667
0.45500002 25207.79632886  1724.21335061
0.45600002 25297.39899139  2427.79149627
0.45700002 25386.33237466  2267.25345183
0.45800002 25473.69999803  2104.63719358
0.45900002 25559.68692997  2116.34217810
0.46000002 25644.86493305  2482.67949183
0.46100002 25727.73307390  2139.51838383
0.46200002 25809.78360286  2150.98746741
0.46300002 25890.04108184  2162.33633364
0.46400002 25968.12474820  2173.53214444
0.46500002 26045.69692016  2002.65373111
0.46600002 26120.22850586  2195.66651227
0.46700002 26192.92851344  2574.24113631
0.46800002 26264.51330028  2032.47945807
0.46900002 26333.25132983  2042.14373742
0.47000002 26400.16384806  2238.20599712
0.47100002 26465.05905026  2248.47152348
0.47200002 26527.97253534  2446.80766277
0.47300002 26588.50493346  2646.61990652
0.47400002 26646.12270128  2468.09723219
0.47500002 26701.93980638  2287.82231105
0.47600002 26756.00254114  2488.70969432
0.47700002 26806.42931441  2498.62739483
0.47800002 26854.53550175  1929.49846726
0.47900002 26901.15903253  2517.94860479
0.48000002 26944.12809696  2138.42082777
0.48100002 26986.01420721  2341.30670359
0.48200002 27023.10972494  2545.17171008
0.48300002 27058.38593406  2357.32669431
0.48400002 27091.43887458  2562.17295301
0.48500002 27121.37879843  2570.29319056
0.48600002 27149.04130139  3371.50385382
0.48700002 27173.72310412  2585.85161316
0.48800002 27195.34095264  2393.73402412
0.48900002 27214.20355210  2800.34167825
0.49000002 27230.41550212  2206.07221647
0.49100002 27244.68916889  2211.72397157
0.49200002 27254.71092744  2217.03456548
0.49300002 27262.59248630  2828.22147859
0.49400002 27267.20549872  2227.04911467
0.49500002 27269.30527322  2434.60369020
0.49600002 27268.78928447  2439.46600502
0.49700002 27265.00315298  3462.38291452
0.49800002 27258.71371473  2448.37778192
0.49900002 27249.04198259  2861.14954380
0.50000002 27237.18102649  3070.31137675
