# SAXS profile: number of points = 501, q_min = 0, q_max = 0.5, delta_q = 0.001
#    q    intensity    error
0.00000000 1700912.83420644 408.21908021
0.00100000 1700830.38919200 561.27404176
0.00200000 1700582.99504500 1224.41979520
0.00300000 1700170.88603165 1326.13333835
0.00400000 1699593.90193372 1657.10411735
0.00500000 1698852.59886213 1681.86413944
0.00600000 1697946.83070404 1961.12866930
0.00700000 1696877.19396977 2036.25271739
0.00800000 1695643.51015974 2518.03071890
0.00900000 1694247.00681923 2795.50768075
0.01000000 1692687.02723262 3351.52045864
0.01100000 1690964.93235311 4565.60551614
0.01200000 1689080.54931084 4281.81938023
0.01300000 1687035.13022848 5314.16089460
0.01400000 1684828.65910494 5307.21051145
0.01500000 1682462.49334767 5249.28321299
0.01600000 1679936.09348645 5568.98839886
0.01700000 1677251.76761652 4528.57997571
0.01800000 1674409.38966550 7158.10046292
0.01900000 1671409.71873572 5515.65232071
0.02000000 1668253.74245609 6305.99943174
0.02100000 1664943.69185879 6593.17731869
0.02200000 1661478.00298687 6878.51924487
0.02300000 1657859.94932374 7758.78491600
0.02400000 1654089.05519491 8683.96793574
0.02500000 1650167.82628368 8366.35126135
0.02600000 1646096.24597280 8666.69713145
0.02700000 1641876.60230938 9654.23486375
0.02800000 1637508.51346427 11397.05977638
0.02900000 1632994.75251864 9553.01974085
0.03000000 1628336.52472646 12114.82430083
0.03100000 1623534.14338885 8572.26067153
0.03200000 1618589.37268866 12018.02664574
0.03300000 1613505.56146433 8228.87874282
0.03400000 1608280.90503379 10976.51768332
0.03500000 1602919.01197245 11252.49198367
0.03600000 1597420.82967730 11525.39181875
0.03700000 1591788.40591769 10887.83320001
0.03800000 1586022.89479741 11133.88123675
0.03900000 1580126.78728807 16117.29397673
0.04000000 1574099.54022943 11616.85514521
0.04100000 1567945.44517933 10865.86243891
0.04200000 1561665.19819240 12087.28919477
0.04300000 1555259.84591720 15397.07318928
0.04400000 1548732.66906904 13590.12980223
0.04500000 1542085.20218915 10640.38838951
0.04600000 1535317.51018243 17318.38231994
0.04700000 1528433.70223702 12105.19548470
0.04800000 1521434.22021012 12300.79624273
0.04900000 1514323.16109883 15900.39393166
0.05000000 1507099.70583085 18446.90125837
0.05100000 1499768.54413426 12868.01470812
0.05200000 1492328.02089976 15423.21081474
0.05300000 1484784.20671389 14432.10316205
0.05400000 1477136.93122350 13405.01827598
0.05500000 1469388.96556296 13577.15467517
0.05600000 1461541.33521407 17494.65059889
0.05700000 1453599.08457918 13910.94388877
0.05800000 1445561.01185243 14072.53710746
0.05900000 1437430.09629750 20698.99435345
0.06000000 1429209.79429986 15692.72427456
0.06100000 1420901.58342028 17178.70094634
0.06200000 1412507.87520343 14683.02004908
0.06300000 1404031.27585387 17522.31114192
0.06400000 1395471.08914246 16327.01250653
0.06500000 1386833.45081252 16475.58216634
0.06600000 1378118.86625220 20775.14288079
0.06700000 1369329.56588560 15363.87844825
0.06800000 1360467.95440679 18305.09718339
0.06900000 1351537.16731736 15610.25501337
0.07000000 1342537.70393213 15727.82993808
0.07100000 1333472.91066190 14401.50810968
0.07200000 1324345.02573438 14501.57871114
0.07300000 1315156.87106273 20437.53873393
0.07400000 1305910.76783073 16160.64650926
0.07500000 1296608.22569857 19215.73480554
0.07600000 1287250.13026239 14867.73970154
0.07700000 1277842.50174482 16445.83376858
0.07800000 1268384.97118522 18036.43513609
0.07900000 1258879.95737547 21149.18427588
0.08000000 1249331.24388648 19733.18792289
0.08100000 1239740.40972096 19823.45008152
0.08200000 1230108.57410048 22972.27869930
0.08300000 1220439.42745677 19990.79875995
0.08400000 1210734.86678292 20067.93135889
0.08500000 1200996.77859195 15492.85917115
0.08600000 1191227.60777595 20209.17731477
0.08700000 1181431.07438629 20273.35818846
0.08800000 1171606.55484081 21897.32753836
0.08900000 1161759.30814338 17252.12653626
0.09000000 1151889.18488747 17295.61692356
0.09100000 1141999.18777575 17335.54848488
0.09200000 1132091.42230289 17371.94369149
0.09300000 1122170.40571277 17404.86381050
0.09400000 1112233.28519479 23773.98758836
0.09500000 1102285.72931267 19047.49829781
0.09600000 1092328.95590179 17482.72576103
0.09700000 1082367.62351386 15910.80481366
0.09800000 1072400.77380081 25480.24358353
0.09900000 1062431.87048954 17530.12668739
0.10000000 1052461.62719428 20728.23272238
0.10100000 1042492.18561907 19140.15742816
0.10200000 1032526.95281418 17547.79638846
0.10300000 1022566.88641000 17547.24859623
0.10400000 1012615.33011285 19138.43063950
0.10500000 1002674.49893526 25508.04045305
0.10600001 992741.66396639 20713.55579331
0.10700001 982824.98770111 20698.29521500
0.10800001 972922.31173429 20679.46470912
0.10900001 963037.99725129 20657.16601328
0.11000001 953171.83124479 23805.46760585
0.11100001 943326.75269494 17432.67921042
0.11200001 933503.96924310 17405.18232592
0.11300001 923705.37227692 17374.89887055
0.11400001 913933.40642810 25224.56320510
0.11500001 904189.77868213 20452.77375687
0.11600001 894475.03275620 31396.07512823
0.11700001 884792.93335631 21925.16992113
0.11800001 875141.49923759 21869.78709598
0.11900001 865524.32609894 17137.38246396
0.12000001 855942.72092073 20195.96945145
0.12100001 846400.92686229 18586.96522949
0.12200001 836896.61738487 16984.81765000
0.12300001 827434.34070485 18468.33535466
0.12400001 818012.08950181 16871.50014092
0.12500001 808633.14400273 16811.48385598
0.12600001 799300.30484453 16749.33867730
0.12700001 790012.95704248 15168.24949004
0.12800001 780772.71333003 19640.33852945
0.12900001 771581.56622189 16550.42537552
0.13000001 762440.49246059 22472.93457453
0.13100001 753349.57563789 17899.58676090
0.13200001 744312.07876342 17818.83200558
0.13300001 735327.86391313 17736.10891372
0.13400001 726397.48964126 16180.50484460
0.13500001 717523.88142333 24883.72938098
0.13600001 708706.70082418 21845.88508296
0.13700001 699947.77624100 18835.59554681
0.13800001 691245.57913421 15853.71810504
0.13900001 682605.43557522 15768.18630539
0.14000001 674024.56317303 18532.30623844
0.14100001 665506.62244758 17010.35007202
0.14200001 657050.29001699 19731.22113984
0.14300001 648658.57224880 15412.12840358
0.14400001 640327.53223094 13927.12448296
0.14500001 632064.55646389 16610.65732743
0.14600001 623865.95806583 16507.49402915
0.14700001 615735.23333494 20503.98423736
0.14800001 607669.07788480 16297.68543777
0.14900001 599671.39431102 17540.38911117
0.15000001 591741.43157387 16083.53286905
0.15100001 583880.62376760 26624.95770010
0.15200001 576089.85884125 15865.51546113
0.15300001 568369.13778994 15755.19324301
0.15400001 560716.35864945 19554.98393072
0.15500001 553136.28104088 15532.06750463
0.15600001 545625.50245395 14134.42930814
0.15700001 538189.20287134 16581.61012307
0.15800001 530821.38005933 15192.10861435
0.15900001 523528.14752674 15077.61136044
0.16000001 516305.08309335 13715.64517979
0.16100001 509156.81715295 17321.51573719
0.16200001 502081.09668634 13503.47173282
0.16300001 495078.20384094 18268.38658414
0.16400001 488149.31622449 15706.20499101
0.16500001 481292.96725404 13182.61499546
0.16600001 474511.28345428 11886.50821173
0.16700001 467801.86069955 11788.60744622
0.16800001 461166.59444569 11690.57372119
0.16900001 454606.65187932 12751.71718733
0.17000001 448119.07094640 11494.25471253
0.17100001 441705.86793574 13675.21431705
0.17200001 435365.94657731 14687.07090135
0.17300001 429100.29884144 14559.37382725
0.17400001 422908.70703486 12211.48949233
0.17500001 416789.71143803 12103.57379178
0.17600001 410742.96863100 10905.22633220
0.17700001 404772.47201082 11888.16806444
0.17800001 398873.11014111 12851.69221576
0.17900001 393046.11843998 10612.24569913
0.18000001 387293.64529865 13669.52985650
0.18100001 381613.84886937 11459.86442287
0.18200001 376003.60044157 14449.81904755
0.18300001 370466.62098368 12269.85506660
0.18400001 365000.78256252 13167.40385298
0.18500001 359606.94076392 12039.64094555
0.18600001 354284.02866535 10931.43422091
0.18700001 349030.74070006 9842.66735276
0.18800001 343846.50352909 10722.85371917
0.18900001 338735.46241608 13515.54558898
0.19000001 333689.84636451 9560.21455005
0.19100001 328715.86873975 10413.71921372
0.19200001 323808.55440898 11249.10971170
0.19300001 318971.42813845 16707.72419538
0.19400001 314200.02167300 11947.45638868
0.19500001 309496.44414505 10009.11547663
0.19600001 304858.18189573 14413.69552117
0.19700001 300288.07817640 9810.41197764
0.19800001 295782.17959413 13243.64771721
0.19900001 291341.68586124 8740.25098890
0.20000001 286964.11521164 8651.96848253
0.20100001 282652.37357139 10277.24078878
0.20200001 278402.33366935 9325.08660699
0.20300001 274215.78448435 10908.30442236
0.20400001 270091.47518376 9135.84457990
0.20500001 266027.98152409 9042.29151940
0.20600001 262025.48471369 8949.48085342
0.20700001 258083.35172942 11273.08133641
0.20800001 254200.48193588 10359.94113101
0.20900001 250378.90896751 9464.32320636
0.21000001 246612.83569463 7805.29661871
0.21100001 242906.11326297 8496.85624361
0.21200001 239255.21226223 9173.04527178
0.21300001 235660.86405704 9077.65691263
0.21400001 232122.74036473 8983.15047681
0.21500001 228640.59097429 11111.93324670
0.21600001 225211.35993039 8063.69312355
0.21700001 221836.59219707 7254.05690781
0.21800001 218515.01766929 7896.04053681
0.21900001 215244.54890072 7813.37749452
0.22000001 212025.78072189 8434.38595592
0.22100001 208859.40160428 9041.52392296
0.22200001 205743.12131590 7570.31850678
0.22300001 202675.98042742 8171.89591724
0.22400001 199656.80845685 8086.10112486
0.22500001 196688.55903636 10668.38794661
0.22600001 193765.68928028 8577.03864158
0.22700001 190890.85118332 7181.31416111
0.22800001 188061.34073624 10981.84251162
0.22900001 185277.43429301 9588.10767809
0.23000001 182538.57493769 8222.45049692
0.23100001 179845.17855769 9387.91876469
0.23200001 177193.42770536 9908.65694590
0.23300001 174585.72519131 7353.55109284
0.23400001 172018.81216941 8489.12878206
0.23500001 169493.77772740 7200.09601840
0.23600001 167009.87583465 8905.80205010
0.23700001 164565.97991658 7637.50748917
0.23800001 162161.26279663 6976.17785548
0.23900001 159795.67354225 6327.90897158
0.24000001 157467.84696351 5692.46293699
0.24100001 155178.64502383 9576.07463738
0.24200001 152926.18032950 6131.57549035
0.24300001 150709.49098073 7170.75792006
0.24400001 148528.35817789 6550.10090549
0.24500001 146381.82945664 6481.78771496
0.24600001 144270.01622949 7483.28609582
0.24700001 142192.94357226 6347.49330134
0.24800001 140148.47944345 5758.00055033
0.24900001 138135.36905041 5698.08424289
0.25000001 136155.70463032 7176.76753058
0.25100001 134206.67447967 6087.61504240
0.25200001 132290.48897252 6024.50915283
0.25300001 130402.73034686 5962.01311352
0.25400001 128545.84779417 4916.87891075
0.25500001 126716.41158140 7298.86565241
0.25600001 124917.41243893 4815.56647736
0.25700001 123145.60325788 6195.45559303
0.25800001 121401.14624007 6603.00865641
0.25900001 119685.02937170 6534.80291289
0.26000001 117994.34913588 5081.42688597
0.26100001 116329.71983618 6400.46148823
0.26200001 114691.39578852 4977.03335574
0.26300001 113077.21839022 4477.85806013
0.26400001 111488.38332240 5317.99613612
0.26500001 109923.62989138 6140.33425629
0.26600001 108382.25757542 4774.78058343
0.26700001 106864.32508883 4725.54067904
0.26800001 105369.64780835 4251.66549026
0.26900001 103896.29884245 7153.26051381
0.27000001 102445.59186812 4164.41350651
0.27100001 101016.22647331 4533.60845867
0.27200001 99608.56834607  4486.86817348
0.27300001 98221.62028735  4844.29054182
0.27400001 96853.26164413  5193.75640146
0.27500001 95507.26534375  4744.80116683
0.27600001 94178.65291624  5087.06017802
0.27700001 92871.04160528  3872.72261822
0.27800001 91581.11284143  4982.47067994
0.27900001 90310.21343406  4551.63497250
0.28000001 89056.97377926  4879.87710919
0.28100001 87821.80711987  3714.86261699
0.28200001 86604.68969057  5146.91695191
0.28300001 85404.67386415  4365.88713457
0.28400001 84220.73786909  3960.48038575
0.28500001 83054.35971572  3919.33542049
0.28600001 81903.81817959  3878.55549347
0.28700001 80770.00484519  3838.19081191
0.28800001 79650.41146683  4143.41460062
0.28900001 78548.34855047  4441.90932078
0.29000001 77460.31468612  5747.94292336
0.29100001 76387.90881322  3680.36962083
0.29200001 75330.03891821  4303.98197732
0.29300001 74286.97503212  4586.47805559
0.29400001 73257.44913290  4214.13496085
0.29500001 72243.22827381  4490.63928207
0.29600001 71241.68829611  4125.96257298
0.29700001 70254.32271546  3768.44204885
0.29800001 69280.72254013  3107.24055302
0.29900001 68320.74621924  4304.20721557
0.30000001 67372.67333507  3650.25161410
0.30100001 66438.81601037  6621.29271705
0.30200001 65516.56881982  2977.72819383
0.30300001 64607.78505067  3240.72665156
0.30400001 63711.22625738  4080.70423497
0.30500001 62827.29353015  4325.65936434
0.30600001 61954.24867330  3423.59194377
0.30700001 61094.13633979  3104.80415578
0.30800001 60245.61469331  5026.29187183
0.30900001 59409.08579930  3591.27940659
0.31000001 58584.24516211  4919.31929917
0.31100001 57770.00831383  3514.72747222
0.31200001 56968.08841637  3209.58225334
0.31300001 56176.49123887  3439.68672141
0.31400001 55397.59292882  3402.79730676
0.31500001 54627.97506488  3366.17598288
0.31600002 53870.86859346  3073.87190748
0.31700002 53123.72628610  2787.40205021
0.31800002 52387.05432230  3509.40893522
0.31900002 51661.70296362  2727.73804563
0.32000002 50947.24520609  2698.42097011
0.32100002 50242.47781695  3640.06769020
0.32200002 49549.17464833  2640.72338792
0.32300002 48864.70183674  2849.78954606
0.32400002 48191.85975096  3054.15925634
0.32500002 47528.32577311  2556.54876439
0.32600002 46875.20593259  2529.15185585
0.32700002 46232.49026514  2957.03021738
0.32800002 45600.44537221  2250.38208568
0.32900002 44976.58925912  2894.24365588
0.33000002 44363.77996453  2863.46031341
0.33100002 43759.80945194  3704.70564364
0.33200002 43167.17187129  2371.82037079
0.33300002 42583.42853467  3200.14480592
0.33400002 42009.83314181  2110.99421534
0.33500002 41445.75237312  2297.75262038
0.33600002 40890.85827793  2273.73628222
0.33700002 40345.39799822  2863.71648553
0.33800002 39810.29678304  3036.53053093
0.33900002 39283.93537573  2203.82887895
0.34000002 38766.96398914  2181.22333215
0.34100002 38259.73666012  1962.72458362
0.34200002 37762.29234288  2720.01804627
0.34300002 37273.29864112  2115.63253107
0.34400002 36794.40401468  2284.93259753
0.34500002 36324.25974620  1885.22917011
0.34600002 35864.22083599  2053.40606122
0.34700002 35411.66745835  2218.18695465
0.34800002 34969.45781501  2379.84656431
0.34900002 34535.67531696  1813.12304001
0.35000002 34111.39645656  1795.96510850
0.35100002 33696.64085779  2490.85581018
0.35200002 33289.13737010  1938.92589795
0.35300002 32892.02874157  2270.53685157
0.35400002 32502.89926538  2250.01330821
0.35500002 32123.07818060  1886.90970170
0.35600002 31751.75090755  2550.45951245
0.35700002 31388.90082029  2191.25927005
0.35800002 31035.29274529  1838.37565284
0.35900002 30690.51290346  2154.47410787
0.36000002 30354.12483408  1808.04353138
0.36100002 30025.64372721  2282.54954426
0.36200002 29707.27177631  2426.34153726
0.36300002 29395.68249290  2086.50564218
0.36400002 29093.11640135  2070.70265795
0.36500002 28798.28918258  2055.33399632
0.36600002 28512.45292497  1726.57166866
0.36700002 28234.30319604  1870.24033230
0.36800002 27965.13629841  2167.01851441
0.36900002 27703.76856281  1537.55922807
0.37000002 27449.76240000  1985.85315490
0.37100002 27203.76700957  1669.76729814
0.37200002 26966.49412747  1810.53050148
0.37300002 26736.57491790  1949.89850113
0.37400002 26514.41023255  1640.57921085
0.37500002 26300.04892797  1928.31967875
0.37600002 26093.61461518  1770.71277167
0.37700002 25894.53871096  1615.04245591
0.37800002 25702.70847534  1753.43885525
0.37900002 25519.26235415  2181.89703464
0.38000002 25342.34155697  1737.97786631
0.38100002 25172.07914297  1586.59622354
0.38200002 25010.19916471  1436.83601008
0.38300002 24854.78297806  1574.79912409
0.38400002 24706.69020324  1426.81142683
0.38500002 24564.90088068  1564.53861121
0.38600002 24430.96849781  1560.03956733
0.38700002 24302.93591590  1555.87403105
0.38800002 24181.46471982  1693.18623990
0.38900002 24066.74674419  1689.48570148
0.39000002 23959.10957149  2107.80276441
0.39100002 23856.91479520  1683.34398770
0.39200002 23762.05483463  1961.08247841
0.39300002 23672.39120844  1538.94222537
0.39400002 23590.22399689  1956.80917325
0.39500002 23512.66367378  1675.98274607
0.39600002 23441.39350898  1535.52855456
0.39700002 23375.33154152  1953.71030280
0.39800002 23316.27303815  1535.02690819
0.39900002 23261.53967141  1674.83093569
0.40000002 23212.78694076  1535.87412070
0.40100002 23168.96381325  1816.21515937
0.40200002 23130.97905478  1817.74807514
0.40300002 23097.89168845  2239.57168422
0.40400002 23069.91425173  1821.94656435
0.40500002 23046.40626168  1543.87882862
0.40600002 23028.55463791  1546.48265998
0.40700002 23014.89805178  1831.06537576
0.40800002 23005.55670858  1552.53006804
0.40900002 23000.62061430  1555.99205828
0.41000002 23000.70871529  1701.59251138
0.41100002 23004.68729025  1848.19666447
0.41200002 23011.80250021  1568.13935568
0.41300002 23024.45069038  2144.72768343
0.41400002 23040.10322814  1864.52044208
0.41500002 23059.48081966  2014.47633986
0.41600002 23081.63163008  1732.50735225
0.41700002 23108.76778548  1593.81178969
0.41800002 23139.71655637  1599.76437993
0.41900002 23171.93280301  2335.73093722
0.42000002 23208.00936295  2931.17172143
0.42100002 23248.05886229  2060.24307400
0.42200002 23290.25476910  2068.87342917
0.42300002 23335.13225401  1780.93737802
0.42400002 23382.53986622  1639.70068582
0.42500002 23433.09475061  1647.11230807
0.42600002 23484.89964371  2557.15341888
0.42700002 23539.99819013  1964.64834205
0.42800002 23596.72024173  1973.98372536
0.42900002 23656.45038097  1678.42523407
0.43000002 23717.88692932  2146.70604770
0.43100002 23779.63810158  2157.28887080
0.43200002 23844.40211779  2168.17158732
0.43300002 23910.15655106  1867.86151828
0.43400002 23977.86229326  2033.92226541
0.43500002 24046.40065445  2358.95201599
0.43600002 24116.78947917  1897.02675033
0.43700002 24187.70913476  2383.69884819
0.43800002 24259.20270312  1916.96228844
0.43900002 24332.67714972  1766.55244479
0.44000002 24406.14144847  2098.80623332
0.44100002 24480.70466349  2109.99203494
0.44200002 24555.68070927  2447.58759069
0.44300002 24631.24525805  1968.52921431
0.44400002 24707.01377171  1979.03189690
0.44500002 24782.59151191  1989.54654086
0.44600002 24858.17461020  2000.08882392
0.44700002 24934.94017517  1843.19086510
0.44800002 25010.31946444  2021.33411491
0.44900002 25086.40187856  1693.33220705
0.45000002 25162.54336550  2042.69536722
0.45100002 25237.28849406  2053.30588919
0.45200002 25312.14532452  2063.95242758
0.45300002 25385.90018827  2420.29183865
0.45400002 25459.47070280  1911.36985360
0.45500002 25532.58089932  1746.42861628
0.45600002 25604.29935426  2632.76220588
0.45700002 25675.56827012  2116.69394851
0.45800002 25745.41348547  1949.82898273
0.45900002 25814.14915236  2315.52928871
0.46000002 25882.24629003  2326.68464051
0.46100002 25948.27965456  1798.21586529
0.46200002 26013.63530314  1806.64705743
0.46300002 26077.65174786  2178.00557721
0.46400002 26139.56265258  2917.17533029
0.46500002 26201.09677997  2014.60242689
0.46600002 26259.92850833  2023.45888711
0.46700002 26317.13269759  2032.20908323
0.46800002 26373.45974279  2040.91027893
0.46900002 26427.03248596  2049.41646642
0.47000002 26479.13482678  2431.97625343
0.47100002 26529.48895944  1878.28790735
0.47200002 26577.94799614  2451.41714961
0.47300002 26624.42294330  2271.59587319
0.47400002 26668.08603417  2660.14170799
0.47500002 26710.09801227  1907.10108847
0.47600002 26750.64567213  2296.81054627
0.47700002 26787.87081905  2304.82851452
0.47800002 26822.90526898  1927.22583492
0.47900002 26856.83678807  2320.43080847
0.48000002 26887.12184376  2521.87771287
0.48100002 26916.79187988  2335.30097419
0.48200002 26941.64471143  3123.07560298
0.48300002 26964.96677718  3132.25068930
0.48400002 26986.40061843  2355.91288566
0.48500002 27004.97891141  2362.39566715
0.48600002 27021.49421276  2368.70429497
0.48700002 27035.06842069  2176.86381242
0.48800002 27045.90696905  2578.96258128
0.48900002 27054.24255152  2187.33561397
0.49000002 27060.01622421  2790.15840513
0.49100002 27064.35101351  2396.81903937
0.49200002 27064.56434370  2601.85201651
0.49300002 27062.82399072  2606.96195860
0.49400002 27058.00558817  3415.39691726
0.49500002 27050.93520441  2616.36657699
0.49600002 27041.38743757  2217.52908193
0.49700002 27028.77118131  2624.76409384
0.49800002 27013.98046666  2021.99653378
0.49900002 26995.95699378  3239.51499281
0.50000002 26976.02029167  2635.42242732
