# SAXS profile: number of points = 501, q_min = 0, q_max = 0.5, delta_q = 0.001
#    q    intensity    error
0.00000000 1682732.95097188 277.65093691
0.00100000 1682650.94428034 706.71341338
0.00200000 1682404.85615696 832.79043017
0.00300000 1681994.92281738 1513.79548446
0.00400000 1681421.00827747 1765.49212578
0.00500000 1680683.60403762 1815.13836421
0.00600000 1679782.64153915 2292.90339905
0.00700000 1678718.68144049 2618.80125189
0.00800000 1677491.52393804 4076.30457527
0.00900000 1676102.42191052 3771.23061051
0.01000000 1674550.74221757 3315.61061276
0.01100000 1672837.75268554 3011.10808594
0.01200000 1670963.41457630 3584.21668141
0.01300000 1668928.85910232 3855.22583456
0.01400000 1666734.14052411 4500.18237891
0.01500000 1664380.54032381 5192.86751704
0.01600000 1661867.61139260 6356.64389774
0.01700000 1659197.59292827 5375.80044224
0.01800000 1656370.36209453 5664.78689326
0.01900000 1653386.72524733 5952.19247947
0.02000000 1650247.61726098 5718.10825247
0.02100000 1646955.26480971 6521.94314434
0.02200000 1643508.17308185 7371.13449116
0.02300000 1639909.50909148 7084.40940175
0.02400000 1636158.87563581 9816.95370144
0.02500000 1632258.70037800 7638.97106665
0.02600000 1628209.12152238 9231.94614129
0.02700000 1624012.22694800 7502.93683214
0.02800000 1619667.72458135 8454.66591004
0.02900000 1615178.32564257 8721.96335893
0.03000000 1610545.37694309 10484.65088583
0.03100000 1605769.19620820 10790.76949504
0.03200000 1600851.19929392 11093.89932207
0.03300000 1595795.00408690 8952.41038564
0.03400000 1590598.98856007 13361.03212039
0.03500000 1585266.34751213 10272.52640624
0.03600000 1579798.36101754 10521.45757061
0.03700000 1574196.82296931 8972.92230590
0.03800000 1568462.95862277 10093.05960584
0.03900000 1562599.36028232 12188.27557464
0.04000000 1556605.42974824 9573.12383656
0.04100000 1550485.44459410 9768.05875385
0.04200000 1544240.05336741 14940.52320946
0.04300000 1537870.18190443 11164.93803888
0.04400000 1531379.38724635 15505.21701596
0.04500000 1524769.13970491 11572.99830810
0.04600000 1518039.35881091 10702.17797713
0.04700000 1511194.21998775 13056.71866793
0.04800000 1504234.20276240 13267.34628567
0.04900000 1497163.23711315 14597.34224132
0.05000000 1489980.69219876 14817.85867393
0.05100000 1482691.18904960 12721.49099466
0.05200000 1475292.96674471 12901.43759541
0.05300000 1467792.17748776 11889.11719190
0.05400000 1460188.74827327 12046.55773503
0.05500000 1452485.31478782 14641.05265606
0.05600000 1444682.78807579 16057.64993878
0.05700000 1436786.47112576 12500.04288228
0.05800000 1428794.95685453 17702.77034201
0.05900000 1420711.42300631 16622.32442553
0.06000000 1412539.11167008 16802.15351829
0.06100000 1404279.50068027 15671.75995995
0.06200000 1395935.00067435 17149.06228489
0.06300000 1387508.47778075 14652.09021043
0.06400000 1378998.74122997 14789.76219136
0.06500000 1370412.41178567 14923.79186245
0.06600000 1361749.90897306 17791.26339316
0.06700000 1353012.95573103 17940.95263261
0.06800000 1344204.69069615 25042.53455989
0.06900000 1335327.50923858 21031.40925518
0.07000000 1326382.69334308 14125.97634560
0.07100000 1317372.80243455 17073.15231922
0.07200000 1308300.59505295 15758.48140565
0.07300000 1299168.78335007 14420.77417088
0.07400000 1289979.38796264 17414.72255362
0.07500000 1280734.14891922 14600.36998203
0.07600000 1271434.28971472 19090.58675504
0.07700000 1262085.04085042 14766.39567032
0.07800000 1252686.60320183 16328.77063849
0.07900000 1243241.34552047 14918.89684600
0.08000000 1233752.92324759 16489.10859273
0.08100000 1224222.67780844 16563.73360789
0.08200000 1214652.08940824 22683.62883413
0.08300000 1205044.97310865 19738.63758589
0.08400000 1195402.47515260 21337.93518305
0.08500000 1185727.32422717 18355.05984072
0.08600000 1176021.46272764 21485.91313283
0.08700000 1166288.63761715 16934.51181341
0.08800000 1156528.37444277 20071.55088109
0.08900000 1146745.98522711 17029.17868048
0.09000000 1136941.01417554 20175.01924428
0.09100000 1127116.80534475 15554.21264451
0.09200000 1117275.26876483 17144.58980476
0.09300000 1107420.86351294 17176.09840023
0.09400000 1097550.64471149 20332.12664884
0.09500000 1087670.61940967 18794.94918681
0.09600000 1077781.74707664 17249.89767284
0.09700000 1067888.51573270 20407.35049506
0.09800000 1057990.43300337 17282.27453568
0.09900000 1048090.64975207 15721.36048554
0.10000000 1038189.80972936 17301.43399278
0.10100000 1028290.32500811 17306.12698382
0.10200000 1018395.50737947 25174.73812655
0.10300000 1008506.07506008 17305.96506212
0.10400000 998625.28591448 23592.52348964
0.10500000 988755.76991986 18865.46097768
0.10600001 978894.71283599 20424.63914437
0.10700001 969050.11900421 18838.33519993
0.10800001 959219.73692981 21956.54081164
0.10900001 949408.08390218 20364.80435818
0.11000001 939614.85408649 15644.58805692
0.11100001 929842.78380980 15621.35950335
0.11200001 920093.68724455 20274.26535289
0.11300001 910368.76931011 21794.22936337
0.11400001 900670.86773481 23304.85979993
0.11500001 891001.61752168 21704.80042486
0.11600001 881361.67598672 17014.68795617
0.11700001 871754.16271340 16973.05434737
0.11800001 862177.98775194 15389.87780621
0.11900001 852636.30430100 18416.94504037
0.12000001 843130.16695598 19893.65722642
0.12100001 833664.17932515 18307.26624040
0.12200001 824235.78514168 16727.86604752
0.12300001 814849.52199295 18187.44218777
0.12400001 805503.71628744 16613.51493122
0.12500001 796201.32514828 16553.02632982
0.12600001 786945.23096000 17989.56882748
0.12700001 777734.93414751 25385.26944689
0.12800001 768571.65816923 14871.86228647
0.12900001 759457.85429347 19252.25751374
0.13000001 750394.28089702 25066.92213489
0.13100001 741380.72619182 16147.27297760
0.13200001 732420.70109536 16072.97304322
0.13300001 723514.14060378 20359.68887641
0.13400001 714661.60360963 18813.46760200
0.13500001 705866.07747877 15839.63552543
0.13600001 697127.07500621 20056.34689360
0.13700001 688446.26978737 19951.17383920
0.13800001 679822.54433347 15591.73078953
0.13900001 671260.32663280 18325.40778127
0.14000001 662757.96593993 15419.06480476
0.14100001 654318.52737335 13936.98529036
0.14200001 645940.49743069 15240.96675572
0.14300001 637627.15669318 19281.84612788
0.14400001 629374.81942116 16426.68356174
0.14500001 621190.30045533 13604.06822170
0.14600001 613070.38858579 17573.66351784
0.14700001 605018.07569565 16117.68229691
0.14800001 597030.54081251 18681.08650337
0.14900001 589111.62708670 14580.51345832
0.15000001 581260.25361424 13165.54536555
0.15100001 573477.74084187 15690.35172978
0.15200001 565765.55856267 18178.04825439
0.15300001 558123.19274250 24496.02808541
0.15400001 550549.12865180 14080.29462973
0.15500001 543047.40856631 16519.50294819
0.15600001 535614.96526205 13875.10632995
0.15700001 528256.89792802 12519.68907178
0.15800001 520967.33159390 13667.57858946
0.15900001 513752.18733580 14796.06369365
0.16000001 506607.02839404 15904.92840718
0.16100001 499536.86567621 16994.24497251
0.16200001 492538.86424899 14451.09095924
0.16300001 485613.78179440 13140.70955570
0.16400001 478762.56306527 15404.18619385
0.16500001 471983.77341471 12927.63616416
0.16600001 465279.12537025 19813.91248937
0.16700001 458647.15913247 15025.28164259
0.16800001 452089.10372705 12606.50525266
0.16900001 445606.06350055 15908.13721812
0.17000001 439195.15189868 15771.49864941
0.17100001 432858.50299407 11167.74990460
0.17200001 426595.34808596 16605.22470839
0.17300001 420405.76232631 12069.85000638
0.17400001 414290.30982165 10875.12114641
0.17500001 408247.31452579 11855.50257374
0.17600001 402276.41392128 17088.70287046
0.17700001 396381.47468097 14816.74022338
0.17800001 390557.27146080 15729.69485103
0.17900001 384805.66736787 11428.72886065
0.18000001 379128.03293417 14410.65721252
0.18100001 373522.63720222 12236.60217276
0.18200001 367987.26567064 12121.50110379
0.18300001 362524.40659840 14007.94373269
0.18400001 357132.64706440 10901.47456663
0.18500001 351812.52561062 12760.24090672
0.18600001 346563.00260143 11665.31121867
0.18700001 341383.07902468 12515.10426832
0.18800001 336272.05314162 9533.31315698
0.18900001 331233.79554414 14160.24542855
0.19000001 326260.72939673 11216.84440664
0.19100001 321358.87309366 14808.21757185
0.19200001 316523.48403456 11912.36188452
0.19300001 311758.01523449 9979.37453921
0.19400001 307058.01241549 10777.73674507
0.19500001 302425.29729392 10669.56499272
0.19600001 297858.02712470 8801.70511747
0.19700001 293358.31026951 10455.29067210
0.19800001 288922.56010733 12936.50824017
0.19900001 284551.89271283 9390.21290330
0.20000001 280243.98425707 9294.29217714
0.20100001 276001.32795042 12544.26094822
0.20200001 271820.27067401 8276.92763322
0.20300001 267702.24396288 9010.85795769
0.20400001 263646.27249664 8917.83558871
0.20500001 259650.68989160 8023.20669688
0.20600001 255715.64414120 8733.96823848
0.20700001 251840.77859045 8643.17592978
0.20800001 248024.77273908 10108.25009080
0.20900001 244269.71424777 9233.39563504
0.21000001 240569.84502699 9136.84314605
0.21100001 236928.90189264 9041.20732363
0.21200001 233343.47412859 10437.45409120
0.21300001 229814.18609503 8852.44286688
0.21400001 226340.67790034 8029.43592812
0.21500001 222922.97838306 7944.97532519
0.21600001 219557.60570001 9290.58052444
0.21700001 216246.32180286 7778.38056301
0.21800001 212988.02898110 8395.98849940
0.21900001 209780.54610666 8307.31001861
0.22000001 206624.13262121 7534.54935229
0.22100001 203519.83064403 7454.93174899
0.22200001 200465.08289044 10728.89174361
0.22300001 197459.10945899 7961.55166985
0.22400001 194500.96482696 7877.28944798
0.22500001 191593.15459627 7794.00989753
0.22600001 188730.26716808 7068.89249106
0.22700001 185915.06849689 7629.95477193
0.22800001 183144.84718004 8807.43611739
0.22900001 180419.68396304 8091.82320841
0.23000001 177739.34584139 6158.66862466
0.23100001 175103.83793962 6702.97523333
0.23200001 172509.57904933 8440.89410208
0.23300001 169959.07860650 8948.34591184
0.23400001 167449.03866610 8853.86833822
0.23500001 164980.21016509 9344.47954571
0.23600001 162552.13917815 7512.34746743
0.23700001 160163.86693829 6861.42038417
0.23800001 157814.18051582 7354.93023082
0.23900001 155503.17669379 6717.73755092
0.24000001 153229.57161716 7201.02405876
0.24100001 150994.04972177 6029.19269058
0.24200001 148794.98120204 5965.93505350
0.24300001 146631.00117691 6976.70336601
0.24400001 144502.42361921 5310.46431921
0.24500001 142407.96450462 5254.85413880
0.24600001 140347.78377335 5719.87419826
0.24700001 138321.65887367 6689.23573957
0.24800001 136327.92402285 7128.58748438
0.24900001 134365.28313188 7558.04753372
0.25000001 132435.39581562 5983.43146602
0.25100001 130535.69387141 5427.67440795
0.25200001 128668.40277728 5859.55933969
0.25300001 126829.27661382 5315.41523436
0.25400001 125020.35716383 6216.63755409
0.25500001 123238.68452434 6152.07542252
0.25600001 121486.84080937 5151.64972826
0.25700001 119761.54699374 6952.15813192
0.25800001 118063.59807482 6421.47940312
0.25900001 116393.29956889 6809.00834695
0.26000001 114748.16507721 4492.39087533
0.26100001 113128.25033660 4890.53449345
0.26200001 111534.67167151 4840.04730620
0.26300001 109964.56243672 6531.89531781
0.26400001 108419.34028017 5602.56967408
0.26500001 106897.77374380 5118.26564904
0.26600001 105399.22564533 4643.36310553
0.26700001 103923.64388234 7937.68829535
0.26800001 102470.86164344 7028.98908705
0.26900001 101039.01404896 6138.12039394
0.27000001 99629.22487237  4859.91381926
0.27100001 98240.49373301  5611.49726758
0.27200001 96873.01222609  3966.95003839
0.27300001 95525.68377399  5103.93752558
0.27400001 94196.60506682  4662.73217147
0.27500001 92889.49118012  4230.18762854
0.27600001 91599.18304575  4186.54085924
0.27700001 90329.52277819  4520.08953374
0.27800001 89077.12880487  4100.66581861
0.27900001 87843.43085066  5534.13640551
0.28000001 86626.93269917  4016.45792469
0.28100001 85427.99431985  4336.32519691
0.28200001 84246.71163918  5722.03692535
0.28300001 83082.04134827  4247.15415474
0.28400001 81933.18078583  4903.70110213
0.28500001 80801.28454690  4852.92537958
0.28600001 79684.82224766  3430.43176013
0.28700001 78584.74281961  3734.34715554
0.28800001 77498.58406858  4367.43291191
0.28900001 76429.23608517  5651.94227603
0.29000001 75373.71787602  3948.07552922
0.29100001 74333.49134017  3906.96848977
0.29200001 73307.23248819  4832.77953055
0.29300001 72295.32088065  4144.69094228
0.29400001 71296.68187865  3154.87832247
0.29500001 70312.95556301  3434.08491226
0.29600001 69341.43723711  4324.82564520
0.29700001 68383.76893980  3668.10553957
0.29800001 67439.40841592  4234.52065489
0.29900001 66508.26592357  3591.44652989
0.30000001 65588.62362503  3257.45914654
0.30100001 64682.82210993  4981.22436650
0.30200001 63788.27324097  4638.68344968
0.30300001 62906.76942976  2868.54882180
0.30400001 62037.12311665  4257.29777543
0.30500001 61179.68762318  3088.96257433
0.30600001 60332.81535580  3611.82416227
0.30700001 59498.54086917  3298.59926195
0.30800001 58675.38715576  2991.56475577
0.30900001 57863.78835089  3497.86617142
0.31000001 57063.57289294  3194.41896179
0.31100001 56273.70830721  2633.60967347
0.31200001 55495.72958787  3387.18201576
0.31300001 54727.75288553  3093.21273954
0.31400001 53972.04478042  2550.17923662
0.31500001 53225.32082637  2522.88032662
0.31600002 52490.68984542  2745.52566236
0.31700002 51765.62722720  2716.14258922
0.31800002 51050.82339064  2442.78201490
0.31900002 50347.05754264  3866.65420236
0.32000002 49653.52560005  2390.81737085
0.32100002 48969.57919281  3784.36925921
0.32200002 48296.79773853  2807.97595348
0.32300002 47632.33989632  2777.91819429
0.32400002 46979.21286286  3893.40245037
0.32500002 46335.21924576  3625.26772545
0.32600002 45701.29241408  2465.81334896
0.32700002 45077.35478623  2883.14774865
0.32800002 44463.82279077  3072.00566208
0.32900002 43858.08541666  3256.46299639
0.33000002 43263.30826244  2792.43036403
0.33100002 42676.88454846  2975.43253162
0.33200002 42101.49940534  2733.86099335
0.33300002 41534.70759592  2497.06673892
0.33400002 40977.89972782  2470.96747060
0.33500002 40430.13655541  2037.67897889
0.33600002 39891.30509038  2218.15612459
0.33700002 39361.64614973  2594.32622059
0.33800002 38842.14371934  2172.63541183
0.33900002 38330.99115337  2150.36870554
0.34000002 37828.87847214  1934.94722549
0.34100002 37336.33376757  1915.35401298
0.34200002 36853.37881078  2275.32771553
0.34300002 36378.57429698  2064.84797489
0.34400002 35913.58731714  2787.79234752
0.34500002 35457.03375587  2944.35222253
0.34600002 35010.30080653  2186.74349194
0.34700002 34570.93666931  2887.36476737
0.34800002 34141.59237839  1787.31244566
0.34900002 33720.33024105  2478.44439010
0.35000002 33308.42335900  1753.68857291
0.35100002 32905.80571600  2432.39727373
0.35200002 32510.25011749  2409.98495535
0.35300002 32124.77368484  2729.32090153
0.35400002 31747.20838853  2366.75449746
0.35500002 31378.56667065  2010.73864749
0.35600002 31018.12038515  1993.22451036
0.35700002 30666.12658494  2140.80239829
0.35800002 30323.00393852  1796.18322337
0.35900002 29988.55047012  1781.31998230
0.36000002 29662.28691805  2088.07678650
0.36100002 29343.71462261  2390.04566922
0.36200002 29034.98812229  2529.52828503
0.36300002 28732.99912821  1882.58619205
0.36400002 28439.79072801  1868.49433934
0.36500002 28153.98637537  1545.65392522
0.36600002 27877.12507566  1688.09938892
0.36700002 27607.73292339  1676.34162251
0.36800002 27347.08128498  1967.75932707
0.36900002 27094.17668685  2255.59031603
0.37000002 26848.38103546  1643.52372294
0.37100002 26610.44409418  1633.34913587
0.37200002 26380.99654650  1623.61850937
0.37300002 26158.76841085  2201.26046605
0.37400002 25944.12578357  1459.35714446
0.37500002 25737.17785860  2177.36534998
0.37600002 25537.95989016  1588.58887022
0.37700002 25345.92043387  1724.53650801
0.37800002 25161.16644325  2288.65980810
0.37900002 24984.43288935  1708.93529059
0.38000002 24814.15543764  1843.56776557
0.38100002 24650.34461617  1694.95777610
0.38200002 24494.83659810  1688.67411507
0.38300002 24345.66662707  1402.31046415
0.38400002 24203.60201631  2515.96454879
0.38500002 24067.78730270  1950.93493118
0.38600002 23939.70108825  1528.66968541
0.38700002 23817.36868469  1524.78801543
0.38800002 23701.60148645  2765.97702451
0.38900002 23592.32395024  1380.15101647
0.39000002 23490.00185212  1928.76414345
0.39100002 23393.18211212  1650.62300803
0.39200002 23303.34325041  1373.73214969
0.39300002 23218.79207786  1509.45374449
0.39400002 23141.58399738  1371.13891681
0.39500002 23068.95543865  1507.32561977
0.39600002 23002.43869589  1506.77481816
0.39700002 22941.03611072  1780.45389691
0.39800002 22886.48251310  1643.70725197
0.39900002 22836.28124488  1918.24771545
0.40000002 22791.93436142  1508.02840847
0.40100002 22752.48144770  2195.15951408
0.40200002 22718.81028284  1648.02257600
0.40300002 22689.87719087  1787.50860979
0.40400002 22665.96489491  1927.74040565
0.40500002 22646.43971209  1655.00189257
0.40600002 22632.61698850  1658.06559914
0.40700002 22622.84594441  1799.87370862
0.40800002 22617.41472702  1526.33630517
0.40900002 22616.23787185  1529.98856452
0.41000002 22620.00238255  1812.88017685
0.41100002 22627.62121751  1678.06446900
0.41200002 22638.38115726  1963.42689080
0.41300002 22654.56815623  1828.90337391
0.41400002 22673.77322852  1693.73094042
0.41500002 22696.67870720  2407.66379134
0.41600002 22722.26203680  1705.53306930
0.41700002 22752.76393205  1569.25820275
0.41800002 22787.03798109  1861.81502647
0.41900002 22822.60319908  1725.38888361
0.42000002 22861.98526802  1443.73443809
0.42100002 22905.12476849  1884.86280651
0.42200002 22950.66793847  1601.84194467
0.42300002 22998.65638085  1755.25753816
0.42400002 23049.27084385  2204.08662889
0.42500002 23102.94849488  2066.78987029
0.42600002 23157.81875117  2373.21337808
0.42700002 23216.12820086  1490.47550112
0.42800002 23275.88410086  1947.14417673
0.42900002 23338.62997582  2107.47838668
0.43000002 23403.04966896  1664.30795607
0.43100002 23467.86812143  1976.93330423
0.43200002 23535.69285628  1987.23632049
0.43300002 23604.40794270  1690.31173288
0.43400002 23675.09646864  1699.28012956
0.43500002 23746.58173455  1553.02651904
0.43600002 23819.96786101  2185.95855419
0.43700002 23893.84762673  2040.77362251
0.43800002 23968.29756971  2367.46870464
0.43900002 24044.70934092  2063.03615922
0.44000002 24121.18359686  2074.30128171
0.44100002 24198.72204536  1764.81288240
0.44200002 24276.63476865  1935.81894819
0.44300002 24355.18440013  1784.26089371
0.44400002 24433.90509265  1630.96324223
0.44500002 24512.41308891  1803.86856470
0.44600002 24591.04202553  2473.24416893
0.44700002 24670.72742099  2321.02214576
0.44800002 24749.18861939  2666.97269202
0.44900002 24828.22795164  1675.90546616
0.45000002 24907.40108991  2527.47864538
0.45100002 24985.11378355  1693.99079481
0.45200002 25063.00477957  1703.03125548
0.45300002 25139.86153203  2396.83451206
0.45400002 25216.44169775  2409.43111841
0.45500002 25292.61167160  1903.01619236
0.45600002 25367.43034414  2260.61866226
0.45700002 25441.84366804  1747.85474283
0.45800002 25514.76403365  2459.36822176
0.45900002 25586.68856314  3001.31871070
0.46000002 25657.90281411  2838.79050190
0.46100002 25727.17560149  2674.34003052
0.46200002 25795.72512819  2149.81583407
0.46300002 25862.88603181  1980.06264844
0.46400002 25928.03322722  2712.72060497
0.46500002 25992.81533086  2543.65702884
0.46600002 26054.89380508  2007.65993731
0.46700002 26115.42225989  2016.63300249
0.46800002 26174.99434987  2209.69312775
0.46900002 26231.95866959  2034.28849124
0.47000002 26287.37767996  2414.36431745
0.47100002 26341.10847453  2051.44562523
0.47200002 26392.95160025  2247.09600575
0.47300002 26442.76675742  2256.09696668
0.47400002 26489.85577761  3019.84370178
0.47500002 26535.37751387  2273.55125315
0.47600002 26579.44637945  2091.93542645
0.47700002 26620.10606833  2099.52786512
0.47800002 26658.60365893  3064.67322189
0.47900002 26696.05406063  1922.11598347
0.48000002 26729.93999289  2314.27831428
0.48100002 26763.11108820  2321.96762807
0.48200002 26791.59538750  2135.15629561
0.48300002 26818.55736651  1947.02735710
0.48400002 26843.63507876  2148.16199900
0.48500002 26865.78476488  2350.21896263
0.48600002 26885.90121642  2946.02276543
0.48700002 26903.23287626  2953.97510983
0.48800002 26917.85718815  2764.19488567
0.48900002 26929.84256463  2573.14657902
0.49000002 26939.37679006  2380.90223356
0.49100002 26947.39603347  2585.33329800
0.49200002 26951.34384872  1993.05197209
0.49300002 26953.39373824  2796.14519895
0.49400002 26952.37702245  2601.57831541
0.49500002 26949.06939870  3007.51628746
0.49600002 26943.36083372  3012.94146805
0.49700002 26934.60409126  2213.21652309
0.49800002 26923.61572266  2619.80255208
0.49900002 26909.48477955  2421.85374496
0.50000002 26893.41787607  2223.14449411
