# SAXS profile: number of points = 501, q_min = 0, q_max = 0.5, delta_q = 0.001
#    q    intensity    error
0.00000000 1700912.83420644 255.13692513
0.00100000 1700830.36736108 816.39859572
0.00200000 1700582.90446503 1147.89349686
0.00300000 1700170.67589637 1326.13317444
0.00400000 1699593.53043249 1784.57327476
0.00500000 1698852.01409276 1987.65693516
0.00600000 1697945.99264580 2139.41203783
0.00700000 1696876.04052637 2647.12673324
0.00800000 1695641.98359212 2289.11677450
0.00900000 1694245.11316226 3303.77811190
0.01000000 1692684.68641314 3910.10179445
0.01100000 1690962.10528751 6391.83703628
0.01200000 1689077.21460470 5269.92114062
0.01300000 1687031.19635199 4251.31880231
0.01400000 1684824.10260871 5686.28159838
0.01500000 1682457.24672016 5249.26684351
0.01600000 1679930.16940785 4712.20433584
0.01700000 1677245.03942591 7245.69889535
0.01800000 1674401.87477245 4772.04555783
0.01900000 1671401.37101764 8022.72694289
0.02000000 1668244.49048188 6305.96445928
0.02100000 1664933.49873384 7142.56503340
0.02200000 1661466.86877310 7451.67924499
0.02300000 1657847.73438039 7161.90253852
0.02400000 1654075.77681598 6202.78444589
0.02500000 1650153.43883289 6435.59870537
0.02600000 1646080.75074304 7999.95281452
0.02700000 1641859.86482810 9654.13644736
0.02800000 1637490.62846786 7835.39301655
0.02900000 1632975.58918693 8083.22953761
0.03000000 1628316.02308148 9843.17081197
0.03100000 1623512.36223803 12468.57551571
0.03200000 1618566.14091212 9614.28331983
0.03300000 1613480.89060429 11520.25409000
0.03400000 1608254.85770019 9287.67223176
0.03500000 1602891.37556915 14714.54350721
0.03600000 1597391.68162153 9752.07666698
0.03700000 1591757.69364284 9980.32120071
0.03800000 1585990.62942195 12989.26385610
0.03900000 1580092.75303474 12324.72404443
0.04000000 1574063.89833135 10648.54276565
0.04100000 1567908.10258420 13828.95010599
0.04200000 1561626.07919750 13094.23528155
0.04300000 1555218.93071505 12317.33450301
0.04400000 1548689.96693988 12544.38931480
0.04500000 1542040.68975589 14896.11375519
0.04600000 1535271.15572915 11906.02836615
0.04700000 1528385.54723688 11004.37645190
0.04800000 1521384.02557775 12300.39041911
0.04900000 1514271.00091961 18171.25285686
0.05000000 1507045.66229434 16140.45979477
0.05100000 1499712.55108843 16376.86182079
0.05200000 1492269.95419170 14236.25602642
0.05300000 1484724.05758917 12026.26542711
0.05400000 1477074.73423300 15841.62726341
0.05500000 1469324.68289962 14810.79349454
0.05600000 1461474.85303161 13745.17163417
0.05700000 1453530.53244703 13910.28784483
0.05800000 1445490.10456233 14071.84682496
0.05900000 1437357.11914599 18110.70054711
0.06000000 1429134.67051864 15691.89941540
0.06100000 1420824.17633525 19820.49818612
0.06200000 1412428.25797328 13347.44766175
0.06300000 1403949.32292117 22912.45402135
0.06400000 1395386.83666034 19047.03121118
0.06500000 1386746.94189128 13728.79536693
0.06600000 1378030.12144242 20773.80505272
0.06700000 1369238.44996638 27932.46568652
0.06800000 1360374.60226676 15487.86557178
0.06900000 1351441.35926037 18447.17541758
0.07000000 1342439.75540656 14296.98406459
0.07100000 1333372.50322360 17280.50845116
0.07200000 1324242.16960322 15950.49768010
0.07300000 1315051.83116672 23355.32161585
0.07400000 1305803.24293474 23504.45947434
0.07500000 1296498.18042783 17736.09593959
0.07600000 1287137.77559723 16353.08620561
0.07700000 1277727.81345203 19434.24095385
0.07800000 1268267.90341914 16531.87289635
0.07900000 1258760.30166601 15105.12432848
0.08000000 1249209.40675132 22766.84250606
0.08100000 1239616.03274409 18296.73350175
0.08200000 1229981.86615124 19907.25743781
0.08300000 1220310.37490277 19988.68487902
0.08400000 1210603.41448049 20065.75253687
0.08500000 1200862.82698506 20138.47055394
0.08600000 1191091.31490858 17098.11662829
0.08700000 1181292.45724927 18711.67340149
0.08800000 1171465.45806708 23458.59689950
0.08900000 1161615.81948403 17249.99572957
0.09000000 1151743.29731525 18865.55609624
0.09100000 1141850.96769506 22060.56173230
0.09200000 1131940.86641257 15790.57582840
0.09300000 1122017.59375670 15820.44881541
0.09400000 1112078.03807180 15847.11278730
0.09500000 1102128.29499714 17457.71301331
0.09600000 1092169.14082595 25425.69879363
0.09700000 1082205.33583975 27044.31261406
0.09800000 1072236.43043693 15922.71174064
0.09900000 1062265.18601539 17527.37639343
0.10000000 1052292.70126895 27101.79979570
0.10100000 1042321.17383440 15947.51470971
0.10200000 1032353.68485215 15949.86518119
0.10300000 1022391.38698026 17544.23702588
0.10400000 1012437.57581019 17540.48182611
0.10500000 1002494.64459191 22315.53183855
0.10600001 992559.72402258 22302.81804821
0.10700001 982641.05288289 19102.54296696
0.10800001 972736.19962476 17494.66137358
0.10900001 962849.82130637 15887.02279929
0.11000001 952981.58345389 17453.85852250
0.11100001 943134.55372659 20598.05962301
0.11200001 933309.79073418 26893.32288607
0.11300001 923509.24212975 15792.00878392
0.11400001 913735.39539701 17338.12994401
0.11500001 903989.89220542 20448.25232455
0.11600001 894273.32979271 18833.39721233
0.11700001 884589.26702906 15657.23076379
0.11800001 874936.12052589 20302.89363304
0.11900001 865317.20600498 21805.99461842
0.12000001 855733.81149512 20191.04023332
0.12100001 846190.38564064 18582.34174405
0.12200001 836684.27159629 15436.82553820
0.12300001 827220.43340830 18463.56094357
0.12400001 817796.58284509 15333.68665083
0.12500001 808415.94461878 21390.68690255
0.12600001 799081.72159235 16744.75826504
0.12700001 789792.88065625 18196.82882787
0.12800001 780551.05881862 15103.66369996
0.12900001 771358.51566963 16545.64094094
0.13000001 762216.22024269 19470.81426385
0.13100001 753123.82776547 20876.59348973
0.13200001 744085.14186933 19297.84906409
0.13300001 735099.45145049 17730.59960486
0.13400001 726167.77433916 16175.38793600
0.13500001 717293.05336128 17559.33477418
0.13600001 708474.86323323 23294.65460147
0.13700001 699714.74581340 15932.50551344
0.13800001 691011.64353436 18729.87148122
0.13900001 682370.38871658 15762.75672270
0.14000001 673788.59748014 19950.88131228
0.14100001 665269.71951418 21255.36854094
0.14200001 656812.53155278 16906.35535956
0.14300001 648419.88048380 19608.21811070
0.14400001 640088.08730485 15314.10821113
0.14500001 631824.10685954 17988.03317082
0.14600001 623624.89578187 17876.20848089
0.14700001 615493.50280599 16396.74768829
0.14800001 607426.91230746 14933.59134363
0.14900001 599428.67891546 17533.28968551
0.15000001 591498.03616214 18756.40361168
0.15100001 583636.82627350 14637.61229361
0.15200001 575845.62475637 14537.22348294
0.15300001 568124.56229822 14436.04580922
0.15400001 560471.38918484 15637.15249619
0.15500001 552891.07578177 15525.18214063
0.15600001 545379.92603861 16696.80722368
0.15700001 537943.47284944 16574.03918073
0.15800001 530575.57860771 12654.22814706
0.15900001 523281.96599164 15070.52133190
0.16000001 516058.92332403 18694.23537983
0.16100001 508910.72100805 13603.18421467
0.16200001 501834.96741131 14723.83863890
0.16300001 494832.10401056 15824.73143331
0.16400001 487903.35408742 14490.73030050
0.16500001 481047.20683173 13175.88361717
0.16600001 474265.71332750 14256.42801571
0.16700001 467556.49256851 11782.42416903
0.16800001 460921.56798605 15189.67099018
0.16900001 454362.02974963 13903.47876683
0.17000001 447874.78859886 13785.58664402
0.17100001 441462.01876029 13667.66474622
0.17200001 435122.62188842 11291.43257122
0.17300001 428857.48212968 14551.13505583
0.17400001 422666.39015326 15532.99057169
0.17500001 416548.06986077 14295.93043278
0.17600001 410501.96295014 14168.47592039
0.17700001 404532.27726389 14041.31600701
0.17800001 398633.66810683 13914.30884247
0.17900001 392807.33864393 11666.37850877
0.18000001 387055.78752023 11559.42164030
0.18100001 381376.79441999 11452.74567742
0.18200001 375767.51580775 14440.74631464
0.18300001 370231.50848082 13283.90715181
0.18400001 364766.66925922 16195.64088020
0.18500001 359373.76436113 13034.48704915
0.18600001 354051.98051358 12910.50607936
0.18700001 348799.81263721 13770.61725351
0.18800001 343616.63143133 13638.14474586
0.18900001 338506.97533093 9647.44925275
0.19000001 333462.53231972 15285.92320378
0.19100001 328489.83084928 10406.55833302
0.19200001 323583.85282340 10304.52828006
0.19300001 318747.94273735 13913.34835793
0.19400001 313978.04411992 12857.40151427
0.19500001 309275.82533709 10911.25163351
0.19600001 304639.01919487 12602.91681966
0.19700001 300070.38562848 8912.09087433
0.19800001 295566.07597091 11469.44212008
0.19900001 291127.18830183 16594.25051745
0.20000001 286751.21715893 10374.65952713
0.20100001 282441.00307308 9413.75907734
0.20200001 278192.60470766 10165.15825646
0.20300001 274007.76719647 9223.10187976
0.20400001 269884.95296053 9958.75523495
0.20500001 265823.40710425 11499.52113488
0.20600001 261822.65235486 14633.26873180
0.20700001 257882.24403068 12068.88959112
0.20800001 254001.25011368 10351.82143772
0.20900001 250181.56080674 7880.71953794
0.21000001 246417.32346126 9358.93038748
0.21100001 242712.49219463 10033.73490165
0.21200001 239063.43744689 8401.88490627
0.21300001 235471.13515884 9826.21093472
0.21400001 231935.01854391 8227.89517183
0.21500001 228454.72886661 10362.70699131
0.21600001 225027.60988722 10254.50866738
0.21700001 221654.89223584 10872.17297820
0.21800001 218335.26880769 9324.00809528
0.21900001 215066.86259274 10645.81020169
0.22000001 211850.28112878 10534.25572721
0.22100001 208686.04720193 7644.17027045
0.22200001 205571.78540681 8939.28951110
0.22300001 202506.74873701 8845.49520310
0.22400001 199489.69647473 7406.05533183
0.22500001 196523.69585667 7328.36896503
0.22600001 193602.97672717 7251.39983622
0.22700001 190730.37570782 8479.87290498
0.22800001 187902.93068325 6454.46597420
0.22900001 185121.36643658 8941.36242173
0.23000001 182384.66777721 6951.59194108
0.23100001 179693.51563092 9380.00195954
0.23200001 177043.93885959 6806.45455136
0.23300001 174438.48031129 6735.07004335
0.23400001 171873.89442946 7876.12158473
0.23500001 169351.04198602 7194.03260382
0.23600001 166869.39335146 7711.86937849
0.23700001 164427.73324772 7044.08442550
0.23800001 162025.36206996 6389.47045544
0.23900001 159661.99112150 7472.18153792
0.24000001 157336.41072197 6256.48266829
0.24100001 155049.39477102 7879.61061498
0.24200001 152799.21616813 9468.20387772
0.24300001 150584.80194882 6062.54441323
0.24400001 148405.93111960 7090.09369463
0.24500001 146261.68747590 5936.76217548
0.24600001 144152.03732345 6943.08320613
0.24700001 142077.20488789 5813.79949904
0.24800001 140035.03549290 7322.43235232
0.24900001 138024.11506799 6211.08547189
0.25000001 136046.60612465 5122.15496291
0.25100001 134099.85080288 6082.76952019
0.25200001 132185.90371690 6521.39186840
0.25300001 130300.32517411 5460.88688640
0.25400001 128445.52378779 8843.47473118
0.25500001 126618.35253424 7779.43194776
0.25600001 124821.38259331 6736.61033729
0.25700001 123051.74931267 5238.31321608
0.25800001 121309.43637706 5184.15900886
0.25900001 119595.46382387 5597.06797178
0.26000001 117906.92322063 8770.50689875
0.26100001 116244.41909642 5938.92765264
0.26200001 114608.21644527 6329.81209378
0.26300001 112996.02360520 4922.10702114
0.26400001 111409.21461793 4871.36813967
0.26500001 109846.51060423 4382.87598050
0.26600001 108307.06863110 4337.69830393
0.26700001 106791.21722702 6010.20998994
0.26800001 105298.46852110 5948.31076824
0.26900001 103827.04801284 4625.49520786
0.27000001 102378.24911671 4994.01122824
0.27100001 100950.81564648 5766.31086260
0.27200001 99545.03131446  5299.27999281
0.27300001 98159.92520323  4841.24774013
0.27400001 96793.38626858  5190.54558429
0.27500001 95449.19159584  4741.91606289
0.27600001 94122.28395349  5475.09351669
0.27700001 92816.52950899  4257.49441007
0.27800001 91528.32530101  4596.55271416
0.27900001 90259.15238829  3790.88457972
0.28000001 89007.53000945  6002.66810793
0.28100001 87774.09131234  5197.98193353
0.28200001 86558.60279051  5511.61929355
0.28300001 85360.21169333  4363.61422829
0.28400001 84177.85317615  6837.34644785
0.28500001 83013.03416717  4629.63713463
0.28600001 81863.97424470  4581.51753546
0.28700001 80731.68757994  4185.13088224
0.28800001 79613.50425703  4831.74380206
0.28900001 78512.88668115  4781.43502521
0.29000001 77426.29796241  3379.65806603
0.29100001 76355.31094705  3678.79905556
0.29200001 75298.76597199  3640.31901323
0.29300001 74257.02046552  3602.20823330
0.29400001 73228.78206669  3564.41113582
0.29500001 72215.74887878  5771.48292360
0.29600001 71215.54691466  3489.91804176
0.29700001 70229.26532484  3767.09797035
0.29800001 69256.94924657  4038.02661698
0.29900001 68298.07253959  3380.75475075
0.30000001 67351.12207566  3649.08396681
0.30100001 66418.35492378  3309.62678253
0.30200001 65497.15180054  3274.53025929
0.30300001 64589.51263760  2945.28191571
0.30400001 63693.85319332  2913.99392155
0.30500001 62810.92149584  4612.83429304
0.30600001 61938.82989853  3137.51157705
0.30700001 61079.57652140  3386.25188266
0.30800001 60231.92405228  4187.62471799
0.30900001 59396.23974979  2761.92527913
0.31000001 58572.28447652  3278.87664023
0.31100001 57758.74230528  2973.42019465
0.31200001 56957.68294608  3476.41234321
0.31300001 56166.77235208  2645.45510304
0.31400001 55388.49709601  3663.94925638
0.31500001 54619.65049682  3365.66302297
0.31600002 53863.08916216  3073.42801311
0.31700002 53116.61317116  3040.39508187
0.31800002 52380.58499847  2757.05222194
0.31900002 51655.74407793  3223.31858308
0.32000002 50941.79086287  3188.70155004
0.32100002 50237.52452644  3154.41431438
0.32200002 49544.73778478  3120.57545714
0.32300002 48860.65728356  3561.94208463
0.32400002 48188.23044403  3523.76451807
0.32500002 47525.08436360  2788.77208251
0.32600002 46872.37579588  2528.99915582
0.32700002 46230.05270275  2956.87431088
0.32800002 45598.28316533  2700.33045692
0.32900002 44974.72928666  2448.87412562
0.33000002 44362.21597396  2422.84254015
0.33100002 43758.52347643  2615.00948678
0.33200002 43166.06834126  2587.37425890
0.33300002 42582.54535615  2560.06274804
0.33400002 42009.21372989  2110.96308989
0.33500002 41445.26191091  3133.26194884
0.33600002 40890.51776158  2067.01577073
0.33700002 40345.14973286  2454.59902599
0.33800002 39810.22813779  2429.22023601
0.33900002 39283.87584412  2203.82553922
0.34000002 38767.08007313  2379.52348758
0.34100002 38259.86070894  2551.55023152
0.34200002 37762.39902158  2137.16307384
0.34300002 37273.45358914  2115.64132592
0.34400002 36794.55430731  2284.94193070
0.34500002 36324.47101602  2262.28816202
0.34600002 35864.36075324  2240.08807874
0.34700002 35411.77500182  1848.49474264
0.34800002 34969.48801014  2379.84861924
0.34900002 34535.67505222  2175.74763134
0.35000002 34111.25998950  2155.14950821
0.35100002 33696.39565214  2135.00372964
0.35200002 33288.90192976  2291.44167286
0.35300002 32891.65728371  2095.85650138
0.35400002 32502.39725707  2249.97855669
0.35500002 32122.39201668  2744.53730390
0.35600002 31750.95523393  1870.29010664
0.35700002 31387.94882091  1685.53293152
0.35800002 31034.14509214  2506.78318855
0.35900002 30689.21368656  1822.93937933
0.36000002 30352.70060682  1807.95869728
0.36100002 30024.02972228  2119.39635848
0.36200002 29705.48549764  1617.46376196
0.36300002 29393.77305855  1925.88010202
0.36400002 29091.03421962  1752.00761886
0.36500002 28795.96132168  2055.16785688
0.36600002 28509.96520214  1883.36839046
0.36700002 28231.55242450  2025.89629795
0.36800002 27962.29625307  2321.56975638
0.36900002 27700.73232065  2613.56421825
0.37000002 27446.56864551  1985.62210272
0.37100002 27200.34762802  1669.55741649
0.37200002 26962.94828741  1659.43473096
0.37300002 26732.79159791  1649.68064765
0.37400002 26510.52307157  2236.82549012
0.37500002 26295.96913262  1631.40200227
0.37600002 26089.30948303  1917.95567750
0.37700002 25890.10815422  1761.56304226
0.37800002 25698.11231562  1753.12530522
0.37900002 25514.52846846  1599.76101076
0.38000002 25337.46165412  1448.03600213
0.38100002 25167.10318213  2307.32012904
0.38200002 25005.10999951  2011.16109254
0.38300002 24849.54012287  1717.60029466
0.38400002 24701.34662699  1711.80340235
0.38500002 24559.45074080  1706.39071831
0.38600002 24425.50544429  1559.69072404
0.38700002 24297.36884990  1838.33901428
0.38800002 24175.86333477  1551.72786166
0.38900002 24061.08190717  2111.36003738
0.39000002 23953.47831228  1685.84588349
0.39100002 23851.29457717  1963.43866261
0.39200002 23756.36962912  2100.65708398
0.39300002 23666.77713407  1958.18923285
0.39400002 23584.67398488  1676.87039977
0.39500002 23507.09403619  1535.95359709
0.39600002 23435.92885558  1814.29251831
0.39700002 23369.91082737  1674.22049099
0.39800002 23310.93024128  1813.70701335
0.39900002 23256.39331100  1813.99876420
0.40000002 23207.75341319  1814.73036412
0.40100002 23164.08356144  1815.83259641
0.40200002 23126.27635473  1537.78181907
0.40300002 23093.37623684  1959.24213276
0.40400002 23065.55634822  1821.60239891
0.40500002 23042.33139971  1683.93365848
0.40600002 23024.66795178  1546.22164956
0.40700002 23011.34701150  1549.12395421
0.40800002 23002.30237021  1552.31044900
0.40900002 22997.63418537  1697.22548330
0.41000002 22998.05722281  1701.39635396
0.41100002 23002.35221641  1563.69997776
0.41200002 23009.89375125  1995.64817960
0.41300002 23022.89029124  1715.66586580
0.41400002 23039.04826344  1721.01698683
0.41500002 23058.76943102  1438.86728067
0.41600002 23081.44309157  1443.74433379
0.41700002 23109.07333732  1593.83286360
0.41800002 23140.54110927  1745.25969316
0.41900002 23173.26362593  1897.89038089
0.42000002 23209.96499997  2198.56403880
0.42100002 23250.51902306  1766.10950868
0.42200002 23293.35427322  1773.55607840
0.42300002 23338.88903902  1632.78875454
0.42400002 23386.91808436  2236.37414779
0.42500002 23438.15520883  1797.23782658
0.42600002 23490.65091004  1805.49151450
0.42700002 23546.48961787  1662.85317561
0.42800002 23603.95830812  1670.80626801
0.42900002 23664.39116170  1678.98863249
0.43000002 23726.71745559  1687.32559181
0.43100002 23789.20499818  2004.00272401
0.43200002 23854.82416308  1704.30799309
0.43300002 23921.43332448  2180.19953651
0.43400002 23989.98581754  1565.34664877
0.43500002 24059.47803665  1888.18792579
0.43600002 24130.75095555  2056.30204012
0.43700002 24202.61836357  1908.13452221
0.43800002 24275.08795941  1758.36607967
0.43900002 24349.50058007  2249.89396022
0.44000002 24423.99072355  2261.90588810
0.44100002 24499.58211160  1949.18684517
0.44200002 24575.63964699  2612.88213109
0.44300002 24652.21799474  2134.38913513
0.44400002 24729.07660613  2310.93231836
0.44500002 24805.76361446  2655.20906312
0.44600002 24882.42850078  2168.87698306
0.44700002 24960.40962140  2012.80752726
0.44800002 25036.94771686  2023.48621037
0.44900002 25114.24166988  1864.73253236
0.45000002 25191.53486202  2556.31112127
0.45100002 25267.47964341  2569.70280152
0.45200002 25343.52770580  1722.09278922
0.45300002 25418.54407956  3115.80528094
0.45400002 25493.41899332  2087.91111451
0.45500002 25567.76276049  2448.36907798
0.45600002 25640.76064854  2460.74391606
0.45700002 25713.32221974  2296.45691628
0.45800002 25784.47644966  2307.83967400
0.45900002 25854.53419094  2140.75553247
0.46000002 25923.99809581  1971.90900862
0.46100002 25991.38322064  2161.44353107
0.46200002 26058.11402916  2895.57776816
0.46300002 26123.44702912  2363.64959922
0.46400002 26186.77572091  2739.79153965
0.46500002 26249.71111562  2752.28234092
0.46600002 26309.93188599  2395.91406075
0.46700002 26368.55068916  2036.17958072
0.46800002 26426.29342438  2044.99881357
0.46900002 26481.22119966  1866.92618306
0.47000002 26534.83683340  2437.09220447
0.47100002 26586.57013748  2258.79510594
0.47200002 26636.51319831  2456.81891129
0.47300002 26684.39385558  2466.43864097
0.47400002 26729.53051669  2094.92705354
0.47500002 26772.99537508  2293.91035246
0.47600002 26814.96892778  2110.47222949
0.47700002 26853.67536314  2310.49033776
0.47800002 26890.12103679  2318.46634568
0.47900002 26925.50150003  3295.68153981
0.48000002 26957.21337589  2139.45934098
0.48100002 26988.34699532  1951.25758025
0.48200002 27014.61398709  3131.53420182
0.48300002 27039.36164998  1963.05774884
0.48400002 27062.24256050  1968.77823960
0.48500002 27082.24921421  3356.30330420
0.48600002 27100.16351202  2573.56714991
0.48700002 27115.13589339  2977.24206222
0.48800002 27127.43397060  2188.77711367
0.48900002 27137.14020859  2393.49587985
0.49000002 27144.30536618  2399.01382198
0.49100002 27150.00132895  3005.50528958
0.49200002 27151.59689255  3011.79102807
0.49300002 27151.23862080  2213.09756488
0.49400002 27147.73172734  2418.86301156
0.49500002 27142.03209108  2221.30401163
0.49600002 27133.80559064  2629.67289347
0.49700002 27122.46239931  2836.46725217
0.49800002 27109.00834548  2840.75311918
0.49900002 27092.20940670  2438.29896218
0.50000002 27073.54785316  2034.57721761
