# SAXS profile: number of points = 501, q_min = 0, q_max = 0.5, delta_q = 0.001
#    q    intensity    error
0.00000000 1682732.95097188 328.13292544
0.00100000 1682651.13723880 757.19302974
0.00200000 1682405.64132030 908.49907508
0.00300000 1681996.68112282 1110.11784909
0.00400000 1681424.12406213 1513.28176916
0.00500000 1680688.49741630 1663.88167830
0.00600000 1679789.67589138 2116.53507779
0.00700000 1678728.23208486 2215.92135845
0.00800000 1677503.99675122 3170.48268772
0.00900000 1676118.19630695 3268.43062252
0.01000000 1674570.19548057 3868.25731859
0.01100000 1672861.30272178 3914.49561880
0.01200000 1670991.37776888 4561.80666132
0.01300000 1668961.63342984 3855.30154326
0.01400000 1666772.11192251 4500.28490169
0.01500000 1664424.11223623 3994.61804724
0.01600000 1661917.14164802 5085.46668078
0.01700000 1659253.44455710 5375.98140152
0.01800000 1656432.90347300 5192.91738606
0.01900000 1653456.30306042 6944.51678621
0.02000000 1650324.61336207 6238.22732070
0.02100000 1647040.06032737 5978.75569006
0.02200000 1643601.05853833 7371.55108245
0.02300000 1640010.92790727 6494.44357013
0.02400000 1636269.07065737 7363.21115370
0.02500000 1632378.15220623 7639.53010123
0.02600000 1628338.01857799 6594.76927687
0.02700000 1624150.96641600 10232.15155706
0.02800000 1619816.71389630 7750.82333144
0.02900000 1615337.79479001 9449.72653340
0.03000000 1610715.66541297 8987.79382613
0.03100000 1605950.53926270 10021.13182610
0.03200000 1601043.98143783 11887.75210970
0.03300000 1595999.64329350 8139.59855604
0.03400000 1590815.65842209 10022.13911048
0.03500000 1585495.46270023 10274.01107273
0.03600000 1580040.07841989 8769.22284049
0.03700000 1574451.46046090 9871.81111364
0.03800000 1568730.94694107 9177.07646432
0.03900000 1562880.73330858 14065.92725117
0.04000000 1556900.67972293 9574.93962399
0.04100000 1550794.62741775 12701.00858745
0.04200000 1544563.54276331 9962.43531301
0.04300000 1538208.32659302 12182.61051211
0.04400000 1531732.43273466 11373.11384124
0.04500000 1525137.15386372 14732.82559088
0.04600000 1518422.63837592 11775.36810801
0.04700000 1511593.02815176 11971.81733975
0.04800000 1504648.71961110 15482.83604519
0.04900000 1497593.68123483 15724.73438491
0.05000000 1490427.35618893 18242.83168925
0.05100000 1483154.16470468 13882.32362833
0.05200000 1475772.49572209 11732.39188774
0.05300000 1468288.45626635 13082.45075521
0.05400000 1460701.95515635 15666.02919962
0.05500000 1453015.62758178 14646.39820927
0.05600000 1445230.43429324 13592.39286881
0.05700000 1437351.46914449 13755.45420180
0.05800000 1429377.63900658 15179.99123504
0.05900000 1421311.66639560 15350.16671401
0.06000000 1413157.17494252 18102.54425674
0.06100000 1404915.66683372 15678.85957456
0.06200000 1396589.19450956 13197.76850503
0.06300000 1388180.94443280 18657.15276550
0.06400000 1379689.66745994 14797.17237552
0.06500000 1371121.70747138 16288.92664672
0.06600000 1362477.62813556 15062.19088378
0.06700000 1353759.31321822 15189.18020515
0.06800000 1344969.56008800 15312.47915836
0.06900000 1336111.32368204 15432.08651104
0.07000000 1327185.02978360 16961.42547491
0.07100000 1318194.25651560 22778.39781948
0.07200000 1309140.88341189 14335.09334491
0.07300000 1300027.97395349 14430.31118702
0.07400000 1290857.42149484 15974.36133962
0.07500000 1281631.27234495 16071.65690852
0.07600000 1272350.27963319 14695.64641870
0.07700000 1263020.03497924 19210.53563279
0.07800000 1253640.62455584 14855.64209766
0.07900000 1244214.19570454 17916.68525850
0.08000000 1234744.66992289 18002.57813200
0.08100000 1225233.45812355 21098.52113879
0.08200000 1215681.72261653 16648.76197248
0.08300000 1206093.25321481 15196.77570372
0.08400000 1196469.59319230 15254.98802925
0.08500000 1186813.12492241 19902.85703929
0.08600000 1177125.95648479 16897.64389871
0.08700000 1167411.66514318 18491.80164420
0.08800000 1157669.77322089 21636.84907765
0.08900000 1147905.65168219 20145.74513326
0.09000000 1138119.09096402 17088.85895358
0.09100000 1128313.05368318 20241.93713407
0.09200000 1118489.41475939 24964.68491044
0.09300000 1108652.93274293 18758.40850351
0.09400000 1098800.51133886 20355.28042920
0.09500000 1088938.10393144 20384.92226374
0.09600000 1079066.72807607 20410.54812101
0.09700000 1069190.79240618 18860.52646473
0.09800000 1059309.92555907 22023.05438785
0.09900000 1049427.17608598 20463.83089594
0.10000000 1039543.10665655 17323.98668713
0.10100000 1029660.27624076 25206.08474786
0.10200000 1019781.70277912 17331.19085393
0.10300000 1009908.49332009 20480.94520797
0.10400000 1000043.81512082 18900.82899497
0.10500000 990190.09169865 17318.42551863
0.10600001 980344.57759601 17307.98433186
0.10700001 970515.20608805 18866.81649418
0.10800001 960700.02143134 18848.93530755
0.10900001 950903.25589301 20396.87579890
0.11000001 941124.44678682 17236.69505422
0.11100001 931367.00146891 18776.35963348
0.11200001 921631.76655627 31243.31835710
0.11300001 911920.92044475 21831.38786329
0.11400001 902236.56041409 17119.93953994
0.11500001 892580.67693288 18637.08541194
0.11600001 882953.47790539 23243.75140044
0.11700001 873358.76382548 20095.98610204
0.11800001 863794.95310640 15418.74063915
0.11900001 854265.23376746 21527.48490492
0.12000001 844770.95352900 18399.11223455
0.12100001 835316.39515506 18343.54890174
0.12200001 825899.22415432 24380.54624563
0.12300001 816523.79349763 19743.54625698
0.12400001 807188.54189683 18161.74304841
0.12500001 797896.29064387 19604.31278488
0.12600001 788649.96055539 16526.16070221
0.12700001 779449.13469917 17958.50890979
0.12800001 770295.07746082 17886.25254161
0.12900001 761189.85208045 19296.16365971
0.13000001 752134.55128423 16257.38909230
0.13100001 743129.48158842 20599.55020064
0.13200001 734176.96359554 17576.19733703
0.13300001 725277.92601592 16035.89570019
0.13400001 716432.18883134 23212.40401250
0.13500001 707643.18671190 20210.29036537
0.13600001 698910.23550652 14362.60601687
0.13700001 690235.18036537 14287.86890728
0.13800001 681616.91498472 24159.91269091
0.13900001 673059.90869923 14134.25874923
0.14000001 664562.16455322 19677.68662043
0.14100001 656126.72514833 22360.79984766
0.14200001 647752.78118217 15283.72759285
0.14300001 639442.92523939 17955.55818764
0.14400001 631193.67028637 15101.30927393
0.14500001 623011.70134977 19101.53966444
0.14600001 614894.06663981 14914.25628992
0.14700001 606843.65540724 14819.12276416
0.14800001 598857.43526255 18738.25003341
0.14900001 590939.39968424 17284.97825628
0.15000001 583088.62871627 17169.04548264
0.15100001 575306.50431789 14428.68780911
0.15200001 567594.10767270 16934.17100149
0.15300001 559951.10615179 18108.81962749
0.15400001 552375.86695724 16695.56136666
0.15500001 544872.71799641 17850.03108396
0.15600001 537438.28636821 17719.34113782
0.15700001 530078.03313615 16331.70497173
0.15800001 522785.66865276 16208.97042162
0.15900001 515567.45213328 16085.70526581
0.16000001 508418.84870580 15961.81050855
0.16100001 501344.66927801 15837.47885009
0.16200001 494342.48672637 15712.67668233
0.16300001 487412.59729501 17985.52568924
0.16400001 480556.09794459 11893.76398563
0.16500001 473771.52234881 11796.91146343
0.16600001 467061.14139766 12869.87035884
0.16700001 460422.69364698 15083.44815604
0.16800001 453857.86136120 13806.35679449
0.16900001 447367.46246315 12548.65791461
0.17000001 440949.04616522 11310.34356821
0.17100001 434604.38772749 20183.02871913
0.17200001 428332.68578091 11115.23372091
0.17300001 422134.40644166 16526.56279265
0.17400001 416009.90852763 15288.36486040
0.17500001 409957.28981442 11905.16025846
0.17600001 403976.27816962 11798.12776116
0.17700001 398070.89702631 14879.89083363
0.17800001 392236.17035332 15797.31250712
0.17900001 386473.30662454 13565.21370325
0.18000001 380784.20348681 16541.26658079
0.18100001 375167.14105970 12290.47612167
0.18200001 369619.22993000 10146.04834086
0.18300001 364143.89803776 13065.48367880
0.18400001 358739.16708341 11946.01482822
0.18500001 353405.77034088 9860.02145832
0.18600001 348142.76013642 10741.94537150
0.18700001 342948.84827705 9671.15797832
0.18800001 337823.26131091 9577.28991065
0.18900001 332770.31475498 11380.74530233
0.19000001 327782.14606242 9390.95892840
0.19100001 322865.00758756 11158.21518945
0.19200001 318014.00193561 12889.10810748
0.19300001 313232.56311844 13672.60202619
0.19400001 308516.23523893 12633.74043003
0.19500001 303867.09650141 9827.06236523
0.19600001 299282.71398224 12381.32646254
0.19700001 294765.85322625 10505.45550545
0.19800001 290312.58201315 13865.32957221
0.19900001 285924.24042071 9435.50037980
0.20000001 281598.13393514 9339.20255334
0.20100001 277337.25412308 8403.31919709
0.20200001 273137.58258910 10812.15171781
0.20300001 269000.70779017 8231.42204743
0.20400001 264925.45030757 10590.39537661
0.20500001 260910.52852985 8868.34928391
0.20600001 256955.98772786 11169.87731451
0.20700001 253061.27393123 15791.02423974
0.20800001 249225.16355222 10157.17202070
0.20900001 245449.79828883 11597.50351738
0.21000001 241729.35421966 9180.88130726
0.21100001 238067.71339650 9841.71973706
0.21200001 234461.38496709 8240.14576422
0.21300001 230910.85758268 12600.80609400
0.21400001 227416.04581893 7334.16782439
0.21500001 223976.83691717 7982.53484512
0.21600001 220589.85730362 9334.26025311
0.21700001 217256.81896481 11366.87730566
0.21800001 213976.39331525 10543.68727912
0.21900001 210746.72842785 7650.10660364
0.22000001 207567.97811220 8257.05455972
0.22100001 204441.29276822 8850.26398241
0.22200001 201363.89982663 6735.62276769
0.22300001 198335.27397906 9329.69172913
0.22400001 195354.22510610 9230.48757274
0.22500001 192423.37503768 7175.46799446
0.22600001 189537.63143381 7099.13232106
0.22700001 186699.25754875 7662.13789214
0.22800001 183905.75296930 10107.46066118
0.22900001 181157.18532397 9999.87710279
0.23000001 178453.49355541 8038.43799736
0.23100001 175794.52894868 6117.64989673
0.23200001 173176.91173034 6052.53335122
0.23300001 170602.73265316 6586.97181927
0.23400001 168069.07022631 10071.53950965
0.23500001 165576.61381871 5861.41240640
0.23600001 163124.85944695 8118.72463867
0.23700001 160712.85593189 8032.42891939
0.23800001 158339.49618361 7379.41256867
0.23900001 156004.77651327 5616.17222012
0.24000001 153707.35361321 6667.82531513
0.24100001 151448.07728277 8246.34819811
0.24200001 149225.29854541 5983.18862820
0.24300001 147037.81924585 8610.53510234
0.24400001 144885.53266578 7986.81536601
0.24500001 142767.48892440 5794.93264957
0.24600001 140683.74146239 7297.26601485
0.24700001 138634.12398132 7220.06551850
0.24800001 136616.93267933 7143.69974775
0.24900001 134630.79907751 5553.52072467
0.25000001 132677.59324914 5994.37394658
0.25100001 130754.75832117 5931.03611804
0.25200001 128864.25098470 5868.47826748
0.25300001 127002.04026973 5806.53355584
0.25400001 125170.18798024 6224.08789179
0.25500001 123365.67513364 5210.96636419
0.25600001 121591.12863456 7031.00734595
0.25700001 119843.34134467 5101.73128242
0.25800001 118122.84419220 6424.70179959
0.25900001 116430.12099580 4994.85242705
0.26000001 114762.68232851 6290.14291605
0.26100001 113120.79525044 4890.21221006
0.26200001 111505.29757336 5278.66103689
0.26300001 109913.48926641 4787.83181899
0.26400001 108346.65256592 5168.13557194
0.26500001 106803.68093282 5966.05389921
0.26600001 105283.87391263 4216.61934973
0.26700001 103787.25565990 8344.49574992
0.26800001 102313.62407912 4128.35492695
0.26900001 100861.02932792 4901.84625730
0.27000001 99430.88811214  4041.86579303
0.27100001 98021.81199518  5199.07715426
0.27200001 96634.32580932  4352.89341207
0.27300001 95267.09461540  5481.66888359
0.27400001 93918.59905136  4648.97087305
0.27500001 92591.96818970  3833.30766447
0.27600001 91282.40769182  3792.78421909
0.27700001 89993.89227435  4128.02003399
0.27800001 88722.85555148  5198.27235278
0.27900001 87470.78336886  4408.52769044
0.28000001 86236.01080936  5088.78723870
0.28100001 85019.26555564  3955.94661354
0.28200001 83820.21490775  4625.61877861
0.28300001 82638.29438465  3872.43065815
0.28400001 81472.26735527  4876.11543200
0.28500001 80323.55276485  4824.23280739
0.28600001 79190.57464444  3750.06983979
0.28700001 78074.16626085  3710.08455632
0.28800001 76971.90228924  4004.07854661
0.28900001 75886.93584872  3631.19005224
0.29000001 74816.00037103  3265.71857078
0.29100001 73760.62518285  4199.93019671
0.29200001 72719.53459874  4154.83080597
0.29300001 71693.12387056  4110.16698606
0.29400001 70680.23142556  3440.36042749
0.29500001 69682.59785380  3712.68898940
0.29600001 68697.47292112  3366.51981986
0.29700001 67726.40395790  3330.10744025
0.29800001 66769.00777417  3593.50816852
0.29900001 65825.25721165  3258.35038622
0.30000001 64893.30250997  3808.91257114
0.30100001 63975.45180025  4057.32334525
0.30200001 63069.22023436  3726.44505396
0.30300001 62176.27896039  3402.28614578
0.30400001 61295.58129750  3365.12757254
0.30500001 60427.44010925  3883.06748525
0.30600001 59570.17987285  3291.84829562
0.30700001 58725.75176633  3527.06881807
0.30800001 57892.89938300  5366.67202688
0.30900001 57071.88499447  4246.14844462
0.31000001 56262.49368613  2887.11000019
0.31100001 55463.91552788  2595.71136960
0.31200001 54677.55052881  2567.11111887
0.31300001 53901.53417737  3300.39109394
0.31400001 53138.03665297  2761.84958580
0.31500001 52383.86537464  2482.99533632
0.31600002 51642.22639470  3437.82317387
0.31700002 50910.41673271  2671.26969244
0.31800002 50189.19766209  2881.86386621
0.31900002 49479.21839341  3087.50337394
0.32000002 48780.10351501  2583.63830501
0.32100002 48090.69235362  2322.78055066
0.32200002 47412.81757367  3216.01156830
0.32300002 46743.60785670  2271.73944940
0.32400002 46085.96854738  2920.69839499
0.32500002 45437.99226709  2666.30151249
0.32600002 44800.27499981  2417.19895207
0.32700002 44172.94544111  3042.63262606
0.32800002 43556.27256694  2364.45236826
0.32900002 42947.77309929  2338.50635599
0.33000002 42350.44558394  2523.23966738
0.33100002 41761.91941369  2287.71805382
0.33200002 41184.73265764  3291.48398987
0.33300002 40616.40075161  2238.36995142
0.33400002 40058.34354652  2818.10460195
0.33500002 39509.74819301  3186.06624516
0.33600002 38970.34699940  2363.94136093
0.33700002 38440.41638653  2338.71504371
0.33800002 37920.92674119  2121.10713772
0.33900002 37410.03532786  2289.49427049
0.34000002 36908.66414768  3020.60521690
0.34100002 36416.93715306  3175.92123953
0.34200002 35935.22178861  2403.52742316
0.34300002 35461.85865755  2378.78159141
0.34400002 34998.80137024  2354.54447369
0.34500002 34544.21770285  2330.69847879
0.34600002 34099.86047551  2662.34673272
0.34700002 33663.15748575  2284.38197517
0.34800002 33236.66135923  2435.91502639
0.34900002 32818.62907683  2239.87154058
0.35000002 32410.13232605  2900.86903123
0.35100002 32011.22622007  2197.25067181
0.35200002 31619.67977378  2343.96697265
0.35300002 31238.38737809  2322.26182768
0.35400002 30865.17697530  2629.71320285
0.35500002 30501.34599664  1791.64914870
0.35600002 30145.87488212  1775.74284404
0.35700002 29799.02475720  1600.20770526
0.35800002 29461.29825380  2221.08738056
0.35900002 29132.50609018  2045.10202440
0.36000002 28812.11773852  2028.22912427
0.36100002 28499.64428250  1702.28383362
0.36200002 28197.27731669  1995.94436940
0.36300002 27901.68539539  1980.46172317
0.36400002 27615.27429409  1663.12997314
0.36500002 27336.32957446  1950.99393414
0.36600002 27066.61828948  1788.02088890
0.36700002 26804.46137618  1627.56697186
0.36800002 26551.36731043  1616.58007527
0.36900002 26306.14283268  1605.99009601
0.37000002 26068.25911709  1740.83842630
0.37100002 25838.32184748  2306.84548382
0.37200002 25617.00321026  2006.57995651
0.37300002 25403.24411387  2137.68309345
0.37400002 25197.12573826  1700.80606790
0.37500002 24998.81421075  1409.93318828
0.37600002 24808.36998105  1683.49606666
0.37700002 24625.32600006  2234.00968055
0.37800002 24449.57492702  2501.92512080
0.37900002 24282.15090541  2076.12400076
0.38000002 24121.21064206  1378.52725350
0.38100002 23966.95012035  1373.30630695
0.38200002 23821.00837762  2326.47889341
0.38300002 23681.48976343  1773.27003749
0.38400002 23549.23693114  1359.96849720
0.38500002 23423.35609075  1627.45485828
0.38600002 23305.31506030  2299.88512568
0.38700002 23193.00639450  1889.76625055
0.38800002 23087.39162682  1751.29417482
0.38900002 22988.42482232  2017.23437373
0.39000002 22896.49727138  1611.45555430
0.39100002 22809.99650016  1609.47342930
0.39200002 22730.68552342  1473.97137260
0.39300002 22656.64147583  1339.00757466
0.39400002 22590.01876691  1606.15041042
0.39500002 22528.03390893  1739.61486087
0.39600002 22472.17379918  1472.03981446
0.39700002 22421.49346266  1606.27586777
0.39800002 22377.68565820  1339.30455010
0.39900002 22338.26570090  1474.32560611
0.40000002 22304.73578672  2012.44488170
0.40100002 22276.15241284  1880.55287579
0.40200002 22253.28658972  1614.25348570
0.40300002 22235.18739633  1616.94290407
0.40400002 22222.18655675  1889.99705620
0.40500002 22213.44262408  1758.63833587
0.40600002 22210.51763584  1355.95216591
0.40700002 22211.49618505  1767.14672021
0.40800002 22217.00395577  2180.82121163
0.40900002 22226.61783284  1640.32447378
0.41000002 22241.13303400  1645.39909982
0.41100002 22259.49285143  1513.20039574
0.41200002 22281.03179078  1932.43397878
0.41300002 22307.92495647  1523.85442598
0.41400002 22337.76499607  1529.57853058
0.41500002 22371.23383131  1535.56156294
0.41600002 22407.37917295  1962.21428715
0.41700002 22448.42563851  2111.27453134
0.41800002 22493.11215453  1979.16903226
0.41900002 22539.08288740  1987.94720487
0.42000002 22588.82357904  1426.48427661
0.42100002 22642.16291980  1576.57387881
0.42200002 22697.91404801  1728.21925751
0.42300002 22756.00898111  1736.73868773
0.42400002 22816.59872632  1745.46988527
0.42500002 22880.23821403  1608.25202027
0.42600002 22944.98245072  1616.58881517
0.42700002 23013.05329044  1772.92570951
0.42800002 23082.50165255  1930.96676725
0.42900002 23154.76312065  2240.22343808
0.43000002 23228.72790414  1952.25852922
0.43100002 23302.88300909  2114.03764676
0.43200002 23379.94402971  1822.23292403
0.43300002 23457.81333749  1985.23483683
0.43400002 23537.59216339  1842.99355373
0.43500002 23617.93628340  1699.07441674
0.43600002 23700.19203969  1864.25719419
0.43700002 23782.75181119  3125.05373608
0.43800002 23865.79136050  1885.87492268
0.43900002 23950.63863601  2371.11333733
0.44000002 24035.37729922  1907.92834043
0.44100002 24121.12163904  1599.23044046
0.44200002 24207.11559586  1608.56290758
0.44300002 24293.58487447  2265.13396104
0.44400002 24380.15328007  2603.80049371
0.44500002 24466.23439456  1964.14939028
0.44600002 24552.37296438  1975.48402233
0.44700002 24639.46753036  1986.92675581
0.44800002 24725.17245379  1831.76448805
0.44900002 24811.26812407  2512.14101662
0.45000002 24897.26414976  2189.58999942
0.45100002 24981.83540617  2201.89907705
0.45200002 25066.36036299  1873.58519413
0.45300002 25149.69310958  2569.04127290
0.45400002 25232.65193137  1894.34143353
0.45500002 25315.01866584  2424.16630233
0.45600002 25395.81216502  1914.97130706
0.45700002 25476.10971639  2625.31323070
0.45800002 25554.73384570  2639.16526300
0.45900002 25632.23881613  1945.48701835
0.46000002 25708.94618707  2488.88319833
0.46100002 25783.35449889  2322.82251689
0.46200002 25857.02331316  2514.07849589
0.46300002 25929.15132712  2526.53662506
0.46400002 25999.04608807  2176.12026071
0.46500002 26068.48435300  2733.28071396
0.46600002 26135.05109752  2746.14062423
0.46700002 26199.85009822  2390.99843329
0.46800002 26263.59542063  2401.93723304
0.46900002 26324.51433465  2412.64185312
0.47000002 26383.80646640  2423.22081976
0.47100002 26441.17405080  1872.03521153
0.47200002 26496.57624518  2255.91860844
0.47300002 26549.76311920  2076.45707197
0.47400002 26600.05791750  2274.30505974
0.47500002 26648.61526929  2473.52458653
0.47600002 26695.59664686  1910.07003062
0.47700002 26738.96596779  2108.90234584
0.47800002 26780.14486824  2501.39954998
0.47900002 26820.03613542  2510.35550126
0.48000002 26856.15244392  2518.97293787
0.48100002 26891.49368356  2138.68059402
0.48200002 26922.06165690  2535.65449734
0.48300002 26950.80899419  2152.29170829
0.48400002 26977.58792794  2158.88157626
0.48500002 27001.32285047  1968.39652910
0.48600002 27022.84160400  2368.82240729
0.48700002 27041.45874988  2177.37836175
0.48800002 27057.16776836  3175.42935981
0.48900002 27070.16884657  1989.65750453
0.49000002 27080.63462536  2592.83548511
0.49100002 27089.37404443  2598.95466902
0.49200002 27093.91780306  2203.95484816
0.49300002 27096.41905975  2208.62922225
0.49400002 27095.74024668  2816.60233215
0.49500002 27092.62421407  2217.26047078
0.49600002 27087.02510200  2625.13916220
0.49700002 27078.25979380  2427.29532297
0.49800002 27067.09832541  2228.56964626
0.49900002 27052.64109620  2434.73781407
0.50000002 27036.18003410  2234.94592846
