# SAXS profile: number of points = 501, q_min = 0, q_max = 0.5, delta_q = 0.001
#    q    intensity    error
0.00000000 1664650.74656091 249.69761198
0.00100000 1664569.82283044 499.37095871
0.00200000 1664326.98740562 1123.42075207
0.00300000 1663922.46669563 1198.02421870
0.00400000 1663356.12751301 1372.26885734
0.00500000 1662628.46798153 1795.63881649
0.00600000 1661739.39988718 2268.27437319
0.00700000 1660689.48721889 3188.52394798
0.00800000 1659478.52532316 2688.35532453
0.00900000 1658107.75125929 2984.59407985
0.01000000 1656576.55797242 3553.35687028
0.01100000 1654886.18341748 3276.67478583
0.01200000 1653036.56568619 3545.76358886
0.01300000 1651028.86528896 4507.30900103
0.01400000 1648863.04715202 4822.92462672
0.01500000 1646540.55314216 3951.69750351
0.01600000 1644060.76250384 5030.82615816
0.01700000 1641425.99519486 5318.22046300
0.01800000 1638636.07247249 6071.14692170
0.01900000 1635691.64342376 4907.07515169
0.02000000 1632594.02856370 5142.67142261
0.02100000 1629345.09194658 6452.20685664
0.02200000 1625943.39066995 6170.45544793
0.02300000 1622392.16108644 5840.61204577
0.02400000 1618690.86023914 10926.16380482
0.02500000 1614842.07627277 6927.67282360
0.02600000 1610845.80629084 9133.49613942
0.02700000 1606704.14684631 6748.15772583
0.02800000 1602416.89682397 9061.66796710
0.02900000 1597986.59544785 8629.12801162
0.03000000 1593414.52851559 8891.25347781
0.03100000 1588701.04207400 11438.64802926
0.03200000 1583847.65495917 12544.07400503
0.03300000 1578857.96008445 10467.82875793
0.03400000 1573730.20446881 9088.29235014
0.03500000 1568467.63150182 12704.58840184
0.03600000 1563071.32202939 9542.55086199
0.03700000 1557543.27357916 8877.99706999
0.03800000 1551884.69710810 9986.37848806
0.03900000 1546097.88926731 19480.83430693
0.04000000 1540182.55340373 9472.12314236
0.04100000 1534142.72970756 9665.09964530
0.04200000 1527979.07467096 11826.55858662
0.04300000 1521692.63281059 15064.75776410
0.04400000 1515286.85014379 14319.46139888
0.04500000 1508762.96001749 12492.55788941
0.04600000 1502121.21292614 11648.95054777
0.04700000 1495365.45550513 16149.94767056
0.04800000 1488496.40245312 16410.67360060
0.04900000 1481517.61285067 11111.38261359
0.05000000 1474428.70507506 15791.13216669
0.05100000 1467234.16142236 13733.31239067
0.05200000 1459932.36847053 12767.10915724
0.05300000 1452529.30585486 11765.48792591
0.05400000 1445024.82696964 21458.61968120
0.05500000 1437421.51254532 16904.07777610
0.05600000 1429720.43119492 14668.93230857
0.05700000 1421926.54485772 17319.06612480
0.05800000 1414038.77404180 15017.09248151
0.05900000 1406059.87640219 16450.90132226
0.06000000 1397993.49410899 12791.64106871
0.06100000 1389840.86093054 14218.07267175
0.06200000 1381604.35709484 14361.77796332
0.06300000 1373286.75855260 14501.90884836
0.06400000 1364887.18661156 13307.65069182
0.06500000 1356411.43636028 18799.86338737
0.06600000 1347860.65356347 23028.20034359
0.06700000 1339236.21395852 17758.27302816
0.06800000 1330541.24921906 13771.10257403
0.06900000 1321778.36748073 19430.14291166
0.07000000 1312948.42546821 18177.77180184
0.07100000 1304054.12514353 21125.67781680
0.07200000 1295098.35707316 14181.32767430
0.07300000 1286083.42166529 15703.07931431
0.07400000 1277011.66014255 17239.65821985
0.07500000 1267884.39901658 20235.43595679
0.07600000 1258703.23122777 15991.82530246
0.07700000 1249473.32948682 14618.83864045
0.07800000 1240194.56262772 19105.19813324
0.07900000 1230869.31476888 16247.47571702
0.08000000 1221501.54107500 22261.86663042
0.08100000 1212091.91681467 20872.22378684
0.08200000 1202642.70726542 16470.19264887
0.08300000 1193157.06852894 18040.53572284
0.08400000 1183636.40209931 22637.04725270
0.08500000 1174083.49851531 21203.94897861
0.08600000 1164499.68119404 16716.39370840
0.08700000 1154889.43742818 19817.90367687
0.08800000 1145251.59766093 21404.75336553
0.08900000 1135591.95382355 21462.68893536
0.09000000 1125909.89551409 16905.53787529
0.09100000 1116208.33206907 16944.04327686
0.09200000 1106489.34067065 18522.63243314
0.09300000 1096757.79788697 20103.57137998
0.09400000 1087010.36378990 20136.86793559
0.09500000 1077252.86737903 21717.41882714
0.09600000 1067486.40709863 24851.08472545
0.09700000 1057715.46679829 18658.10171149
0.09800000 1047939.41356724 18674.28122779
0.09900000 1038161.75764975 21801.39793580
0.10000000 1028382.37206017 18695.99240327
0.10100000 1018604.34888108 17143.11199794
0.10200000 1008830.52035580 20262.36195441
0.10300000 999061.63394622 26495.11577860
0.10400000 989301.20037371 21814.09249449
0.10500000 979551.60071992 26477.28101320
0.10600001 969810.15501574 18678.54446449
0.10700001 960084.17949003 20219.37377154
0.10800001 950372.60249447 31077.18556411
0.10900001 940678.76678325 21729.68053541
0.11000001 931002.96611504 18601.44013854
0.11100001 921347.73793276 15478.64272590
0.11200001 911714.77684211 18544.27943398
0.11300001 902105.75401894 15426.00911999
0.11400001 892522.74848757 23094.02720448
0.11500001 882967.66170008 18436.36564443
0.11600001 873441.37073764 21460.45548963
0.11700001 863946.52804716 18350.22511992
0.11800001 854482.44970958 18303.01493482
0.11900001 845052.04490249 18253.12502965
0.12000001 835656.38630746 21234.02977630
0.12100001 826299.93046556 19657.67627181
0.12200001 816980.73637783 18087.95435555
0.12300001 807702.09135889 18027.91152850
0.12400001 798463.46591531 25451.02417524
0.12500001 789266.93890016 20884.00418736
0.12600001 780116.28799536 20805.70238127
0.12700001 771009.88102922 23685.42466143
0.12800001 761949.83779756 16218.10306187
0.12900001 752938.07956681 24959.89851405
0.13000001 743975.80254603 17542.95025092
0.13100001 735062.63324550 18920.51307161
0.13200001 726201.62137378 20282.81224111
0.13300001 717393.14974058 17303.52358748
0.13400001 708637.73683786 17219.89781700
0.13500001 699937.87757967 17134.48005101
0.13600001 691293.42216235 15626.68854479
0.13700001 682706.26915790 19784.82861312
0.13800001 674175.05213657 15462.20554988
0.13900001 665704.26416747 18173.72726881
0.14000001 657291.92772464 19462.41489779
0.14100001 648941.10049070 16586.93531083
0.14200001 640651.03814532 21987.14466618
0.14300001 632424.12172559 16392.43400832
0.14400001 624257.09349695 14935.35166641
0.14500001 616156.44862912 16192.59223381
0.14600001 608119.41897181 20113.55073134
0.14700001 600148.74875347 21317.28456140
0.14800001 592241.21656828 13236.59181479
0.14900001 584401.41785522 21038.45203540
0.15000001 576627.83199366 13060.62101089
0.15100001 568921.71956175 12971.41581806
0.15200001 561284.64726713 16745.92824140
0.15300001 553716.00398290 20465.34447295
0.15400001 546214.40976928 20319.17700230
0.15500001 538783.97984098 12607.54572327
0.15600001 531421.39073127 13766.47177660
0.15700001 524131.89899712 14906.31191101
0.15800001 516909.68497214 14793.95588216
0.15900001 509760.40563842 12234.25031279
0.16000001 502679.92369440 16995.60902234
0.16100001 495673.14871812 18067.28712363
0.16200001 488737.20863797 11949.62531529
0.16300001 481872.67816011 15410.28897505
0.16400001 475080.68980846 12934.07239065
0.16500001 468359.85013625 17493.24122847
0.16600001 461711.96173443 17348.82778126
0.16700001 455135.36701860 12616.35296943
0.16800001 448631.30138750 11372.80402716
0.16900001 442200.85941039 13531.34693688
0.17000001 435841.27566050 13415.19509829
0.17100001 429554.81012167 12190.76608692
0.17200001 423340.34500845 15379.95546044
0.17300001 417198.12595507 14155.53308214
0.17400001 411129.03709156 11871.35150666
0.17500001 405130.84827631 16043.18234942
0.17600001 399203.40086282 15898.27619022
0.17700001 393350.62038201 16803.93929638
0.17800001 387567.63977616 16649.90659119
0.17900001 381855.79983076 15465.16062362
0.18000001 376216.53487853 12257.13528531
0.18100001 370648.47085505 11130.57410555
0.18200001 365149.16644981 19044.35567581
0.18300001 359720.98156964 11913.95947239
0.18400001 354362.88925669 12783.64183384
0.18500001 349074.89688506 10713.10909151
0.18600001 343856.71512573 11574.21757794
0.18700001 338706.87064956 16237.60814608
0.18800001 333624.47868784 11349.90530120
0.18900001 328613.80493587 14048.24082475
0.19000001 323667.08519542 11127.67491479
0.19100001 318790.46704998 9181.16588485
0.19200001 313979.54321517 11816.62066725
0.19300001 309237.00274303 8998.79720504
0.19400001 304558.96279781 8908.35008279
0.19500001 299947.20992627 10582.13806626
0.19600001 295399.73502561 10474.87509901
0.19700001 290918.71347726 10368.34343831
0.19800001 286500.70355003 11972.86496718
0.19900001 282146.78370754 15235.92704026
0.20000001 277854.43315790 11728.23617789
0.20100001 273626.35236453 10778.14252904
0.20200001 269459.07324383 8205.02916807
0.20300001 265353.66278840 10555.76920464
0.20400001 261309.59027373 10445.85136492
0.20500001 257324.86068179 11131.87399926
0.20600001 253399.60069363 9441.66956813
0.20700001 249533.78095340 9342.54520051
0.20800001 245725.89934509 8473.85803948
0.20900001 241978.18396437 8384.54447071
0.21000001 238284.69421207 9804.22420682
0.21100001 234649.25946689 9700.40084493
0.21200001 231068.57605823 9597.43376029
0.21300001 227543.28403740 8764.96771549
0.21400001 224073.10215676 8671.62946343
0.21500001 220657.79868186 7149.31301529
0.21600001 217294.12090527 9194.80116082
0.21700001 213983.84950805 8396.72665169
0.21800001 210725.64172491 7614.57142375
0.21900001 207518.02485965 6848.09514416
0.22000001 204360.53294493 6774.55198744
0.22100001 201254.57480626 7371.95542373
0.22200001 198197.43509495 9281.58632437
0.22300001 195188.47998058 9837.49985619
0.22400001 192226.83373181 6487.65594523
0.22500001 189314.87961742 8984.88461151
0.22600001 186447.46043326 7618.24359356
0.22700001 183626.98956250 8164.05634202
0.22800001 180851.23788754 9318.36047282
0.22900001 178119.82780174 7988.67465470
0.23000001 175432.86635264 6686.62401725
0.23100001 172790.25541773 7817.03152479
0.23200001 170188.49805392 6542.89711712
0.23300001 167630.02735161 8237.33993364
0.23400001 165111.79898085 7566.24854615
0.23500001 162634.17642188 8635.87517645
0.23600001 160197.03841082 5695.00498486
0.23700001 157799.29922087 9013.49639782
0.23800001 155440.03012159 6129.77787778
0.23900001 153119.00705989 7165.96986935
0.24000001 150835.04044441 6543.22436398
0.24100001 148588.92556519 5393.77825315
0.24200001 146379.00845706 9603.92719915
0.24300001 144204.11377859 6333.44497675
0.24400001 142064.31116978 5742.95005070
0.24500001 139958.44870632 6713.80710203
0.24600001 137886.77658479 7663.05797120
0.24700001 135848.87694512 5053.57846142
0.24800001 133843.26386452 5998.85537019
0.24900001 131868.57081727 5439.57880355
0.25000001 129926.76098553 5380.91706078
0.25100001 128014.79171283 5322.85529124
0.25200001 126135.19905555 5265.51413368
0.25300001 124283.83155840 5682.25704768
0.25400001 122462.75618782 7494.72103328
0.25500001 120668.71540067 6023.78255780
0.25600001 118904.42089617 4583.76564242
0.25700001 117166.90466588 5441.23131013
0.25800001 115456.68154312 4934.04151919
0.25900001 113774.05963651 4437.18853577
0.26000001 112116.74809895 7900.86761237
0.26100001 110484.73530755 6078.87042425
0.26200001 108879.27307256 6872.46004152
0.26300001 107297.10596682 4248.96559734
0.26400001 105740.27110425 5464.12876787
0.26500001 104207.07375066 4573.64868334
0.26600001 102696.91345170 5346.91505188
0.26700001 101210.04203667 5289.23704712
0.26800001 99746.04087973  4427.22823395
0.26900001 98303.24300626  4777.53783618
0.27000001 96882.84974575  5513.60323995
0.27100001 95483.48290105  3895.72628672
0.27200001 94105.65887501  5780.44036995
0.27300001 92748.20368681  4955.53675750
0.27400001 91409.44909571  7541.27990728
0.27500001 90092.63563915  4102.81882117
0.27600001 88793.00319376  4427.21934876
0.27700001 87514.29102797  4014.28071944
0.27800001 86253.25856538  3970.66894598
0.27900001 85011.08274634  3570.46564433
0.28000001 83786.46978680  5650.55978985
0.28100001 82579.81237339  4191.75147446
0.28200001 81391.12434754  4146.06407050
0.28300001 80219.22215815  4784.27463595
0.28400001 79063.61019853  3717.96644556
0.28500001 77925.27358492  4680.19215303
0.28600001 76802.84577185  4298.27146707
0.28700001 75697.15622360  3597.12903401
0.28800001 74605.50028680  3557.56344957
0.28900001 73531.28496944  3838.33325709
0.29000001 72471.22106166  3796.04273889
0.29100001 71426.88122710  3754.19705500
0.29200001 70396.90414390  4331.52171701
0.29300001 69381.75417355  3977.65615506
0.29400001 68380.16374593  3328.40462789
0.29500001 67393.94728083  3889.97882119
0.29600001 66420.34895298  4142.63736030
0.29700001 65461.13410189  3218.72411616
0.29800001 64515.51153764  3761.57707827
0.29900001 63583.55710949  4864.14234914
0.30000001 62663.74037657  3395.12161433
0.30100001 61758.02589082  3077.40257582
0.30200001 60864.10631172  3319.52851539
0.30300001 59983.63407788  3829.35538082
0.30400001 59115.45672881  2974.98550072
0.30500001 58259.95245693  2674.13194437
0.30600001 57415.51506566  3437.17997213
0.30700001 56584.09389972  3137.02231432
0.30800001 55764.25333984  2843.14059114
0.30900001 54956.44390638  3322.11719142
0.31000001 54160.29840740  3031.89364839
0.31100001 53375.14541985  2747.75261631
0.31200001 52602.36661698  3704.52184439
0.31300001 51840.00592103  2929.99727338
0.31400001 51090.33047355  2896.82187500
0.31500001 50350.27676316  2625.26355473
0.31600002 49622.58797740  2831.46500405
0.31700002 48904.91821116  2332.76470912
0.31800002 48198.06857188  2767.53322844
0.31900002 47502.53932880  2736.14639489
0.32000002 46817.83257882  2705.13449449
0.32100002 46143.14917811  2674.45705300
0.32200002 45480.03646266  3084.91101933
0.32300002 44825.57443011  2614.22762455
0.32400002 44182.95172682  2800.09469828
0.32500002 43550.09722387  2555.51982611
0.32600002 42927.68490488  2737.28395758
0.32700002 42315.43908626  2498.30364195
0.32800002 41714.19042694  2470.31447406
0.32900002 41121.10338360  2442.59365665
0.33000002 40539.38212827  2415.33650158
0.33100002 39966.55728596  2189.36811180
0.33200002 39405.10687710  2558.77073623
0.33300002 38852.66702205  2725.12619398
0.33400002 38310.59216956  2502.63955199
0.33500002 37777.90221005  2475.20827002
0.33600002 37254.47767915  2259.85672304
0.33700002 36740.79301971  2049.03412375
0.33800002 36237.50029053  2579.74776785
0.33900002 35742.87250266  2916.61853434
0.34000002 35257.90408624  1983.78606736
0.34100002 34782.52972783  2498.08140336
0.34200002 34317.18123324  2471.86668130
0.34300002 33860.51353652  1921.92283935
0.34400002 33413.77531783  1729.16295459
0.34500002 32976.00057994  1711.45451115
0.34600002 32548.08014236  1863.54041681
0.34700002 32128.08642409  2012.50342892
0.34800002 31718.16472379  2324.62440270
0.34900002 31316.96804036  1644.14089999
0.35000002 30925.18801379  2116.67459385
0.35100002 30542.99289489  2096.47113160
0.35200002 30168.24519241  1757.14952446
0.35300002 29803.71736720  1740.83521387
0.35400002 29447.50333105  1724.88758931
0.35500002 29100.38904713  1709.35693359
0.35600002 28761.60640918  2002.23932501
0.35700002 28431.54325855  1984.80612889
0.35800002 28110.53471523  1816.50283934
0.35900002 27798.64837988  1801.35250034
0.36000002 27495.05250498  2084.40002913
0.36100002 27199.33065873  1624.61609720
0.36200002 26913.53765827  2637.79595083
0.36300002 26634.79029507  1454.25961899
0.36400002 26364.90518858  1876.52221568
0.36500002 26102.71977257  2006.25513675
0.36600002 25849.53130220  2419.12850151
0.36700002 25603.95114229  2120.00725500
0.36800002 25367.34231681  1684.89895649
0.36900002 25138.48349726  1674.22308022
0.37000002 24917.01300409  2079.94775904
0.37100002 24703.54389803  1791.99515925
0.37200002 24498.56305583  1507.76413469
0.37300002 24300.90252012  1499.60876555
0.37400002 24110.90917878  2169.98192888
0.37500002 23928.72431802  1349.58011547
0.37600002 23754.39887452  1477.64245199
0.37700002 23587.18341169  1604.87203536
0.37800002 23427.31062614  1465.02693941
0.37900002 23275.66039804  1592.05524665
0.38000002 23130.34138937  1718.46879493
0.38100002 22991.64926067  1712.64803456
0.38200002 22861.25171359  1838.73056243
0.38300002 22737.08463548  1833.51859187
0.38400002 22620.22085612  1828.84494286
0.38500002 22509.52250048  1303.30141452
0.38600002 22406.56224659  1430.77110004
0.38700002 22309.26049635  1298.39902240
0.38800002 22218.60189732  1815.03767498
0.38900002 22134.42022445  1424.35000892
0.39000002 22057.20517110  1423.02065903
0.39100002 21985.28411896  1422.00824418
0.39200002 21920.23025081  1809.07668831
0.39300002 21860.64800412  1291.96435825
0.39400002 21808.13809272  1808.98514050
0.39500002 21760.24190245  1421.81427327
0.39600002 21718.33176669  1681.32473338
0.39700002 21681.47442643  1553.26090150
0.39800002 21651.35103317  1555.00010488
0.39900002 21625.47750239  1946.29306743
0.40000002 21605.44888968  1429.52459351
0.40100002 21590.07965040  1822.63461044
0.40200002 21580.33041346  1826.34344942
0.40300002 21575.30331979  2353.43419763
0.40400002 21575.07154578  1441.75422436
0.40500002 21579.19019503  1708.42456869
0.40600002 21588.82769733  1581.59759204
0.40700002 21602.37063988  1322.06514580
0.40800002 21620.08219269  1459.03131590
0.40900002 21641.73984141  1996.45059496
0.41000002 21668.36225981  1736.61097560
0.41100002 21698.57150791  1475.06896100
0.41200002 21731.86035382  2019.43321906
0.41300002 21770.25094640  1622.31917740
0.41400002 21811.53557685  2172.42904639
0.41500002 21856.36709191  1909.37231962
0.41600002 21903.59700990  1507.07706368
0.41700002 21955.62607395  1514.27960207
0.41800002 22011.10523207  1798.41743820
0.41900002 22067.80501304  1807.35331621
0.42000002 22128.05060889  1537.12510838
0.42100002 22191.79295715  1685.68867290
0.42200002 22257.83257936  1553.48549849
0.42300002 22325.97318462  1845.91155037
0.42400002 22396.52996153  1856.11250851
0.42500002 22469.94160041  1722.99520356
0.42600002 22544.33339956  2021.55047173
0.42700002 22621.88809614  1742.79034151
0.42800002 22700.75012230  2629.42801127
0.42900002 22782.28205806  2057.24016733
0.43000002 22865.20467880  2217.35332880
0.43100002 22948.32430675  1635.75663410
0.43200002 23034.15323978  1645.67515620
0.43300002 23120.62304414  2859.78999985
0.43400002 23208.84061408  1665.81461402
0.43500002 23297.54248401  1523.65935066
0.43600002 23387.95777083  1686.38877498
0.43700002 23478.61219924  2005.30836297
0.43800002 23569.56847623  1862.46738925
0.43900002 23662.25399462  2186.39237271
0.44000002 23754.70762468  1885.64878061
0.44100002 23847.89385075  2213.56161213
0.44200002 23941.25528699  1590.89648921
0.44300002 24035.02725249  1920.87946905
0.44400002 24128.64564670  1771.64589057
0.44500002 24221.88230636  2268.62160433
0.44600002 24314.84562762  1793.34152425
0.44700002 24408.63322444  2132.33829954
0.44800002 24500.89746935  1980.16262732
0.44900002 24593.51733345  2158.08124829
0.45000002 24685.91973370  1837.00280404
0.45100002 24776.71944645  2519.79248712
0.45200002 24867.34308741  1858.70964716
0.45300002 24956.77677722  1869.51223698
0.45400002 25045.56823916  1880.29612467
0.45500002 25133.65171105  1891.05604436
0.45600002 25220.18466295  2247.49686276
0.45700002 25305.99696286  2433.93090324
0.45800002 25390.14898103  2097.73420823
0.45900002 25472.91303650  2284.92040767
0.46000002 25554.84195230  1943.82914523
0.46100002 25634.45327322  2131.76123523
0.46200002 25713.17666626  1964.35822452
0.46300002 25790.23238535  1974.50028500
0.46400002 25864.96657436  1984.48965447
0.46500002 25939.09303960  2357.08549622
0.46600002 26010.36169658  1822.02592320
0.46700002 26079.72614339  2563.11560685
0.46800002 26147.90326061  2023.45558973
0.46900002 26213.26824807  2032.83904899
0.47000002 26276.81671031  2042.10290743
0.47100002 26338.43055386  2797.14145740
0.47200002 26397.94503220  2060.22771769
0.47300002 26455.11625073  2445.24651095
0.47400002 26509.41140962  3022.07304393
0.47500002 26561.82301743  2086.16567867
0.47600002 26612.62748227  2094.54694527
0.47700002 26659.79834876  2102.65839543
0.47800002 26704.64361382  2110.60160806
0.47900002 26748.07187176  2311.03351926
0.48000002 26787.82029824  2899.11198919
0.48100002 26826.51736576  3297.24740571
0.48200002 26860.45208510  2140.64383039
0.48300002 26892.51788403  2538.11595820
0.48400002 26922.58263298  2154.47977733
0.48500002 26949.53136974  2554.00720897
0.48600002 26974.17627515  2167.51003733
0.48700002 26995.89032054  3556.97867724
0.48800002 27014.59622571  2179.67279979
0.48900002 27030.66394195  1986.75389391
0.49000002 27044.00854243  2390.14958827
0.49100002 27055.58771063  2595.71320800
0.49200002 27062.95144854  2201.43588993
0.49300002 27068.24389608  2808.05975489
0.49400002 27070.18944172  2813.94632585
0.49500002 27069.89912470  2819.60082648
0.49600002 27066.83612957  2824.96582075
0.49700002 27060.66139770  2223.57465245
0.49800002 27052.10410408  2632.30511463
0.49900002 27040.16769353  2028.01267315
0.50000002 27026.09074535  2437.21297895
