# SAXS profile: number of points = 501, q_min = 0, q_max = 0.5, delta_q = 0.001
#    q    intensity    error
0.00000000 1664650.74656090 299.63713438
0.00100000 1664569.62415613 499.37089911
0.00200000 1664326.19237339 973.63085337
0.00300000 1663920.68309228 1198.02293450
0.00400000 1663352.96308210 1621.76920063
0.00500000 1662623.51423847 1795.63346645
0.00600000 1661732.27610379 1919.30085704
0.00700000 1660679.79474832 2590.66058748
0.00800000 1659465.88780958 2688.33485175
0.00900000 1658091.75558471 2984.56528764
0.01000000 1656556.83955919 3006.65079363
0.01100000 1654862.32231264 3276.62754084
0.01200000 1653008.19647167 3545.70273689
0.01300000 1650995.59034391 3467.09089264
0.01400000 1648824.48999483 3709.85526695
0.01500000 1646496.35475262 3951.59142737
0.01600000 1644010.50740062 5030.67237753
0.01700000 1641369.33489453 5318.03688362
0.01800000 1638572.67997580 6070.91205249
0.01900000 1635621.11325603 5397.54991730
0.02000000 1632515.89931292 5656.66784700
0.02100000 1629259.10522875 7527.17740743
0.02200000 1625849.21004468 7291.93403834
0.02300000 1622289.41643984 8760.36324753
0.02400000 1618579.16609406 9711.47543938
0.02500000 1614721.08912848 8186.63629577
0.02600000 1610715.22373908 7828.07634541
0.02700000 1606563.57045132 8097.08076593
0.02800000 1602266.02788502 9060.81480322
0.02900000 1597825.06998408 7909.23445957
0.03000000 1593242.14949540 8149.43396926
0.03100000 1588517.32234092 7624.88349808
0.03200000 1583652.39275878 13326.43549886
0.03300000 1578650.82334955 9661.34348429
0.03400000 1573510.80695634 13217.49138829
0.03500000 1568235.78062056 10162.16832769
0.03600000 1562826.69026103 13877.90165087
0.03700000 1557285.53748527 8876.52797418
0.03800000 1551613.60058141 9984.63398183
0.03900000 1545813.12135750 12984.83082073
0.04000000 1539883.96320183 9470.28681253
0.04100000 1533829.95822978 10629.44210338
0.04200000 1527651.91916552 9853.35533574
0.04300000 1521350.77271968 17069.55646225
0.04400000 1514930.01708496 12270.93370827
0.04500000 1508390.97447106 14571.05749043
0.04600000 1501733.82156347 14822.11350786
0.04700000 1494962.47562434 13992.84942262
0.04800000 1488077.59021794 12031.10787670
0.04900000 1481082.85924049 13329.74635363
0.05000000 1473977.61232973 13531.11511128
0.05100000 1466766.66344134 12584.85855858
0.05200000 1459448.23799886 13923.13683934
0.05300000 1452028.36227934 11761.43028276
0.05400000 1444506.87636965 14300.61874295
0.05500000 1436886.36974580 14483.81528270
0.05600000 1429167.91391194 12219.38623415
0.05700000 1421356.68130379 13602.38407502
0.05800000 1413451.31618416 18763.56709846
0.05900000 1405454.76102009 15178.91212796
0.06000000 1397370.33481079 17900.31482521
0.06100000 1389199.86694200 16795.42717620
0.06200000 1380945.17010391 16964.91220773
0.06300000 1372609.48881798 17130.16722137
0.06400000 1364191.60364333 19951.30313634
0.06500000 1355697.45786679 13421.40546070
0.06600000 1347128.18225402 16246.36663813
0.06700000 1338485.19381168 15017.80457738
0.06800000 1329771.71380913 17892.07924681
0.06900000 1320990.07971960 15257.43613510
0.07000000 1312141.41453977 16769.16806309
0.07100000 1303228.41876676 21112.30137287
0.07200000 1294253.97343910 21258.12250961
0.07300000 1285219.95920036 15692.53643712
0.07400000 1276129.58040586 21534.68767855
0.07500000 1266983.54770145 18776.69705705
0.07600000 1257783.64373143 15980.14194277
0.07700000 1248534.87900695 20451.00227705
0.07800000 1239237.32007389 16153.45922470
0.07900000 1229893.28278252 17710.46410276
0.08000000 1220506.86588175 19277.90685095
0.08100000 1211078.66262767 17875.52189907
0.08200000 1201610.76789233 20944.07666717
0.08300000 1192106.57144615 24032.86960827
0.08400000 1182567.48655302 16585.50977741
0.08500000 1172996.12536542 19671.14594584
0.08600000 1163394.14944533 21255.21210833
0.08700000 1153765.47064976 15229.70492773
0.08800000 1144109.68322490 18328.63798604
0.08900000 1134432.00864931 19909.28268693
0.09000000 1124732.10457159 21493.63152804
0.09100000 1115012.70877704 20003.32893524
0.09200000 1105276.10720261 15418.60241995
0.09300000 1095527.09770962 21625.70592503
0.09400000 1085762.35977453 21660.96009551
0.09500000 1075987.65594473 20142.48986604
0.09600000 1066204.17747478 20167.25296495
0.09700000 1056416.30797967 15529.32045738
0.09800000 1046623.63113086 21759.30631428
0.09900000 1036829.57580106 18662.93324200
0.10000000 1027033.84538209 21783.38888497
0.10100000 1017239.80457306 23345.65461294
0.10200000 1007450.15167173 24904.16892073
0.10300000 997665.69626787 23345.37839085
0.10400000 987889.85679481 18671.11917181
0.10500000 978124.92815127 21773.06192506
0.10600001 968368.54565248 24867.70542247
0.10700001 958628.03536640 17082.75239410
0.10800001 948901.83623134 17066.00032778
0.10900001 939193.81747131 32543.06730704
0.11000001 929504.12367799 18571.49326524
0.11100001 919835.25995722 16998.55640419
0.11200001 910189.05670965 16970.47576127
0.11300001 900566.66040928 23099.53592704
0.11400001 890970.92589085 21516.94887338
0.11500001 881403.27794567 21470.98486178
0.11600001 871864.71280606 22951.83964546
0.11700001 862357.95751712 19842.85753697
0.11800001 852882.33653852 15223.95042423
0.11900001 843440.65916733 19736.51235414
0.12000001 834034.01683605 18165.26174236
0.12100001 824666.83145042 21127.96521706
0.12200001 815337.31764016 15042.97421915
0.12300001 806048.65696289 14992.50572587
0.12400001 796800.49789483 25398.01706709
0.12500001 787594.52263966 16374.09089723
0.12600001 778435.04307643 19277.94475023
0.12700001 769320.17115280 16248.04278046
0.12800001 760251.62224214 20595.21741718
0.12900001 751232.23322007 19043.73800970
0.13000001 742262.39216677 20419.63937098
0.13100001 733341.95672950 15972.18857046
0.13200001 724474.21441088 15898.58738471
0.13300001 715659.36116692 14384.75383760
0.13400001 706897.99959752 27197.90181678
0.13500001 698192.33274110 19940.37396324
0.13600001 689542.80786151 19838.14751756
0.13700001 680950.76750590 14095.68155203
0.13800001 672414.96723345 22431.76436469
0.13900001 663940.07344182 15337.01641977
0.14000001 655523.98954168 16637.19963919
0.14100001 647169.96951629 13784.72100083
0.14200001 638876.89115197 19185.47394618
0.14300001 630647.50402123 14984.18540231
0.14400001 622478.30390665 14892.79412346
0.14500001 614376.18099391 14800.32289831
0.14600001 606337.82945044 18717.64967813
0.14700001 598366.01651398 15940.47143195
0.14800001 590458.15745858 13196.74044180
0.14900001 582618.04215290 19663.35985039
0.15000001 574844.90010958 14322.26136200
0.15100001 567139.54680378 16810.01696044
0.15200001 559503.51658418 14124.66694267
0.15300001 551936.53906814 14024.70811953
0.15400001 544436.82690569 16455.60386978
0.15500001 537008.75364212 13822.60597108
0.15600001 529648.88536232 16215.20139064
0.15700001 522362.52819932 14855.99100314
0.15800001 515143.99179379 17200.65869784
0.15900001 507998.60688511 15849.55728292
0.16000001 500922.49687864 12097.27887064
0.16100001 493920.48984818 14402.72216384
0.16200001 486989.81149718 14288.28174382
0.16300001 480130.76269346 14173.46078381
0.16400001 473344.69308754 18744.45073118
0.16500001 466630.15813507 13942.90978334
0.16600001 459989.05815397 11522.72645078
0.16700001 453419.47871540 12568.78854342
0.16800001 446923.11634852 13595.40184125
0.16900001 440500.58272867 12356.04192897
0.17000001 434149.12360595 14476.70321023
0.17100001 427871.43772165 15454.71706030
0.17200001 421665.94586509 12036.45499312
0.17300001 415533.12025144 15183.58093102
0.17400001 409473.78255375 15048.16221952
0.17500001 403485.68785620 22369.24759119
0.17600001 397568.84049943 11610.99853516
0.17700001 391727.07613232 11505.02476940
0.17800001 385955.17211092 11399.18654670
0.17900001 380255.07228439 14373.64241127
0.18000001 374627.61887400 16273.82453258
0.18100001 369071.78998173 10075.66034244
0.18200001 363585.14424275 9980.41268092
0.18300001 358169.88676362 9885.48934166
0.18400001 352825.08606003 13707.25524097
0.18500001 347550.78002586 11636.00066497
0.18600001 342346.40510708 10563.09882862
0.18700001 337210.72725893 10460.27725377
0.18800001 332142.93080136 12241.12829303
0.18900001 327147.16183348 12120.80291861
0.19000001 322215.61089778 11077.77322608
0.19100001 317354.50223889 10967.77211560
0.19200001 312559.33301075 10858.31174186
0.19300001 307832.89027925 8957.93753041
0.19400001 303171.00518868 10641.30278497
0.19500001 298575.89900531 10533.75821468
0.19600001 294045.29950103 8689.03901087
0.19700001 289581.31967290 8600.56560073
0.19800001 285180.68780016 11917.70150638
0.19900001 280844.32142074 12637.99506120
0.20000001 276569.90405592 8338.58300138
0.20100001 272359.89616472 9077.75576821
0.20200001 268210.99955451 9800.43038692
0.20300001 264124.24589465 11315.08322893
0.20400001 260098.85699454 8797.84425368
0.20500001 256133.09516934 7914.51301483
0.20600001 252227.07471975 7831.65104023
0.20700001 248380.54430425 7749.47334860
0.20800001 244592.34857658 9201.56458841
0.20900001 240864.22821495 9104.66825691
0.21000001 237190.73046179 7507.08697399
0.21100001 233575.44545026 11141.54927468
0.21200001 230015.12594570 8083.88198352
0.21300001 226510.26828219 7998.07795116
0.21400001 223060.43715378 8632.43932596
0.21500001 219665.96457094 7828.89534744
0.21600001 216323.25037473 9153.71877238
0.21700001 213033.76607669 10449.30672010
0.21800001 209796.72786686 8270.18740353
0.21900001 206610.29824149 10909.02426295
0.22000001 203474.14738410 7419.68513518
0.22100001 200389.67198831 8007.57167128
0.22200001 197353.92642157 9242.08481133
0.22300001 194366.64218750 7836.86338357
0.22400001 191426.77360482 7752.78469760
0.22500001 188536.52868407 7030.52748708
0.22600001 185690.96922032 8219.61114123
0.22700001 182892.32168474 6880.40946715
0.22800001 180138.56933626 6806.53616425
0.22900001 177428.95807195 8569.81908015
0.23000001 174764.10449814 9083.36476086
0.23100001 172143.49058609 6589.65313128
0.23200001 169563.68481325 5926.25106450
0.23300001 167027.28185837 6448.92365755
0.23400001 164531.14650604 6959.66782637
0.23500001 162075.57108046 8606.21323141
0.23600001 159660.55518455 7946.30620737
0.23700001 157284.81332382 7299.58853161
0.23800001 154947.57435849 6110.35788384
0.23900001 152648.51787228 5495.34690333
0.24000001 150386.42082646 5436.46937002
0.24100001 148162.40020531 5916.12492004
0.24200001 145974.37924575 7449.07292527
0.24300001 143821.18958266 5790.24136649
0.24400001 141703.09493737 6769.86568087
0.24500001 139618.91482137 6697.51966080
0.24600001 137568.79652235 7135.69381317
0.24700001 135552.38406819 5546.80381847
0.24800001 133568.20439891 4988.77267030
0.24900001 131614.80787023 6416.22218721
0.25000001 129694.20267674 6836.18174650
0.25100001 127803.43513317 5314.06708424
0.25200001 125944.77653164 7169.40674325
0.25300001 124114.14132913 6620.24861170
0.25400001 122313.82976555 4678.50420988
0.25500001 120540.44461617 5091.62862148
0.25600001 118796.66290008 5953.49504291
0.25700001 117079.33288609 4984.06743677
0.25800001 115389.28132795 5379.44855003
0.25900001 113726.76430892 4435.34401791
0.26000001 112089.18623743 5704.77940348
0.26100001 110476.91793276 5210.09169623
0.26200001 108890.92114845 4725.32174682
0.26300001 107328.05554284 6375.28680091
0.26400001 105790.26048848 4205.16305340
0.26500001 104276.08120503 6240.92375543
0.26600001 102784.67380650 5763.13693304
0.26700001 101316.41126082 6923.96387321
0.26800001 99870.69358693  6044.67401539
0.26900001 98445.95767697  5581.88606443
0.27000001 97043.49986018  5917.22768399
0.27100001 95661.78787750  4293.30124311
0.27200001 94301.39373080  4633.97070723
0.27300001 92961.18204820  4584.84571559
0.27400001 91639.44221924  4536.15260452
0.27500001 90339.27031829  4114.05056499
0.27600001 89056.20931171  4810.37137363
0.27700001 87793.75493543  4759.29968029
0.27800001 86548.75741016  4346.47880284
0.27900001 85322.26844015  5016.94962172
0.28000001 84113.20935573  3545.37194214
0.28100001 82921.87421220  4209.11453422
0.28200001 81748.18127358  3470.21045931
0.28300001 80590.99723186  4806.44730240
0.28400001 79449.89618340  4075.77986712
0.28500001 78325.65342089  5376.27310528
0.28600001 77217.13476614  3656.61758993
0.28700001 76125.05884605  4604.04377693
0.28800001 75046.85922076  3253.28150121
0.28900001 73985.56109141  3862.04647178
0.29000001 72938.36494652  3183.75978062
0.29100001 71906.51973752  5039.20914174
0.29200001 70888.66997453  4050.22435071
0.29300001 69885.49963280  3698.34081563
0.29400001 68895.52349079  3048.62705878
0.29500001 67920.58087154  3618.80872014
0.29600001 66958.08244359  3579.57925688
0.29700001 66009.49738557  3245.68714009
0.29800001 65074.33723123  3210.44257928
0.29900001 64152.52891506  3464.23672541
0.30000001 63242.52899613  3426.48038322
0.30100001 62346.35173565  3671.57682753
0.30200001 61461.63338314  3072.77450646
0.30300001 60590.04508459  4144.35927998
0.30400001 59730.45330983  3005.93520512
0.30500001 58883.33932178  2973.01994311
0.30600001 58046.87302658  3742.28208119
0.30700001 57223.14053586  3172.45106150
0.30800001 56410.62618859  3137.55917715
0.30900001 55609.90621552  2844.44683759
0.31000001 54820.53478338  3324.59148934
0.31100001 54041.87267227  2529.15976081
0.31200001 53275.26707152  3751.91086115
0.31300001 52518.76582021  2968.36078470
0.31400001 51774.62409454  2690.98621472
0.31500001 51039.85121829  2661.21796852
0.31600002 50317.06526347  2871.09187987
0.31700002 49604.09534033  3075.95009769
0.31800002 48901.47257888  2573.92913106
0.31900002 48210.02190938  2545.48927734
0.32000002 47528.96797447  3890.48385776
0.32100002 46857.77493776  4979.10740065
0.32200002 46197.82637517  3581.25567018
0.32300002 45546.32829544  2213.55165997
0.32400002 44906.16962699  2627.01104757
0.32500002 44275.48897444  2598.08581604
0.32600002 43655.14556521  2997.79898792
0.32700002 43044.63163420  2964.91436736
0.32800002 42444.80909694  2094.65142812
0.32900002 41852.89045693  2071.71817572
0.33000002 41271.99685538  2663.90116318
0.33100002 40699.72548124  2837.58499492
0.33200002 40138.55189733  2405.90491466
0.33300002 39586.09787767  2181.58995735
0.33400002 39043.91877989  2354.34841392
0.33500002 38510.69771594  2329.12710816
0.33600002 37986.46915078  2496.28093846
0.33700002 37471.69326531  2089.79643237
0.33800002 36967.17020696  1879.78069405
0.33900002 36471.02049739  2976.03541353
0.34000002 35984.19412658  2024.65077842
0.34100002 35506.71649247  2914.39142772
0.34200002 35039.11547753  1983.03883437
0.34300002 34579.84238225  1784.31995143
0.34400002 34130.42334864  2119.49939033
0.34500002 33689.56997188  2622.73314652
0.34600002 33258.41347379  2077.32060396
0.34700002 32834.97743162  1885.38449342
0.34800002 32421.44084238  1866.98875933
0.34900002 32016.25448288  2353.19481594
0.35000002 31620.35927756  2164.25559326
0.35100002 31233.85027807  2803.55053374
0.35200002 30854.56050665  1797.12396183
0.35300002 30485.28339954  1780.64548770
0.35400002 30124.07419545  1604.10702688
0.35500002 29771.90872772  1748.80200150
0.35600002 29427.75796089  1575.85651345
0.35700002 29092.23038554  1718.47813027
0.35800002 28765.47336858  2168.62913997
0.35900002 28447.66425364  1843.40873095
0.36000002 28137.96907340  1828.40531699
0.36100002 27836.02181121  1964.94487273
0.36200002 27543.82688249  1799.71373375
0.36300002 27258.48887149  1785.97627546
0.36400002 26981.95581299  2215.89322610
0.36500002 26712.74189856  1613.18255967
0.36600002 26452.61687332  1893.08161621
0.36700002 26199.83744048  1880.10042379
0.36800002 25955.99001092  1867.66334970
0.36900002 25719.70967817  1998.42153666
0.37000002 25490.63708807  1844.12022749
0.37100002 25269.37572267  1692.03747854
0.37200002 25056.58756849  1542.10775495
0.37300002 24851.07886660  1951.80382664
0.37400002 24653.01244600  1941.42482209
0.37500002 24462.69862835  1517.66589480
0.37600002 24280.06289368  1784.94890818
0.37700002 24104.50650652  1366.72558366
0.37800002 23936.15660066  1632.92468065
0.37900002 23775.98343403  1626.27734393
0.38000002 23622.12465230  1620.00538540
0.38100002 23474.63269455  1614.11582054
0.38200002 23335.51852222  1608.75072313
0.38300002 23202.46833220  1336.46223925
0.38400002 23076.62384034  1465.94259890
0.38500002 22956.95907688  1860.89119093
0.38600002 22844.92922294  1458.76302464
0.38700002 22738.60409125  1455.72550289
0.38800002 22638.81337175  1849.36475195
0.38900002 22545.47984165  1714.58382319
0.39000002 22458.86084464  1844.09715132
0.39100002 22377.79750475  1447.39601118
0.39200002 22303.46270648  2103.66270214
0.39300002 22234.49813603  1445.46479230
0.39400002 22172.67541608  1707.85040484
0.39500002 22115.46334083  1576.39030162
0.39600002 22064.16151334  1313.92088037
0.39700002 22017.88425266  1445.91452738
0.39800002 21978.37467011  1578.48694359
0.39900002 21943.12054996  1974.88094306
0.40000002 21913.64518462  1977.15873046
0.40100002 21888.98077868  1715.87728454
0.40200002 21869.89337727  1454.23862902
0.40300002 21855.49218228  1721.77575570
0.40400002 21845.85908145  1990.70400312
0.40500002 21840.63025949  1596.11333499
0.40600002 21841.08069973  2133.43686383
0.40700002 21845.23259902  1871.69961777
0.40800002 21853.74623228  2145.16383180
0.40900002 21866.22182466  1748.20451771
0.41000002 21883.70582418  2023.69579198
0.41100002 21904.78781015  2165.94552129
0.41200002 21929.03355666  1494.35406252
0.41300002 21958.45072134  1499.98183985
0.41400002 21990.80451988  1916.49870472
0.41500002 22026.66564737  1924.24960213
0.41600002 22065.13983332  2070.26184296
0.41700002 22108.31662185  1663.42982145
0.41800002 22155.15211648  1531.69651415
0.41900002 22203.15515096  1958.31837711
0.42000002 22254.84824195  1686.47247969
0.42100002 22310.08541918  2118.34271093
0.42200002 22367.68824881  2128.84482996
0.42300002 22427.53345422  1569.03031481
0.42400002 22489.88821277  2150.59566225
0.42500002 22555.13846551  1585.40075787
0.42600002 22621.40975190  1883.57177225
0.42700002 22691.02783300  1602.44046150
0.42800002 22761.91741386  2197.09418249
0.42900002 22835.60068317  1767.47557663
0.43000002 22910.87876349  2518.02024982
0.43100002 22986.36049279  1638.46785357
0.43200002 23064.73336284  2097.27630407
0.43300002 23143.83143817  2410.66159684
0.43400002 23224.75265318  1818.49821892
0.43500002 23306.27385338  1676.65342047
0.43600002 23389.72831429  2146.47546912
0.43700002 23473.34285511  1850.63843840
0.43800002 23557.44250270  3102.51532463
0.43900002 23643.36489512  2028.60080414
0.44000002 23729.21785497  1883.62540259
0.44100002 23815.97378178  2052.69887753
0.44200002 23902.96696733  2700.19879143
0.44300002 23990.49006055  2077.09672788
0.44400002 24077.95301939  1767.92378423
0.44500002 24165.11592530  2101.64023162
0.44600002 24252.24254600  1788.72423375
0.44700002 24340.19909126  2126.35989338
0.44800002 24426.90570523  1974.18261266
0.44900002 24514.01690220  1985.63546318
0.45000002 24601.02807854  2163.53751690
0.45100002 24686.50378968  2175.86854714
0.45200002 24772.00844615  2188.23546980
0.45300002 24856.47968157  2031.27161585
0.45400002 24940.30479549  2553.26382445
0.45500002 25023.71388666  2396.27095535
0.45600002 25105.67158327  2065.19264232
0.45700002 25187.00781781  2595.52127864
0.45800002 25266.78272114  1913.57988008
0.45900002 25345.34911709  2098.59500636
0.46000002 25423.22520495  1933.81771687
0.46100002 25498.85249609  1943.77761790
0.46200002 25573.82720720  2486.54333721
0.46300002 25647.12013996  2499.05550488
0.46400002 25718.27099432  2332.00433294
0.46500002 25789.00749807  2523.71239337
0.46600002 25856.90035950  1992.40355163
0.46700002 25923.10751022  1819.80223347
0.46800002 25988.22467832  2376.75320060
0.46900002 26050.69924390  2754.86157561
0.47000002 26111.43189540  2398.20457610
0.47100002 26170.42054345  2408.72562099
0.47200002 26227.38481347  1860.83304071
0.47300002 26282.10381673  2242.38920393
0.47400002 26334.13347562  2251.56851888
0.47500002 26384.40433352  2072.23121457
0.47600002 26433.18196763  2836.94138914
0.47700002 26478.40361436  2088.35179205
0.47800002 26521.40747520  2286.67586090
0.47900002 26563.28674703  2103.81241008
0.48000002 26601.34226438  2111.21562888
0.48100002 26638.66417550  2118.57306230
0.48200002 26671.32100783  2512.03848819
0.48300002 26702.13988498  2132.43299229
0.48400002 26731.17542557  2139.16241483
0.48500002 26757.03451504  2925.88186291
0.48600002 26780.86974737  2934.51394166
0.48700002 26801.78413001  2354.26882957
0.48800002 26819.96016952  2754.14184036
0.48900002 26835.40357165  3155.84360961
0.49000002 26848.35436395  2768.33394969
0.49100002 26859.60171016  3171.58192027
0.49200002 26866.67411062  2980.18596698
0.49300002 26871.92462696  2190.33068017
0.49400002 26873.81038844  2394.45661911
0.49500002 26873.55580261  2199.33191114
0.49600002 26870.69997883  2203.53185622
0.49700002 26864.78547591  2207.47952720
0.49800002 26856.57320845  2412.25751993
0.49900002 26845.04567190  2416.05422500
0.50000002 26831.61538602  3024.59398776
