# SAXS profile: number of points = 501, q_min = 0, q_max = 0.5, delta_q = 0.001
#    q    intensity    error
0.00000000 1664650.74656090 374.54641798
0.00100000 1664569.23257580 749.05617245
0.00200000 1664324.61967096 973.62993334
0.00300000 1663917.14365630 1297.85541829
0.00400000 1663346.68377672 1247.51006024
0.00500000 1662613.70391677 1645.98763203
0.00600000 1661718.16694795 1744.80414633
0.00700000 1660660.59507207 2192.07207660
0.00800000 1659440.82121926 3360.36780484
0.00900000 1658060.04545810 3233.21722686
0.01000000 1656517.74940488 3553.23072590
0.01100000 1654815.04591761 3276.53393357
0.01200000 1652952.00577949 4190.23351837
0.01300000 1650929.74452083 3813.64787804
0.01400000 1648748.27633025 5564.52567930
0.01500000 1646408.91561397 4741.65788811
0.01600000 1643911.19019536 6287.96058359
0.01700000 1641257.37493634 5760.81364445
0.01800000 1638447.38920403 6537.40537709
0.01900000 1635481.73335254 5397.08996359
0.02000000 1632361.82975414 5141.93999632
0.02100000 1629089.59730103 8063.99387225
0.02200000 1625663.52944159 6730.24731766
0.02300000 1622086.84698115 6423.46420643
0.02400000 1618359.18863933 7282.61668095
0.02500000 1614482.96050799 6296.48383355
0.02600000 1610458.32822706 7174.59218041
0.02700000 1606287.24420156 8095.68808157
0.02800000 1601969.61109093 9755.99537895
0.02900000 1597508.07795090 7907.66534893
0.03000000 1592903.87821221 8147.70371157
0.03100000 1588157.18756832 10672.41679153
0.03200000 1583269.83993011 8620.90467548
0.03300000 1578245.29074445 9658.86162463
0.03400000 1573081.89925300 9910.41642256
0.03500000 1567782.76728706 10159.23280115
0.03600000 1562349.12118468 8671.03802330
0.03700000 1556782.86537312 9761.02901731
0.03800000 1551085.37020657 13610.77475346
0.03900000 1545258.89936972 11125.86459070
0.04000000 1539303.02740690 10413.38546295
0.04100000 1533222.20071632 12557.09040610
0.04200000 1527016.78991552 10834.18462708
0.04300000 1520687.84173266 13047.50228770
0.04400000 1514238.85816844 14309.55787426
0.04500000 1507671.36731515 11443.22620963
0.04600000 1500985.24738214 12698.33578316
0.04700000 1494184.45715979 15061.38002864
0.04800000 1487270.02945933 16397.15283772
0.04900000 1480245.24168561 14432.39177823
0.05000000 1473109.80734167 14650.07771621
0.05100000 1465868.39526965 12577.15141731
0.05200000 1458519.13501485 11595.22766372
0.05300000 1451068.36518602 18805.84688950
0.05400000 1443515.55839921 15481.70508580
0.05500000 1435863.64651601 13267.38071272
0.05600000 1428113.61480824 15873.48356932
0.05700000 1420270.38223893 17298.89406316
0.05800000 1412333.06124584 21248.55189859
0.05900000 1404304.32811144 13902.61349764
0.06000000 1396187.86639170 14052.63153175
0.06100000 1387984.89838462 15489.91218984
0.06200000 1379697.95486138 19557.21942433
0.06300000 1371329.76963782 15797.71968485
0.06400000 1362879.21480297 14616.88026235
0.06500000 1354352.45628369 16089.70793329
0.06600000 1345750.65011339 13524.79466644
0.06700000 1337075.11472828 16365.80017018
0.06800000 1328329.06168350 15123.02707516
0.06900000 1319515.03261011 16625.89018929
0.07000000 1310633.88187654 16749.90179475
0.07100000 1301688.54035507 22493.17903087
0.07200000 1292681.61761084 19816.81012633
0.07300000 1283615.63475130 14248.13421334
0.07400000 1274493.24622028 17205.65963030
0.07500000 1265315.28403312 20194.43287973
0.07600000 1256083.65450983 17409.32026767
0.07700000 1246803.34761377 17505.11982129
0.07800000 1237474.67587665 21996.11339524
0.07900000 1228099.64028745 14737.19637468
0.08000000 1218682.21790759 19249.08653485
0.08100000 1209223.41578419 16360.79358318
0.08200000 1199725.17077228 19417.55280012
0.08300000 1190190.91993267 16496.04692446
0.08400000 1180622.10067966 16558.22573925
0.08500000 1171021.26349743 21148.64501159
0.08600000 1161390.16565643 21218.59932279
0.08700000 1151732.76372303 15202.87319504
0.08800000 1142048.52940972 16770.98344201
0.08900000 1132342.56123257 16815.28782411
0.09000000 1122615.23661072 16856.06856953
0.09100000 1112868.57381293 24572.13926422
0.09200000 1103105.29568120 18465.98351736
0.09300000 1093329.64632341 15415.94873759
0.09400000 1083538.91956463 20072.55942829
0.09500000 1073738.76754785 17008.02287738
0.09600000 1063930.33932907 20124.24331441
0.09700000 1054117.96021156 17045.08821796
0.09800000 1044301.18063293 17058.66058770
0.09900000 1034483.44084452 17068.97757656
0.10000000 1024664.83556373 17076.04028771
0.10100000 1014848.05478903 24843.48154967
0.10200000 1005036.43654851 21738.93914506
0.10300000 995230.51463088 21735.83546201
0.10400000 985433.77657714 18624.69925351
0.10500000 975648.78401689 17064.09803531
0.10600001 965872.41794175 21703.15425236
0.10700001 956112.72620204 17037.92958269
0.10800001 946367.84632013 18567.73801863
0.10900001 936642.04951475 17000.05399881
0.11000001 926935.03825835 16976.81602479
0.11100001 917249.12145332 20032.72175555
0.11200001 907586.73283612 16921.95543037
0.11300001 897948.97239734 18425.91378110
0.11400001 888338.35631100 16856.22110467
0.11500001 878756.58341925 19877.47485293
0.11600001 869204.17435405 16779.98737610
0.11700001 859684.47356043 21302.98225809
0.11800001 850196.43440542 21246.40989646
0.11900001 840743.23633551 25726.74424364
0.12000001 831325.51728244 15088.55884942
0.12100001 821947.96213357 16545.81325719
0.12200001 812608.63580656 17991.15604434
0.12300001 803311.01048430 16435.74404887
0.12400001 794054.35408150 20843.92777675
0.12500001 784840.81576723 17800.19054035
0.12600001 775674.24839080 19209.57366662
0.12700001 766552.91937384 25020.28846748
0.12800001 757478.74954180 16122.93594386
0.12900001 748454.28727484 16054.34521872
0.13000001 739480.03987351 20343.09685579
0.13100001 730555.86593272 23144.01092370
0.13200001 721685.10524009 15837.38038107
0.13300001 712867.76077530 20060.09973391
0.13400001 704104.73570153 15683.93372718
0.13500001 695398.03336946 15604.73260455
0.13600001 686747.92310472 16935.20458227
0.13700001 678156.11908226 18249.18202501
0.13800001 669621.37762076 15357.76701994
0.13900001 661147.78611436 15272.51457947
0.14000001 652733.83730967 23469.04622728
0.14100001 644382.65481885 19215.49167296
0.14200001 636093.05596875 15008.61636347
0.14300001 627867.49366596 20342.90775430
0.14400001 619703.13840797 17522.10706500
0.14500001 611605.95567401 18751.83948553
0.14600001 603573.44475521 17301.43361009
0.14700001 595608.15297971 14544.75178194
0.14800001 587707.22758868 18389.36001884
0.14900001 579874.70317791 14351.89958079
0.15000001 572109.75356215 16845.77248847
0.15100001 564412.99352046 21876.64866110
0.15200001 556786.33863560 17889.54590452
0.15300001 549228.98355662 17762.06616640
0.15400001 541739.61890587 15114.53608074
0.15500001 534322.35892578 18754.71568339
0.15600001 526973.99758791 13651.26205178
0.15700001 519699.37682783 13548.56339335
0.15800001 512493.08877863 19556.73719085
0.15900001 505360.70869994 14554.38909753
0.16000001 498297.74284123 14440.66926917
0.16100001 491309.51521877 13132.70396172
0.16200001 484392.95929383 14212.09009658
0.16300001 477548.58036145 11747.69563147
0.16400001 470777.53456789 17477.61679594
0.16500001 464078.47408048 12711.11000517
0.16600001 457453.11208559 12605.12109864
0.16700001 450899.81234925 15907.74613076
0.16800001 444420.05843665 18025.67842130
0.16900001 438014.60627197 12286.31028606
0.17000001 431680.42971677 11072.60354508
0.17100001 425420.30155005 12073.42872811
0.17200001 419232.86980231 10879.09348511
0.17300001 413118.33553814 11860.62797341
0.17400001 407077.42467732 10685.78290243
0.17500001 401108.40610481 11648.18866340
0.17600001 395210.58599336 11542.12570906
0.17700001 389388.23996946 10396.66649823
0.17800001 383635.93470775 14420.87546679
0.17900001 377955.63873974 11225.28300078
0.18000001 372348.42703892 14152.96438026
0.18100001 366812.70243353 11015.38597441
0.18200001 361346.60043594 10910.86111557
0.18300001 355951.86518845 9824.27194329
0.18400001 350627.87337836 10702.91634049
0.18500001 345374.52473694 13490.32957354
0.18600001 340191.36986091 9542.36837541
0.18700001 335076.75292694 9449.16487896
0.18800001 330030.35430296 12163.26928250
0.18900001 325056.04652708 12969.73686922
0.19000001 320145.79338004 12841.04837920
0.19100001 315306.26104912 11805.06697147
0.19200001 310532.52502694 8989.91702432
0.19300001 305827.70684546 13349.38003460
0.19400001 301187.51510377 11452.65580300
0.19500001 296614.01120265 11336.58804388
0.19600001 292105.08863528 9494.87635478
0.19700001 287662.84262573 13669.73892757
0.19800001 283283.71518828 10147.22315759
0.19900001 278969.03154162 10042.88561012
0.20000001 274715.87877248 9939.22096373
0.20100001 270527.56742356 9016.68424838
0.20200001 266399.78711741 8923.06129123
0.20300001 262334.28510677 8027.42950368
0.20400001 258330.23036688 9532.38595109
0.20500001 254385.54031148 11004.71899403
0.20600001 250500.35009334 9333.64348566
0.20700001 246674.70084501 10005.12633921
0.20800001 242906.89178897 11422.69712633
0.20900001 239199.44491620 8288.26115814
0.21000001 235546.12267609 7455.03513512
0.21100001 231950.98230431 7376.04158597
0.21200001 228410.68564824 9487.03827689
0.21300001 224925.43453900 8664.12814804
0.21400001 221495.36301004 7857.54837426
0.21500001 218119.97451475 10600.63126259
0.21600001 214796.30360849 6991.62001301
0.21700001 211525.70383637 8300.26901097
0.21800001 208307.33158758 8895.76501604
0.21900001 205139.26674307 7446.55573486
0.22000001 202021.14940300 8706.10184517
0.22100001 198954.49725503 8612.74059341
0.22200001 195936.29555438 8520.29021506
0.22300001 192966.18901669 7132.03068330
0.22400001 190043.33044905 7055.35897654
0.22500001 187169.65905898 12690.10348428
0.22600001 184340.37647272 6904.46912729
0.22700001 181557.90476085 7451.13676374
0.22800001 178819.74936870 6756.70454942
0.22900001 176125.64770392 7899.23567308
0.23000001 173475.72874435 6612.02771379
0.23100001 170869.83052695 8324.77853697
0.23200001 168304.50021839 5882.24256083
0.23300001 165782.05517680 8728.42561786
0.23400001 163299.59680749 8058.83548360
0.23500001 160857.33018412 6833.21970941
0.23600001 158455.24074776 9576.24292752
0.23700001 156092.33417450 7801.49523104
0.23800001 153767.21051366 7166.32118495
0.23900001 151480.09560022 5998.61206950
0.24000001 149229.46517551 7013.03904764
0.24100001 147016.51233276 8538.71944018
0.24200001 144839.32599531 8447.02989161
0.24300001 142696.53070840 5744.96259807
0.24400001 140588.62721163 5683.29552387
0.24500001 138514.15533642 6133.40708843
0.24600001 136473.25926286 6573.23484334
0.24700001 134465.79392766 6502.76610196
0.24800001 132490.17601422 7422.76246234
0.24900001 130545.18167130 5384.98899869
0.25000001 128632.23235179 6295.90491031
0.25100001 126748.90865609 5270.21987125
0.25200001 124897.39729061 7109.78467713
0.25300001 123073.59371511 7502.56662782
0.25400001 121279.61050988 6494.52345007
0.25500001 119512.29327284 5507.12673457
0.25600001 117774.11087646 5902.24984582
0.25700001 116062.15227551 5389.92660669
0.25800001 114377.08101018 6665.32471123
0.25900001 112719.04517051 4835.64726661
0.26000001 111085.90675794 5653.71749195
0.26100001 109477.41264816 5162.95502478
0.26200001 107895.11224549 5107.75485538
0.26300001 106335.52537362 5474.15310526
0.26400001 104800.70358280 5832.15943035
0.26500001 103289.11749324 5357.60677789
0.26600001 101800.07044999 4484.80231589
0.26700001 100333.73862637 5243.44142874
0.26800001 98889.77399101  6384.32411097
0.26900001 97466.60961045  5921.09681403
0.27000001 96065.04620714  5857.56646967
0.27100001 94684.21390128  4635.73933198
0.27200001 93324.44782193  5732.45447874
0.27300001 91984.47659336  3780.56216690
0.27400001 90662.79631308  3739.84052490
0.27500001 89362.58133045  5179.45545903
0.27600001 88078.94003453  4391.61615796
0.27700001 86815.77147377  5068.30497850
0.27800001 85569.69876225  5371.63809402
0.27900001 84342.21023218  3542.37299740
0.28000001 83131.73911741  3504.00296964
0.28100001 81938.79076396  3466.01101336
0.28200001 80763.27802754  4114.08157744
0.28300001 79604.08394446  4069.36096384
0.28400001 78460.82081102  3689.62027327
0.28500001 77334.34824955  5308.22991509
0.28600001 76223.24921769  4922.11655121
0.28700001 75128.45766284  3570.10447712
0.28800001 74047.50609052  5135.93526554
0.28900001 72983.15689418  3492.24422269
0.29000001 71932.98416407  4081.83737960
0.29100001 70897.89985318  4657.99224084
0.29200001 69876.81473461  3378.19476825
0.29300001 68870.09783273  4859.47433311
0.29400001 67876.61572798  4204.95654340
0.29500001 66898.24803730  5346.50823623
0.29600001 65931.95400305  3230.99555887
0.29700001 64979.76809987  3775.97450303
0.29800001 64040.73472127  4021.11792350
0.29900001 63115.07650145  3408.21429242
0.30000001 62201.29394569  3370.06626552
0.30100001 61301.13838229  3610.02421023
0.30200001 60412.52232813  3294.89912376
0.30300001 59537.04643099  3529.35627951
0.30400001 58673.47310649  3221.17382604
0.30500001 57822.55548555  3715.67759141
0.30600001 56982.10108649  3148.83105511
0.30700001 56154.52277310  2853.77298244
0.30800001 55338.17619608  4616.86425862
0.30900001 54533.69119936  2789.39843691
0.31000001 53740.50007811  3259.09278154
0.31100001 52958.30214106  2726.29352330
0.31200001 52188.07868836  3920.36865668
0.31300001 51428.14992329  3391.17236650
0.31400001 50680.55753019  2634.12210235
0.31500001 49942.42261040  3077.45222696
0.31600002 49216.44894720  2808.29070989
0.31700002 48500.32885951  3238.85211459
0.31800002 47794.70380216  2515.67435374
0.31900002 47100.43897442  2486.90329560
0.32000002 46416.80632542  2458.46626343
0.32100002 45743.01854918  3093.14306076
0.32200002 45080.63491282  2620.98823794
0.32300002 44426.90094158  2590.97698560
0.32400002 43784.61746245  2774.85026308
0.32500002 43152.07582135  2532.16392910
0.32600002 42529.98609798  2294.70550858
0.32700002 41917.95014355  2062.36324472
0.32800002 41316.75131005  3058.47266055
0.32900002 40723.66852339  3225.31469978
0.33000002 40141.96056860  1993.04843661
0.33100002 39568.92196659  2955.79861087
0.33200002 39007.28657457  2532.93827367
0.33300002 38454.57505606  2697.20402216
0.33400002 37912.24358399  2286.10839637
0.33500002 37379.23842429  2825.87055870
0.33600002 36855.45432734  2235.65196537
0.33700002 36341.35843727  2026.75765603
0.33800002 35837.77039338  1822.35071081
0.33900002 35342.81897874  2343.22900926
0.34000002 34857.33984394  2496.13422444
0.34100002 34381.53567309  2469.28200898
0.34200002 33915.99378245  2966.46253667
0.34300002 33458.92688295  2935.01720517
0.34400002 33012.01651764  2220.88351641
0.34500002 32573.92073529  2366.82119272
0.34600002 32145.74453357  2007.82329866
0.34700002 31725.64994433  2318.51060774
0.34800002 31315.70625240  2131.19048994
0.34900002 30914.40491045  2434.50950200
0.35000002 30522.68409723  1928.42327260
0.35100002 30140.61120401  2705.42138981
0.35200002 29765.97458941  2836.99517248
0.35300002 29401.73409245  2341.84823138
0.35400002 29045.82796040  2320.03561822
0.35500002 28699.28431504  1839.05022601
0.35600002 28361.09845331  1670.61058352
0.35700002 28031.68748812  2257.95253412
0.35800002 27711.41286571  1939.93754955
0.35900002 27400.32694440  1923.50304260
0.36000002 27097.61524305  1614.06952840
0.36100002 26803.03687949  2183.10745724
0.36200002 26518.44978850  1588.32262532
0.36300002 26240.92168247  1862.58070925
0.36400002 25972.61132884  1564.20059137
0.36500002 25711.89778852  1552.74158100
0.36600002 25460.40808652  1822.07419102
0.36700002 25216.66377085  1531.15589669
0.36800002 24982.08540415  1659.31019114
0.36900002 24755.34589392  2198.27481951
0.37000002 24536.12469569  2048.15310599
0.37100002 24324.97719961  1493.06717124
0.37200002 24122.43218576  2024.47521709
0.37300002 23927.52216675  1745.03427428
0.37400002 23740.35573935  1602.47408832
0.37500002 23561.18794785  1461.73616953
0.37600002 23389.83250524  1587.23410900
0.37700002 23225.84077701  1448.59575788
0.37800002 23069.40355538  1573.79478510
0.37900002 22921.25294071  1829.11607132
0.38000002 22779.71495371  1432.04684840
0.38100002 22644.80194943  2076.07554107
0.38200002 22518.30064480  1423.04407666
0.38300002 22398.29063570  2064.22656278
0.38400002 22285.50630814  1286.98805027
0.38500002 22179.28476441  1541.01677844
0.38600002 22080.81978205  1538.14997889
0.38700002 21988.23487473  1535.65839640
0.38800002 21902.32278825  1661.40077381
0.38900002 21823.10719404  1659.64738073
0.39000002 21750.83030894  1275.68625806
0.39100002 21684.24905053  1785.04746641
0.39200002 21624.49788941  1529.71705317
0.39300002 21570.30386221  1402.28552052
0.39400002 21523.37919682  1402.78630561
0.39500002 21481.24122502  1658.78152598
0.39600002 21445.21223628  1277.06244917
0.39700002 21414.20701026  1534.11386290
0.39800002 21390.08731693  1280.19678657
0.39900002 21370.44208405  1538.67190295
0.40000002 21356.64377393  1541.52262064
0.40100002 21347.75415424  1802.17749109
0.40200002 21344.54096266  1419.30531856
0.40300002 21346.02828047  1293.56937509
0.40400002 21352.50825685  2334.89688851
0.40500002 21363.32206728  1301.02637554
0.40600002 21379.89349109  1696.81532732
0.40700002 21400.34807356  1571.64163699
0.40800002 21425.04339240  1445.86912184
0.40900002 21453.85986294  1715.23617731
0.41000002 21487.67249376  1854.60110081
0.41100002 21525.11207272  1463.27718804
0.41200002 21565.78864569  2137.60107185
0.41300002 21611.55874660  1610.49343411
0.41400002 21660.29857988  1483.18901554
0.41500002 21712.60434621  1354.86657540
0.41600002 21767.47119406  1361.55538770
0.41700002 21827.07566555  1779.12502180
0.41800002 21890.18880979  1650.95811826
0.41900002 21954.55385489  1798.07804592
0.42000002 22022.55097375  1807.94140786
0.42100002 22093.98911856  1818.11445072
0.42200002 22167.86521697  2250.48178347
0.42300002 22243.77327002  1980.58566581
0.42400002 22322.19709223  1707.64815847
0.42500002 22403.48282779  1574.74088259
0.42600002 22485.56723691  1872.26084470
0.42700002 22571.07517643  1738.87571399
0.42800002 22657.66395320  1603.82281893
0.42900002 22747.04204338  1760.62113759
0.43000002 22837.84178308  1771.75984949
0.43100002 22928.78101185  1485.78507998
0.43200002 23022.45601770  1644.83944813
0.43300002 23116.75900002  1504.90108222
0.43400002 23212.71584842  1666.09275897
0.43500002 23309.13790209  2439.06830566
0.43600002 23407.28457570  2148.08660731
0.43700002 23505.62988568  1853.18394801
0.43800002 23604.16391367  1865.20112085
0.43900002 23704.43646545  2503.18860938
0.44000002 23804.46669191  1732.13210092
0.44100002 23905.14723228  2218.87587125
0.44200002 24005.97419502  1595.19706086
0.44300002 24107.14436294  2247.75024692
0.44400002 24208.01748833  1939.06229271
0.44500002 24308.46192871  1788.85979811
0.44600002 24408.67912785  1800.26221439
0.44700002 24509.50651136  2141.15059030
0.44800002 24608.96024983  2486.12032706
0.44900002 24708.52819206  1834.60830521
0.45000002 24807.81772806  2013.89873861
0.45100002 24905.34254099  1857.44053474
0.45200002 25002.68029480  2208.61186851
0.45300002 25098.81380083  2392.92102118
0.45400002 25194.06418925  2063.39395489
0.45500002 25288.64902940  1902.71804315
0.45600002 25381.51952181  1913.89357025
0.45700002 25473.63932484  1925.04301501
0.45800002 25563.87758492  4048.16802682
0.45900002 25652.77210655  1947.04549517
0.46000002 25740.66540235  1957.96380663
0.46100002 25826.12015307  2147.70025372
0.46200002 25910.59450876  2699.23631088
0.46300002 25993.18528146  2170.95093760
0.46400002 26073.45839972  1818.62380957
0.46500002 26152.98851208  2193.71278037
0.46600002 26229.41937082  2388.58218821
0.46700002 26304.05140554  1846.54449619
0.46800002 26377.21733668  2412.32852586
0.46900002 26447.55774540  2423.91878225
0.47000002 26515.87594247  2248.01606895
0.47100002 26582.18355672  2070.22055352
0.47200002 26646.26259550  2268.66290491
0.47300002 26707.90434937  2468.61171602
0.47400002 26766.48026706  2479.24535225
0.47500002 26823.13198982  2298.20605782
0.47600002 26877.93702498  2692.36307940
0.47700002 26929.05327773  2510.05717499
0.47800002 26977.69026638  1938.34713751
0.47900002 27024.84175070  2724.10417759
0.48000002 27068.08099657  2343.55456376
0.48100002 27110.26431530  2352.08664348
0.48200002 27147.60384815  2360.21279043
0.48300002 27182.84569483  2170.82216008
0.48400002 27215.97775014  2771.94746524
0.48500002 27245.78446746  2780.70489455
0.48600002 27273.27653007  2590.00682844
0.48700002 27297.66981590  2198.00847776
0.48800002 27319.03110151  2003.85102628
0.48900002 27337.46687709  2009.30391071
0.49000002 27353.17723023  2820.38623790
0.49100002 27366.94313449  2827.55269868
0.49200002 27376.34339472  2631.82489700
0.49300002 27383.67000460  2434.95605223
0.49400002 27387.43484858  2236.86884729
0.49500002 27388.80564277  2649.04540734
0.49600002 27387.45776825  2041.73507341
0.49700002 27382.78341165  2045.49401781
0.49800002 27375.57654171  2868.68680179
0.49900002 27364.91786842  2257.60583116
0.50000002 27352.12531688  2261.06354650
