# SAXS profile: number of points = 501, q_min = 0, q_max = 0.5, delta_q = 0.001
#    q    intensity    error
0.00000000 1682732.95097188 252.40994265
0.00100000 1682650.76181171 656.23381269
0.00200000 1682404.12716951 832.79006932
0.00300000 1681993.27724599 1211.03520276
0.00400000 1681418.08984751 1891.59542296
0.00500000 1680679.05125749 2420.17792960
0.00600000 1679776.09242088 2645.64745327
0.00700000 1678709.75182563 3223.12285746
0.00800000 1677479.86642058 2491.05770681
0.00900000 1676087.67162043 3771.19742236
0.01000000 1674532.58217823 3868.17043186
0.01100000 1672815.78097015 3914.38909790
0.01200000 1670937.30572064 3258.32788901
0.01300000 1668898.23325544 5257.02966661
0.01400000 1666698.69206441 3750.07222339
0.01500000 1664339.91484830 4793.29916820
0.01600000 1661821.47088577 4237.64494020
0.01700000 1659145.62298432 4927.66272131
0.01800000 1656312.26085464 5664.58818702
0.01900000 1653321.98925388 5951.95942988
0.02000000 1650176.17377407 6237.66621903
0.02100000 1646876.71803339 7608.57078228
0.02200000 1643422.12108921 7937.72920549
0.02300000 1639815.68897960 6493.67042394
0.02400000 1636056.98184267 7975.77815016
0.02500000 1632148.52453002 7001.91749002
0.02600000 1628090.32265176 9890.64916249
0.02700000 1623884.46206698 9548.44107428
0.02800000 1619530.80599250 8453.95119498
0.02900000 1615032.00479610 7994.40879080
0.03000000 1610389.28900358 8237.14159188
0.03100000 1605603.00621551 11560.34217668
0.03200000 1600674.71829545 11092.67630870
0.03300000 1595608.15670724 10578.88256666
0.03400000 1590401.44357174 9184.56876041
0.03500000 1585057.92307355 12838.96976977
0.03600000 1579578.71632212 8766.66228073
0.03700000 1573965.70900264 11663.08644310
0.03800000 1568220.42037763 12843.72583729
0.03900000 1562344.86844367 10311.47660925
0.04000000 1556338.93200728 11485.78185045
0.04100000 1550206.85848990 10742.93402745
0.04200000 1543949.12536020 20912.79187321
0.04300000 1537566.88667178 14207.11869231
0.04400000 1531063.46304606 12401.61462663
0.04500000 1524440.38259734 11570.50304154
0.04600000 1517697.62543992 10699.76875675
0.04700000 1510839.39061999 11965.84853022
0.04800000 1503866.31668668 16580.12691291
0.04900000 1496781.93228439 13471.03801760
0.05000000 1489585.94681398 20511.59944277
0.05100000 1482283.05799536 13874.17006915
0.05200000 1474871.20377254 14070.27193968
0.05300000 1467356.90257251 16639.82805089
0.05400000 1459739.79880131 15655.71007223
0.05500000 1452022.54808006 12196.98997285
0.05600000 1444206.28003470 13582.76069755
0.05700000 1436295.95504306 13745.35293137
0.05800000 1428290.57284019 13904.40937583
0.05900000 1420193.00716197 17894.43272602
0.06000000 1412006.95038042 12919.86419958
0.06100000 1403733.44680425 14360.19383188
0.06200000 1395375.11024136 14504.92494897
0.06300000 1386934.69924048 25297.69009695
0.06400000 1378411.26244597 21503.21669979
0.06500000 1369810.92716303 13561.12881327
0.06600000 1361134.52715567 13679.40263795
0.06700000 1352383.94164515 13794.31685034
0.06800000 1343561.95514781 18077.62695271
0.06900000 1334671.40585279 22422.48066812
0.07000000 1325712.96856379 16942.61253164
0.07100000 1316689.85137547 17064.30127308
0.07200000 1307604.20639571 18613.74675004
0.07300000 1298459.13881947 21619.34567433
0.07400000 1289256.82300158 18855.38192004
0.07500000 1279998.54073847 18969.57926290
0.07600000 1270685.83614979 22014.63314335
0.07700000 1261323.95182449 16233.24002113
0.07800000 1251913.22604065 20769.24139401
0.07900000 1242455.39552369 19382.30507927
0.08000000 1232954.85307139 22470.60325135
0.08100000 1223412.54881225 24076.76009026
0.08200000 1213830.26053007 21157.06243384
0.08300000 1204211.22053418 18207.67450900
0.08400000 1194557.38563620 16753.66811994
0.08500000 1184871.06693913 16813.32122917
0.08600000 1175154.13888431 19936.49090222
0.08700000 1165410.55570881 16921.76206350
0.08800000 1155639.67374722 24684.46459052
0.08900000 1145846.70125963 23203.39679036
0.09000000 1136031.98661599 17057.52108032
0.09100000 1126197.81482562 23312.29586213
0.09200000 1116346.54720403 18687.64207827
0.09300000 1106482.70665549 17161.54758668
0.09400000 1096603.31809079 20314.57742237
0.09500000 1086714.43665069 18778.42634796
0.09600000 1076817.11240974 26635.07252751
0.09700000 1066915.55253377 18820.39123149
0.09800000 1057009.45529421 20405.56849388
0.09900000 1047101.96492829 17277.18323373
0.10000000 1037193.80048306 18856.18417954
0.10100000 1027287.02614504 26719.73680671
0.10200000 1017385.26938934 18862.32378169
0.10300000 1007489.26469582 25146.93322974
0.10400000 997602.28187179 28282.02602160
0.10500000 987726.96412573 20416.31730905
0.10600001 977860.20870073 23541.98563220
0.10700001 968010.25620575 23522.65033272
0.10800001 958174.78385162 23499.23767987
0.10900001 948358.45905935 17212.70684205
0.11000001 938560.83887056 17189.74257303
0.11100001 928784.72438449 15603.58410417
0.11200001 919031.72193158 24924.14147214
0.11300001 909303.63332921 17104.00214819
0.11400001 899602.64565468 17069.96100503
0.11500001 889930.72061876 23227.19290187
0.11600001 880288.21459612 21628.68245115
0.11700001 870678.51013148 24657.61656817
0.11800001 861100.56670004 19981.83959139
0.11900001 851557.43049515 16860.83791798
0.12000001 842050.10584227 19868.17318324
0.12100001 832583.33126429 15236.27567989
0.12200001 823154.49172105 16705.92119652
0.12300001 813767.95179605 16649.69307819
0.12400001 804422.35933374 18099.50393781
0.12500001 795120.28645481 16530.55153432
0.12600001 785865.23434805 16467.80676178
0.12700001 776655.79520498 14911.79197067
0.12800001 767493.79954473 16336.10629322
0.12900001 758381.67927387 20703.82081999
0.13000001 749320.17906714 20613.79909777
0.13100001 740309.04126876 16123.93167888
0.13200001 731351.66609920 18967.60635442
0.13300001 722448.06613277 21781.81022076
0.13400001 713598.79622000 20230.52682662
0.13500001 704806.63289514 21567.08398344
0.13600001 696071.24471499 20025.97065469
0.13700001 687394.42378369 18497.78481625
0.13800001 678775.19524482 14152.46348822
0.13900001 670217.59006152 18296.94107153
0.14000001 661719.95971609 16794.45336963
0.14100001 653285.46433314 15306.47915122
0.14200001 644913.01037287 17983.40014244
0.14300001 636605.20122590 15125.74029457
0.14400001 628358.86716797 21866.88960890
0.14500001 620180.19737789 14940.14165959
0.14600001 612066.61993697 14845.67656691
0.14700001 604020.90415097 21454.82352761
0.14800001 596040.04543516 18650.09390155
0.14900001 588127.97985454 14556.16818817
0.15000001 580283.82515350 14457.77218586
0.15100001 572508.77314006 19579.80096526
0.15200001 564804.14352423 12962.25570553
0.15300001 557169.44997914 16731.79937243
0.15400001 549603.12206068 17889.58246730
0.15500001 542109.50830689 13953.89940235
0.15600001 534685.30437763 16369.39136607
0.15700001 527335.55965574 13747.63868907
0.15800001 520054.51305901 16124.29093844
0.15900001 512848.07640865 12308.35441477
0.16000001 505711.68972064 15876.81924820
0.16100001 498650.59779041 15752.37312778
0.16200001 491661.72267280 14425.35562418
0.16300001 484745.64671143 13117.21781925
0.16400001 477903.50796327 18924.97980879
0.16500001 471133.91465142 14077.48203440
0.16600001 464438.90328426 19778.13163015
0.16700001 457816.16331770 13844.36143238
0.16800001 451267.75844094 12583.60203828
0.16900001 444794.31889518 14744.93236760
0.17000001 438392.95628517 12369.25784566
0.17100001 432066.07998574 13376.76646803
0.17200001 425812.39244355 12154.81531629
0.17300001 419632.60989109 13142.89396246
0.17400001 413526.93307023 11940.59075631
0.17500001 407493.66210881 15060.96646283
0.17600001 401532.33487865 15991.02599178
0.17700001 395647.18406383 14789.29243881
0.17800001 389832.78987357 12560.41308298
0.17900001 384090.74211631 13481.58568507
0.18000001 378422.78523951 12329.01492546
0.18100001 372826.98465730 10178.17716193
0.18200001 367301.05550842 11090.65589498
0.18300001 361847.63458243 13981.79326076
0.18400001 356465.34548975 13848.67932650
0.18500001 351154.45103897 11756.65157619
0.18600001 345914.46809928 10673.19141744
0.18700001 340743.47204003 13452.55291170
0.18800001 335641.33576066 10466.97555022
0.18900001 330612.04616396 10364.68813695
0.19000001 325647.62829183 9329.80499138
0.19100001 320754.58684118 13856.59880626
0.19200001 315927.75777224 10975.33082361
0.19300001 311170.69880027 10866.08131556
0.19400001 306478.88312943 9860.95853066
0.19500001 301854.44019479 13311.78144164
0.19600001 297295.05925440 10542.08329934
0.19700001 292803.16417593 11305.13070309
0.19800001 288375.00115494 14633.59012517
0.19900001 284011.94612557 11076.46642237
0.20000001 279711.06400416 13493.26236527
0.20100001 275475.58153561 9181.60156653
0.20200001 271301.26183197 10739.46095720
0.20300001 267189.99218503 9811.21697676
0.20400001 263140.43888919 12137.35331745
0.20500001 259151.20057150 8808.54972378
0.20600001 255222.17242868 9509.57859419
0.20700001 251353.05466301 10979.10194665
0.20800001 247542.57666802 10864.64420353
0.20900001 243792.94106219 9983.32140842
0.21000001 240098.00066646 9878.83270442
0.21100001 236462.00272339 8271.44124628
0.21200001 232881.25447932 8184.61207560
0.21300001 229356.24418530 9571.03652233
0.21400001 225886.91307371 11655.76526565
0.21500001 222472.91928465 11532.99668097
0.21600001 219111.24367593 8558.48558261
0.21700001 215803.32555394 7762.44598718
0.21800001 212547.97803607 9076.86183119
0.21900001 209343.45133675 11053.33475320
0.22000001 206189.54483141 7518.70210778
0.22100001 203087.59897556 12173.07125818
0.22200001 200034.74180490 10705.85988762
0.22300001 197030.48063641 9268.31424739
0.22400001 194073.80366341 9169.98765671
0.22500001 191167.02781949 8424.73131439
0.22600001 188305.10971652 7694.14714686
0.22700001 185490.57627328 9515.66701281
0.22800001 182720.68013268 6276.45565937
0.22900001 179995.49403979 9314.76725706
0.23000001 177314.92554974 7372.75495303
0.23100001 174678.84351843 7294.58885031
0.23200001 172083.95829475 6014.33462684
0.23300001 169532.22724984 7735.75589527
0.23400001 167020.88777713 8831.22985889
0.23500001 164550.46855273 7572.61292095
0.23600001 162120.47260024 6339.72138088
0.23700001 159729.99109628 9694.01361814
0.23800001 157377.95152844 6770.39979498
0.23900001 155064.30919111 5582.31539492
0.24000001 152787.41748707 5523.26540341
0.24100001 150548.68961965 6011.40946086
0.24200001 148346.08479340 6488.65805579
0.24300001 146178.51203481 5885.14717291
0.24400001 144045.92501932 5823.05679436
0.24500001 141947.22834385 7332.99416313
0.24600001 139882.41915609 8810.49458733
0.24700001 137851.57061188 6666.50227016
0.24800001 135852.84712770 6088.92489631
0.24900001 133884.85618050 6024.81881314
0.25000001 131949.46105650 5464.68718818
0.25100001 130044.16662509 5407.23670408
0.25200001 128170.91389916 8755.35554266
0.25300001 126325.49415407 5294.30171047
0.25400001 124510.30725783 5238.77142573
0.25500001 122722.11315175 5183.78230478
0.25600001 120963.43590297 5595.76880962
0.25700001 119231.29428613 4614.25130719
0.25800001 117526.13880025 4565.89070842
0.25900001 115848.33771563 6325.31953855
0.26000001 114195.60736615 8494.44065585
0.26100001 112568.05961501 4866.31744741
0.26200001 110966.70245203 5253.16394264
0.26300001 109388.47933327 5198.14078388
0.26400001 107835.03877642 5572.37589245
0.26500001 106305.21940643 7634.84121904
0.26600001 104798.06514605 5456.31152002
0.26700001 103313.89608131 4983.86258280
0.26800001 101852.30067188 5753.63673722
0.26900001 100411.63629806 5693.34004752
0.27000001 98992.88610096  4828.87321252
0.27100001 97595.01571986  7167.37829365
0.27200001 96218.39537348  3940.14347701
0.27300001 94861.61320086  4678.57498448
0.27400001 93523.41292739  4629.40915899
0.27500001 92206.74118425  4962.56704539
0.27600001 90906.76805407  3777.17639141
0.27700001 89627.58059507  5232.45840277
0.27800001 88365.53776698  4067.90772363
0.27900001 87122.16242188  6586.43579082
0.28000001 85895.90996652  4344.61533173
0.28100001 84687.34122710  3940.50217380
0.28200001 83496.28741437  4962.18459589
0.28300001 82321.82368733  4558.98281158
0.28400001 81163.21637506  4163.67319711
0.28500001 80021.50817331  4462.79972206
0.28600001 78895.34893832  5094.66739883
0.28700001 77785.50532109  4032.40078671
0.28800001 76689.46658840  4321.83509416
0.28900001 75610.45719791  3946.86605255
0.29000001 74545.42861624  4880.86216968
0.29100001 73495.52906304  4506.74605547
0.29200001 72459.69686578  4139.98497639
0.29300001 71438.38809815  3150.43306426
0.29400001 70430.24261221  3739.84605974
0.29500001 69437.35440099  3699.62241761
0.29600001 68456.57433696  3964.66269040
0.29700001 67489.64385895  3620.14466796
0.29800001 66536.20619104  4177.80858451
0.29900001 65596.14557086  3542.19202851
0.30000001 64667.81750515  3211.72730844
0.30100001 63753.26882930  3176.82553616
0.30200001 62850.26368360  3427.85354358
0.30300001 61960.38866662  2825.39385696
0.30400001 61082.32976378  3353.42006279
0.30500001 60217.04396654  4145.94367337
0.30600001 59362.09492898  3827.07444126
0.30700001 58520.10289870  3514.71754649
0.30800001 57689.39700960  2673.90367799
0.30900001 56870.43994580  3966.71337402
0.31000001 56062.77913948  3138.39452481
0.31100001 55266.06218474  2845.09701597
0.31200001 54481.23296752  4348.41981518
0.31300001 53706.77186106  5059.17814884
0.31400001 52944.65048398  3502.28879534
0.31500001 52191.68126175  2968.66297073
0.31600002 51451.18302928  2446.50386888
0.31700002 50720.35885459  3145.16960149
0.31800002 50000.06954326  2631.75378502
0.31900002 49290.92231471  2839.15725976
0.32000002 48592.56631094  2573.70539652
0.32100002 47903.80524221  2313.75390275
0.32200002 47226.54812857  2745.75163821
0.32300002 46557.86209065  2488.98342522
0.32400002 45900.64211103  3580.25025419
0.32500002 45253.01855434  2655.44725451
0.32600002 44615.69487445  2626.07992466
0.32700002 43988.59651690  2597.08686134
0.32800002 43372.15981007  2354.45780678
0.32900002 42763.84508369  2328.49147507
0.33000002 42166.70870723  2302.93490510
0.33100002 41578.32158201  2070.60051284
0.33200002 41001.19649280  2252.81084798
0.33300002 40432.96203702  2430.82979278
0.33400002 39874.94641506  2604.83099792
0.33500002 39326.50598527  2576.67279418
0.33600002 38786.99376975  2156.75089070
0.33700002 38257.12754278  1939.63645827
0.33800002 37737.73442082  2110.86027479
0.33900002 37226.85782717  2088.42682301
0.34000002 36725.56420422  2254.21523761
0.34100002 36233.75706154  2788.18773793
0.34200002 35752.14624875  2207.33761394
0.34300002 35278.89480518  2366.50837561
0.34400002 34815.87070662  1981.89353384
0.34500002 34361.51498672  2318.37152595
0.34600002 33917.17175837  1765.38887363
0.34700002 33480.79519657  1922.46735124
0.34800002 33054.43924816  2768.63996255
0.34900002 32636.70852668  2056.11273456
0.35000002 32228.51119562  1866.51431430
0.35100002 31829.88149211  2352.86495133
0.35200002 31438.75917583  1831.15061493
0.35300002 31057.92072747  2308.84593623
0.35400002 30685.18171931  1633.98600394
0.35500002 30321.94863099  1943.03056030
0.35600002 29967.09730852  1765.21195057
0.35700002 29620.83596284  1749.70286320
0.35800002 29283.81167383  1892.31999999
0.35900002 28955.82353967  1876.33745424
0.36000002 28636.19174485  2481.03977029
0.36100002 28324.73273225  1999.44297828
0.36200002 28023.22178346  1678.45094822
0.36300002 27728.66091191  1816.78194900
0.36400002 27443.32354598  2103.53084944
0.36500002 27165.57604683  2087.94627386
0.36600002 26897.03861439  1480.68204586
0.36700002 26636.17696273  1617.34874179
0.36800002 26384.53890326  2044.53801646
0.36900002 26140.63865207  1740.96661670
0.37000002 25904.32739332  1585.73347650
0.37100002 25676.03064626  1719.26709352
0.37200002 25456.33458580  1566.71018630
0.37300002 25244.31161990  1699.44713875
0.37400002 25040.01569220  2112.75142411
0.37500002 24843.65970554  1541.30072114
0.37600002 24655.05569143  2230.78954464
0.37700002 24474.00932182  1942.74695200
0.37800002 24300.38860567  1795.92030498
0.37900002 24135.14635463  1375.70340738
0.38000002 23976.51876292  1918.36135710
0.38100002 23824.50530604  1911.20190619
0.38200002 23680.95908768  2312.80097886
0.38300002 23543.91428617  1356.12952713
0.38400002 23414.08352096  1757.81240361
0.38500002 23290.80687010  1618.24533800
0.38600002 23175.43381631  2018.00099516
0.38700002 23065.83869768  1879.40462612
0.38800002 22963.03277353  2009.83953872
0.38900002 22866.95690837  1739.03215527
0.39000002 22777.86869762  1603.10647489
0.39100002 22694.43754682  2001.64948646
0.39200002 22618.09012792  1733.33741907
0.39300002 22547.14400960  1465.78990151
0.39400002 22483.69869357  1865.02289499
0.39500002 22424.91251265  1332.03986636
0.39600002 22372.29212637  1465.49706517
0.39700002 22324.89101599  1865.91447952
0.39800002 22284.41104706  1467.09427079
0.39900002 22248.42248969  1468.39595389
0.40000002 22218.34428359  1871.00686077
0.40100002 22193.26537034  1472.07936176
0.40200002 22173.92323412  2144.66195682
0.40300002 22159.40576034  2014.29007905
0.40400002 22149.97753744  1345.61119915
0.40500002 22144.87341030  1618.34742550
0.40600002 22145.66507770  1892.79008387
0.40700002 22150.32580052  1762.28000419
0.40800002 22159.51491845  1495.43493513
0.40900002 22172.86634120  1636.35761351
0.41000002 22191.20704827  1915.32317109
0.41100002 22213.39142792  1647.34518635
0.41200002 22238.72793906  1377.68926110
0.41300002 22269.53451651  1382.93815900
0.41400002 22303.20967721  1943.72481547
0.41500002 22340.58923344  1672.86340107
0.41600002 22380.62582455  1679.88985399
0.41700002 22425.52535592  1827.90465837
0.41800002 22474.12577796  2118.74830811
0.41900002 22524.07985941  1702.82051806
0.42000002 22577.73809868  1710.94107419
0.42100002 22634.97257469  2292.47013099
0.42200002 22694.70064155  1871.97247112
0.42300002 22756.67884749  1592.05732761
0.42400002 22821.15982093  2182.27351129
0.42500002 22888.80948265  1901.37349382
0.42600002 22957.31022633  1911.54052658
0.42700002 23029.34528782  1922.02924880
0.42800002 23102.61951612  2081.31509083
0.42900002 23178.68989438  1644.52812594
0.43000002 23256.53341623  1804.24194793
0.43100002 23334.52455778  1512.07726300
0.43200002 23415.38373187  1977.07801909
0.43300002 23497.00066789  1835.58577916
0.43400002 23580.56834043  1538.63215713
0.43500002 23664.55138137  1702.42790705
0.43600002 23750.55782262  2023.90388076
0.43700002 23836.79392761  1722.68517878
0.43800002 23923.38543630  2363.03250845
0.43900002 24011.88035252  2218.69784972
0.44000002 24100.21406866  1753.65215981
0.44100002 24189.47279429  1764.13833449
0.44200002 24278.98766275  1774.67268731
0.44300002 24368.88794547  2272.15521971
0.44400002 24458.81458377  2122.41373609
0.44500002 24548.29298660  1970.73705436
0.44600002 24637.78520616  2643.14172218
0.44700002 24728.11981132  1827.90270308
0.44800002 24817.11238859  2005.71911830
0.44900002 24906.36892655  1849.29798044
0.45000002 24995.51198459  2029.13575907
0.45100002 25083.09863459  2210.82441843
0.45200002 25170.61439371  1710.34332911
0.45300002 25256.98748873  1892.00102245
0.45400002 25342.83440269  2421.50794194
0.45500002 25428.14022131  1739.28487357
0.45600002 25511.72854630  1923.71198221
0.45700002 25594.80355163  2110.03570480
0.45800002 25676.17161437  2121.36539932
0.45900002 25756.30120708  2488.05881452
0.46000002 25835.61402005  2322.49263241
0.46100002 25912.61266917  2693.61621462
0.46200002 25988.81049057  2707.38446117
0.46300002 26063.28521279  2721.00710518
0.46400002 26135.59465160  2005.25359468
0.46500002 26207.33832945  2198.27164326
0.46600002 26276.16015099  2024.70961640
0.46700002 26343.19420483  1849.29232083
0.46800002 26409.03781403  2229.45107793
0.46900002 26472.09803835  2239.53960019
0.47000002 26533.38014664  1874.58339621
0.47100002 26592.69012532  2071.03880512
0.47200002 26650.06508039  2647.15108990
0.47300002 26705.08884819  2658.22466994
0.47400002 26757.10701764  2478.37715498
0.47500002 26807.46830505  2105.45866047
0.47600002 26856.10615169  2113.70993485
0.47700002 26901.07077666  1928.80686611
0.47800002 26943.85171934  1935.91583779
0.47900002 26985.20417107  1942.93479241
0.48000002 27022.77417284  2339.63189878
0.48100002 27059.51432902  1956.40297872
0.48200002 27091.46588508  2355.33215569
0.48300002 27121.42157874  2165.91682994
0.48400002 27149.45826246  2370.14781866
0.48500002 27174.32542065  3565.81515072
0.48600002 27197.00047261  2185.41507657
0.48700002 27216.67437168  2390.71279013
0.48800002 27233.39637290  4194.89640914
0.48900002 27247.37948697  2202.95073594
0.49000002 27258.77007561  2007.60851123
0.49100002 27268.34453075  2414.88470611
0.49200002 27273.63409627  2420.26240443
0.49300002 27276.95526563  2425.46697719
0.49400002 27276.94838440  2632.90756761
0.49500002 27274.52729382  2232.14741953
0.49600002 27269.49283589  2236.23486601
0.49700002 27261.33927056  2443.70656805
0.49800002 27250.69090411  2243.68574195
0.49900002 27236.70166145  3064.12908216
0.50000002 27220.71517211  2045.63684215
