# SAXS profile: number of points = 501, q_min = 0, q_max = 0.5, delta_q = 0.001
#    q    intensity    error
0.00000000 1700912.83420644 331.67800267
0.00100000 1700829.92218417 561.27388765
0.00200000 1700581.12641376 994.83999045
0.00300000 1700166.67585555 1428.14005859
0.00400000 1699586.43049160 2166.97278122
0.00500000 1698840.91875304 2140.53964235
0.00600000 1697930.03177701 2495.95724833
0.00700000 1696854.33648710 2443.47034609
0.00800000 1695613.67523696 2975.80212568
0.00900000 1694209.26392961 3557.83960634
0.01000000 1692640.51558878 3630.71406271
0.01100000 1690908.67011389 3347.99931260
0.01200000 1689013.67941678 3622.93450119
0.01300000 1686956.75437225 3542.60934043
0.01400000 1684737.89758754 5685.99065642
0.01500000 1682358.41542068 4037.66037680
0.01600000 1679817.85537977 4283.53572271
0.01700000 1677118.48279423 7697.97418135
0.01800000 1674260.24963884 6680.29869666
0.01900000 1671243.79145747 5515.10476067
0.02000000 1668070.22175667 7356.19001071
0.02100000 1664741.80824072 5493.64821627
0.02200000 1661256.91764785 6877.60395153
0.02300000 1657618.76183289 8354.39893992
0.02400000 1653827.06290959 6822.03694557
0.02500000 1649884.20991391 7078.00358379
0.02600000 1645790.32011589 11997.81198240
0.02700000 1641547.42162425 7583.94943526
0.02800000 1637155.46305499 7833.78924997
0.02900000 1632617.10832522 8081.45505726
0.03000000 1627933.55912435 9840.85881724
0.03100000 1623105.07959399 7790.90474054
0.03200000 1618133.61226183 11213.66644946
0.03300000 1613022.38511886 12339.62181502
0.03400000 1607769.68842460 8440.79125369
0.03500000 1602379.04820864 8652.84725990
0.03600000 1596851.54657403 8862.52649306
0.03700000 1591189.10984345 11790.71184923
0.03800000 1585393.11547854 13911.82523216
0.03900000 1579465.79990150 11372.15428594
0.04000000 1573406.85165282 10644.09784467
0.04100000 1567220.64560122 14810.23578763
0.04200000 1560907.71953153 14094.99736128
0.04300000 1554468.95336217 12311.39468210
0.04400000 1547908.14730438 11493.21852750
0.04500000 1541226.54759366 11697.91003978
0.04600000 1534424.21644042 11899.46035166
0.04700000 1527505.35417420 12097.84296771
0.04800000 1520470.40463514 12293.00379345
0.04900000 1513323.44048593 17024.88949793
0.05000000 1506063.75057129 12673.52705121
0.05100000 1498696.02352710 11689.82952807
0.05200000 1491218.60781007 18968.30157529
0.05300000 1483637.78292521 14420.95992231
0.05400000 1475952.96229480 18264.91876016
0.05500000 1468167.29559281 14799.12702994
0.05600000 1460281.62112529 13733.94928757
0.05700000 1452301.09986146 17689.02822201
0.05800000 1444224.54551854 14059.52660710
0.05900000 1436055.03392086 12924.49590894
0.06000000 1427796.00736294 14370.76748549
0.06100000 1419449.01941494 17161.13944669
0.06200000 1411016.30153066 14667.51514002
0.06300000 1402500.56563524 14810.40666557
0.06400000 1393901.18567129 20385.80579382
0.06500000 1385224.37247505 13713.72192900
0.06600000 1376470.45991714 16600.23452330
0.06700000 1367641.91635446 19529.92747952
0.06800000 1358741.18652320 30938.53826534
0.06900000 1349771.04821995 15589.85633684
0.07000000 1340732.59555842 15706.68309249
0.07100000 1331628.70761718 23010.54514539
0.07200000 1322461.80941942 20273.34048814
0.07300000 1313234.85705276 16034.59835592
0.07400000 1303950.08309129 19070.27085892
0.07500000 1294608.78942245 23613.66542590
0.07600000 1285212.33390043 17813.04378295
0.07700000 1275766.53046918 16419.11601701
0.07800000 1266271.27110296 16505.84679289
0.07900000 1256728.39044378 18096.88967120
0.08000000 1247142.46690361 16668.05985208
0.08100000 1237514.21146258 19787.85316970
0.08200000 1227845.51113566 15286.67733097
0.08300000 1218139.82516063 18418.27502084
0.08400000 1208399.00752227 20029.21448983
0.08500000 1198625.08168106 18554.71713548
0.08600000 1188820.57899433 15514.10928429
0.08700000 1178988.79701338 20231.44870677
0.08800000 1169129.62473759 17168.66934558
0.08900000 1159248.02740820 18779.81892610
0.09000000 1149344.30652637 17257.40557317
0.09100000 1139420.85397304 17296.40937592
0.09200000 1129480.27943555 20483.12583000
0.09300000 1119526.85809739 18942.39532915
0.09400000 1109557.92339670 23716.80172723
0.09500000 1099578.94373724 17417.33128746
0.09600000 1089591.57533261 17438.91398296
0.09700000 1079599.94361173 19044.14390063
0.09800000 1069603.40590280 17471.97245691
0.09900000 1059605.57993386 17483.49289103
0.10000000 1049606.71208365 17491.69667946
0.10100000 1039609.48298473 20677.83358908
0.10200000 1029617.08200079 19089.10159818
0.10300000 1019630.37899118 19087.48159260
0.10400000 1009652.82143026 20672.64249133
0.10500000 999686.80412565 17484.52302679
0.10600001 989729.27460467 19062.18672583
0.10700001 979788.78236385 19047.09482546
0.10800001 969862.94806609 20614.43793130
0.10900001 959955.99526712 23758.91200109
0.11000001 950068.11311275 15818.63482790
0.11100001 940201.88219338 17374.93160083
0.11200001 930358.74223685 17346.53956563
0.11300001 920540.68466710 17315.37109381
0.11400001 910749.80327837 21994.60878478
0.11500001 900988.20411160 20380.35413667
0.11600001 891256.19727787 20334.01109845
0.11700001 881557.28603813 15603.56469772
0.11800001 871890.11677407 20232.21111265
0.11900001 862258.11598845 32593.35831956
0.12000001 852662.17120139 17023.40104992
0.12100001 843106.92539424 20057.51470000
0.12200001 833590.11987998 16917.71227998
0.12300001 824115.79943819 16861.41005092
0.12400001 814682.61863618 16802.82980108
0.12500001 805293.33213429 21308.06257232
0.12600001 795951.31646051 19711.73528103
0.12700001 786655.26737991 18124.53821458
0.12800001 777406.95332952 19555.67283265
0.12900001 768208.88628428 22470.11098288
0.13000001 759061.78880924 19390.23430909
0.13100001 749965.26764565 16334.24429928
0.13200001 740923.31468304 19215.84707215
0.13300001 731935.22594870 16183.08860864
0.13400001 723001.98278018 19033.02809401
0.13500001 714126.12706285 18938.62578263
0.13600001 705307.51718577 18842.29121005
0.13700001 696548.10176706 14418.54638646
0.13800001 687846.28710358 18644.07449112
0.13900001 679206.99007542 15689.68221064
0.14000001 670627.86359034 17020.53598062
0.14100001 662112.60905840 14102.99923808
0.14200001 653659.57822752 14020.99861428
0.14300001 645271.84105025 16725.44690892
0.14400001 636945.74964452 16624.28484989
0.14500001 628688.24899499 17898.75529321
0.14600001 620496.04013671 17786.51982959
0.14700001 612372.34202616 20391.99995149
0.14800001 604314.14094748 22960.91686857
0.14900001 596325.08629275 18784.24110448
0.15000001 588404.43835356 15992.83338904
0.15100001 580553.49139735 15883.94427411
0.15200001 572773.47039398 13145.15176582
0.15300001 565064.03944411 15663.57591254
0.15400001 557423.31085790 14256.10184795
0.15500001 549855.99648058 16726.62020232
0.15600001 542358.66444270 16604.31129555
0.15700001 534936.34084985 15213.59025180
0.15800001 527583.17515638 15099.43118565
0.15900001 520305.18043076 12487.32491975
0.16000001 513097.88340317 17347.84025672
0.16100001 505966.26698031 14753.97704160
0.16200001 498907.61549130 17077.60848443
0.16300001 491922.31396662 12101.28949485
0.16400001 485011.57224086 22807.67026137
0.16500001 478174.06145696 11906.53469240
0.16600001 471411.59409851 12989.74708867
0.16700001 464721.91127755 11710.99271713
0.16800001 458107.04464277 13935.61695602
0.16900001 451567.98359664 12666.48253797
0.17000001 445101.63156618 12558.54312765
0.17100001 438710.16324410 16978.08411927
0.17200001 432392.44513294 11220.58448107
0.17300001 426149.43172048 16683.75103974
0.17400001 419980.78932890 11024.49624053
0.17500001 413885.28655329 14204.54370536
0.17600001 407862.42231147 11911.62260618
0.17700001 401916.28322216 16096.74790331
0.17800001 396041.40765336 12760.45475729
0.17900001 390239.36839418 10536.46344432
0.18000001 384512.24370184 13571.36028250
0.18100001 378857.76753246 10342.81754219
0.18200001 373273.71489015 15369.54593663
0.18300001 367762.68915593 12180.30084023
0.18400001 362323.24784654 12065.36472327
0.18500001 356955.99993468 11950.88744240
0.18600001 351660.05563408 14796.09753982
0.18700001 346433.80540286 10746.37715131
0.18800001 341276.88863004 11610.24029973
0.18900001 336193.54639784 13414.12313506
0.19000001 331175.38229657 10436.99266621
0.19100001 326229.15634712 10334.94016140
0.19200001 321349.74566785 12093.99824967
0.19300001 316540.80293682 11974.73914094
0.19400001 311797.58856751 14592.12783449
0.19500001 307122.21416351 13544.09028464
0.19600001 302512.32772061 12514.93558921
0.19700001 297970.63873693 8849.72838870
0.19800001 293493.17106035 10512.92588421
0.19900001 289081.16444103 8672.43534309
0.20000001 284732.13024852 17169.34826543
0.20100001 280448.84004990 12746.40038269
0.20200001 276227.14479992 9252.22865237
0.20300001 272069.08857514 11655.44030545
0.20400001 267973.23558058 10712.23059866
0.20500001 263938.18383207 8971.25929250
0.20600001 259963.80124237 8071.87641012
0.20700001 256049.81668084 10385.38105548
0.20800001 252194.98717388 10278.20718812
0.20900001 248401.50490598 8607.11255186
0.21000001 244663.11820268 9292.30566861
0.21100001 240984.10406028 9195.95384566
0.21200001 237360.83254302 8342.04685409
0.21300001 233793.82014597 10506.69477407
0.21400001 230282.92500788 9654.61208739
0.21500001 226827.68400506 11023.82596383
0.21600001 223425.21952083 10908.73685885
0.21700001 220076.95537261 8635.82013712
0.21800001 216781.79364588 7833.41048376
0.21900001 213537.58404415 10570.11090996
0.22000001 210344.70612159 9762.09827268
0.22100001 207203.93579344 8969.85880462
0.22200001 204112.89808915 10924.12282227
0.22300001 201070.71005550 9458.36664825
0.22400001 198076.46176659 11364.63753125
0.22500001 195132.71072213 11245.49865069
0.22600001 192233.92817355 6545.56556384
0.22700001 189383.03520748 8419.97014350
0.22800001 186577.06739783 8331.59933865
0.22900001 183816.35033635 8878.33014111
0.23000001 181100.42255181 6902.64293200
0.23100001 178429.43585835 7451.21359383
0.23200001 175799.87761802 6758.62661466
0.23300001 173213.96856008 7295.77270080
0.23400001 170668.55766442 6016.06694220
0.23500001 168164.45778724 6548.32429595
0.23600001 165701.29537852 8836.02199398
0.23700001 163277.73629070 8160.62164579
0.23800001 160892.95863853 7498.41669201
0.23900001 158546.90218826 5707.68874875
0.24000001 156238.05629001 6777.60720244
0.24100001 153967.51850225 7824.62966040
0.24200001 151733.36665297 7742.95406656
0.24300001 149534.59439310 5472.96641367
0.24400001 147370.96753657 5957.47164448
0.24500001 145241.61186964 5359.41573151
0.24600001 143146.47021407 5303.57697232
0.24700001 141085.49039696 6298.05658926
0.24800001 139056.83064834 5713.15015746
0.24900001 137059.21747249 6167.66507804
0.25000001 135094.46432700 5086.30682254
0.25100001 133159.98855178 6040.13736646
0.25200001 131257.86788279 7969.97811490
0.25300001 129383.79239722 5422.47499591
0.25400001 127540.23458601 5366.25562409
0.25500001 125723.70254652 4827.79040620
0.25600001 123937.09512349 5733.33029167
0.25700001 122177.18766152 6619.56034069
0.25800001 120444.41914992 5615.11908644
0.25900001 118739.40366865 5557.00435462
0.26000001 117059.56468662 5041.17039175
0.26100001 115405.12832958 4988.96393375
0.26200001 113776.92931078 5386.20008843
0.26300001 112172.22793602 6218.82861103
0.26400001 110592.51938887 4835.65813909
0.26500001 109036.46295393 5220.66609327
0.26600001 107503.40827404 4305.51170511
0.26700001 105993.40936143 5113.12230955
0.26800001 104506.29030624 5060.19481608
0.26900001 103040.15289153 4590.43902854
0.27000001 101596.19420268 5368.85113671
0.27100001 100173.32255671 7356.72915671
0.27200001 98771.71264179  6067.05273614
0.27300001 97390.37469976  4002.74458959
0.27400001 96027.45412740  4357.24593724
0.27500001 94686.45202670  5488.02701919
0.27600001 93362.37106267  6206.73072199
0.27700001 92059.14108291  4990.52627429
0.27800001 90773.13582908  6078.16946278
0.27900001 89506.01372175  4135.17802965
0.28000001 88256.10731146  4091.99460916
0.28100001 87024.02181131  4785.45118589
0.28200001 85809.71945741  6192.45869773
0.28300001 84612.07371390  3964.92196189
0.28400001 83430.41839920  4993.31077753
0.28500001 82265.90318377  4940.89037908
0.28600001 81116.98740096  3492.08647290
0.28700001 79984.64244904  4491.93773255
0.28800001 78866.07005783  4786.38201836
0.28900001 77764.86675358  3382.77186390
0.29000001 76677.57180148  3346.97616756
0.29100001 75605.62455392  4304.98446588
0.29200001 74547.90409325  4259.29470198
0.29300001 73504.89452954  3889.87920263
0.29400001 72475.18231565  4489.83775699
0.29500001 71460.68694831  5076.56744112
0.29600001 70458.58944488  3766.71637003
0.29700001 69470.47785931  3415.86355804
0.29800001 68495.95703643  3379.24820036
0.29900001 67534.92172227  3342.97878351
0.30000001 66585.78223837  3306.98303142
0.30100001 65650.64797713  4460.96174123
0.30200001 64726.94819734  3236.02392832
0.30300001 63816.68549527  2910.04099635
0.30400001 62918.42580727  3166.36992865
0.30500001 62032.86845951  3132.03967680
0.30600001 61157.94228791  3379.58805083
0.30700001 60295.98730071  3064.24221969
0.30800001 59445.56871518  4132.95336059
0.30900001 58607.00420862  3815.31615461
0.31000001 57779.92915511  2695.43382270
0.31100001 56963.72181039  3465.67299903
0.31200001 56159.74390058  3164.04012116
0.31300001 55366.04294627  5737.02964172
0.31400001 54584.96511247  4126.62355788
0.31500001 53813.12659737  4591.33617867
0.31600002 53053.91129344  4793.15584275
0.31700002 52304.54813346  3243.40518333
0.31800002 51565.83908732  3207.65317230
0.31900002 50838.43669129  3172.31859974
0.32000002 50121.94623755  2654.70900817
0.32100002 49415.14766214  3341.45244313
0.32200002 48719.95340992  2832.57822538
0.32300002 48033.60363945  2567.87657216
0.32400002 47358.89796663  2770.49566223
0.32500002 46693.73182033  2511.65595355
0.32600002 46039.04469219  2709.85829890
0.32700002 45394.74420309  2233.42152055
0.32800002 44761.27412296  2871.65967734
0.32900002 44136.08779066  3058.63102873
0.33000002 43522.14649449  2376.96214336
0.33100002 42917.18281618  2137.27580546
0.33200002 42323.55717666  2325.46795919
0.33300002 41739.01373026  2718.46209299
0.33400002 41164.79639852  2068.53111698
0.33500002 40600.24112962  2250.87747482
0.33600002 40044.95316296  2631.55422173
0.33700002 39499.32162517  2202.87727136
0.33800002 38964.28600854  2377.60084484
0.33900002 38437.98900305  2744.47254479
0.34000002 37921.38547909  3103.48633458
0.34100002 37414.57801279  2303.24153155
0.34200002 36917.89703364  2279.31107080
0.34300002 36429.78415247  2067.75464642
0.34400002 35951.98807697  2604.72165954
0.34500002 35483.17425929  2025.73451440
0.34600002 35024.53050360  3281.44841829
0.34700002 34573.81583790  2346.17925388
0.34800002 34133.44418629  1965.57447656
0.34900002 33701.71915945  2300.14244157
0.35000002 33279.79170223  1752.18111611
0.35100002 32867.54661363  2429.56916075
0.35200002 32463.00071831  2578.37395417
0.35300002 32068.84716799  2724.56938444
0.35400002 31682.88944637  2193.24812581
0.35500002 31306.58868043  1671.77191472
0.35600002 30938.89724612  2153.81143380
0.35700002 30579.94323494  2134.78593834
0.35800002 30230.43089010  1790.69965859
0.35900002 29890.05470274  2098.28193952
0.36000002 29558.24643465  1600.57912025
0.36100002 29234.63948813  1746.18509934
0.36200002 28921.26920284  2047.19213749
0.36300002 28615.00780520  1874.85540020
0.36400002 28318.00537083  2015.53412774
0.36500002 28028.88533858  2000.42164137
0.36600002 27749.01526901  1833.10003550
0.36700002 27477.04066803  2123.42580341
0.36800002 27214.37354379  1958.21034110
0.36900002 26959.66890562  1645.88786465
0.37000002 26712.61458862  1932.52419396
0.37100002 26473.80635822  1772.68615772
0.37200002 26243.79656732  1762.00858500
0.37300002 26021.43783569  2335.68437077
0.37400002 25807.13602892  1596.81661743
0.37500002 25600.74940045  1877.04703496
0.37600002 25402.50565255  1580.16293897
0.37700002 25211.81837288  1429.51016946
0.37800002 25028.62707513  1422.87751663
0.37900002 24854.10059277  1700.02056108
0.38000002 24686.15579063  1551.89525730
0.38100002 24525.13826250  2248.46478242
0.38200002 24372.68693361  1540.23202374
0.38300002 24226.92492992  1535.01803628
0.38400002 24088.49032036  1808.44349647
0.38500002 23956.72214343  1525.80370560
0.38600002 23832.98492403  1521.85532442
0.38700002 23715.17988297  1518.24588803
0.38800002 23604.25505959  1652.77001757
0.38900002 23500.19223137  1649.71357280
0.39000002 23403.39249966  1921.65264919
0.39100002 23312.18949429  1781.98384937
0.39200002 23228.34911838  1506.24236994
0.39300002 23149.96074782  1504.97901952
0.39400002 23079.23254457  1640.93351166
0.39500002 23013.18346011  1366.98316229
0.39600002 22953.54085525  1366.88342269
0.39700002 22899.22627911  1640.50064836
0.39800002 22851.97606105  1914.76716487
0.39900002 22809.24557557  1505.41027931
0.40000002 22772.59549977  1780.70318947
0.40100002 22741.01489796  2056.92489498
0.40200002 22715.29381975  1373.13957646
0.40300002 22694.53105740  2200.46183558
0.40400002 22679.00845347  1653.29979459
0.40500002 22667.91121968  1518.52344455
0.40600002 22662.69331647  1936.98048953
0.40700002 22661.65455283  2357.71865139
0.40800002 22665.03887708  1668.60024119
0.40900002 22672.80045199  1533.81502325
0.41000002 22685.60387929  1957.99456360
0.41100002 22702.38113043  1964.21010847
0.41200002 22722.35229949  1970.70970831
0.41300002 22747.85122020  2118.96244156
0.41400002 22776.39290312  1417.83052540
0.41500002 22808.67835882  1707.91391643
0.41600002 22843.66238935  1857.53249521
0.41700002 22883.61750955  1578.28317442
0.41800002 22927.43978877  1585.08862490
0.41900002 22972.56349467  2026.18019624
0.42000002 23021.54823477  1889.95409189
0.42100002 23074.21741531  1460.59803160
0.42200002 23129.31733463  2054.57735619
0.42300002 23186.79765687  1474.68040086
0.42400002 23246.87873000  1630.18744819
0.42500002 23310.15743912  2085.32678332
0.42600002 23374.40071332  2245.69565495
0.42700002 23442.16706093  1504.98719663
0.42800002 23511.23043163  1512.94774997
0.42900002 23583.25975174  1673.23235868
0.43000002 23657.05262248  1835.31422942
0.43100002 23730.97652319  1537.76735157
0.43200002 23807.83754176  1855.58294594
0.43300002 23885.57193935  2021.43604902
0.43400002 23965.17032405  1876.47292530
0.43500002 24045.41325553  2044.34113186
0.43600002 24127.53176334  2214.18369485
0.43700002 24210.02182504  1749.65836021
0.43800002 24292.92184753  1759.65787741
0.43900002 24377.67727856  1769.81945429
0.44000002 24462.36355306  1618.18542572
0.44100002 24547.96717765  1953.03636121
0.44200002 24633.79795733  1964.29914221
0.44300002 24720.10044440  2304.90227467
0.44400002 24806.46804737  1986.99818476
0.44500002 24892.46361686  2331.42825284
0.44600002 24978.36798909  1842.27961834
0.44700002 25065.24733379  1852.82317072
0.44800002 25150.64473518  1863.28560351
0.44900002 25236.51686344  1873.81146591
0.45000002 25322.21714413  2055.65768518
0.45100002 25406.42936950  1722.55599289
0.45200002 25490.52553964  2771.33006801
0.45300002 25573.41177526  2264.01425176
0.45400002 25655.86344951  1926.11403976
0.45500002 25737.71776631  2640.68996797
0.45600002 25817.92010788  1769.81850727
0.45700002 25897.61998087  2312.91655011
0.45800002 25975.64917006  1967.26588313
0.45900002 26052.27350404  1797.60695698
0.46000002 26128.16953234  1806.76300879
0.46100002 26201.72852769  2178.93584763
0.46200002 26274.50145545  2007.24063382
0.46300002 26345.69049742  2383.75818918
0.46400002 26414.54299146  2026.65590707
0.46500002 26482.82573127  2221.37952762
0.46600002 26548.29019155  3533.44485052
0.46700002 26611.80761456  1868.14898308
0.46800002 26674.30083265  3190.11315928
0.46900002 26733.81250010  2638.62741882
0.47000002 26791.67428781  2460.68144159
0.47100002 26847.57648729  2471.05105701
0.47200002 26901.41845276  2290.38687563
0.47300002 26952.99865319  2682.90161310
0.47400002 27001.57320804  2693.40705516
0.47500002 27048.36957260  1931.25367902
0.47600002 27093.42864051  2132.38840222
0.47700002 27134.96716975  1945.57723829
0.47800002 27174.08814072  2538.19582309
0.47900002 27211.96925376  2351.11425496
0.48000002 27245.95264801  2358.95469208
0.48100002 27279.10496598  1972.27938252
0.48200002 27307.39504272  2769.78921047
0.48300002 27333.81115041  1984.43478358
0.48400002 27358.19406236  2786.43219733
0.48500002 27379.48480846  2594.75389829
0.48600002 27398.50955567  3002.19182687
0.48700002 27414.46440128  3612.13000073
0.48800002 27427.54024288  2414.17220661
0.48900002 27437.84765795  2016.68189845
0.49000002 27445.46340900  2223.49432348
0.49100002 27451.40755826  3038.87096074
0.49200002 27453.05476481  2436.18419531
0.49300002 27452.63697592  2034.24049634
0.49400002 27448.91341120  2445.69830087
0.49500002 27442.77733826  2654.26554997
0.49600002 27434.01526962  3067.80890294
0.49700002 27422.02701454  2253.26806659
0.49800002 27407.73969157  2256.61635447
0.49900002 27389.96451021  2875.94640990
0.50000002 27370.23903849  2468.24827349
