# SAXS profile: number of points = 501, q_min = 0, q_max = 0.5, delta_q = 0.001
#    q    intensity    error
0.00000000 1682732.95097188 479.57889103
0.00100000 1682650.69563347 656.23378688
0.00200000 1682403.86906373 832.78994156
0.00300000 1681992.69429292 1311.95434828
0.00400000 1681417.04350949 1891.59424582
0.00500000 1680677.41861786 1815.13168395
0.00600000 1679773.76168109 1763.76252157
0.00700000 1678706.58255852 2014.44798279
0.00800000 1677475.73816749 2491.05157635
0.00900000 1676082.44528402 3519.77328556
0.01000000 1674526.13699977 3315.56189442
0.01100000 1672807.97774081 4817.68718565
0.01200000 1670928.01507440 3258.30977225
0.01300000 1668887.34725945 4205.59630058
0.01400000 1666686.04418271 5625.06564848
0.01500000 1664325.47809080 6391.01012045
0.01600000 1661805.06779393 5085.12373477
0.01700000 1659127.12690767 8511.32254284
0.01800000 1656291.53677842 8024.73285679
0.01900000 1653298.95688777 4959.89709447
0.02000000 1650150.66408415 7277.16475780
0.02100000 1646848.64638968 7064.98101333
0.02200000 1643391.39014643 5669.70055359
0.02300000 1639782.17897340 5903.21611301
0.02400000 1636020.51459094 8589.10809324
0.02500000 1632109.04562991 10184.36090986
0.02600000 1628047.74685143 7912.31241159
0.02700000 1623838.58870177 10230.18357737
0.02800000 1619481.58409288 7749.21973526
0.02900000 1614979.30676765 10174.37009978
0.03000000 1610333.13147541 8985.65928666
0.03100000 1605543.15311739 10018.58973644
0.03200000 1600611.10164074 8715.32784985
0.03300000 1595540.74436732 8950.98398855
0.03400000 1590329.97472612 11688.92585357
0.03500000 1584982.36499676 11126.57671608
0.03600000 1579499.03371172 9642.84204644
0.03700000 1573881.77413818 11662.46448572
0.03800000 1568132.13561983 13760.36012689
0.03900000 1562252.15888214 10310.86472612
0.04000000 1556241.79195092 11485.06495680
0.04100000 1550105.06642104 10742.22860838
0.04200000 1543842.73587485 11949.34333004
0.04300000 1537455.66594064 13191.37022609
0.04400000 1530947.40730979 13434.06412305
0.04500000 1524319.52502663 11569.58573253
0.04600000 1517571.73387826 10698.88122120
0.04700000 1510708.55232212 13052.52249911
0.04800000 1503730.40713995 15473.38660942
0.04900000 1496640.78444650 15714.72896817
0.05000000 1489439.59161349 17091.32010964
0.05100000 1482131.37632654 13872.75032867
0.05200000 1474714.20366817 17585.96769827
0.05300000 1467194.52230655 14261.13142164
0.05400000 1459571.96079684 21674.64462861
0.05500000 1451849.18196924 17073.74717644
0.05600000 1444027.22617321 12346.43335992
0.05700000 1436111.65072530 13743.58913897
0.05800000 1428100.60418120 15166.42912456
0.05900000 1419997.24080310 12779.97576413
0.06000000 1411805.36888056 12918.01972877
0.06100000 1403526.22634724 15663.35341801
0.06200000 1395162.02439514 15821.13809618
0.06300000 1386715.82939978 19968.70887700
0.06400000 1378186.59845822 13437.31996339
0.06500000 1369580.43238509 14914.73160635
0.06600000 1360898.28231872 13677.02837723
0.06700000 1352141.76549724 17929.40064957
0.06800000 1343313.94700661 15293.63000255
0.06900000 1334417.40114502 19615.93671523
0.07000000 1325453.13645123 16939.29187709
0.07100000 1316423.93107263 18482.59285794
0.07200000 1307332.54740846 15746.82127122
0.07300000 1298181.42110335 18732.75878426
0.07400000 1288973.13968371 18851.23305132
0.07500000 1279709.10156986 18965.28977422
0.07600000 1270390.45827359 17607.61257713
0.07700000 1261022.71188614 19180.15634712
0.07800000 1251606.08668373 17797.83938729
0.07900000 1242142.31611273 16396.27934173
0.08000000 1232636.06747847 22464.79338364
0.08100000 1223087.85760710 18052.77762528
0.08200000 1213499.81258329 18129.68805073
0.08300000 1203874.93192078 27303.88473739
0.08400000 1194215.28259563 16748.87012457
0.08500000 1184523.13962469 24448.55874959
0.08600000 1174800.83470384 16864.26677398
0.08700000 1165051.50042010 21530.15273877
0.08800000 1155275.16240397 26218.97104210
0.08900000 1145476.66254439 15463.93567069
0.09000000 1135656.51568611 23252.56825097
0.09100000 1125816.76943814 18643.52657779
0.09200000 1115960.08526239 24908.23027341
0.09300000 1106090.97747342 17155.47186679
0.09400000 1096206.46191318 21869.31994297
0.09500000 1086312.22640219 17207.18647499
0.09600000 1076409.66135272 20360.28970158
0.09700000 1066502.93541967 17245.35327649
0.09800000 1056591.86689470 20397.50694945
0.09900000 1046679.70996919 18840.23566536
0.10000000 1036766.30437583 17277.71127495
0.10100000 1026854.98628601 18853.05843490
0.10200000 1016948.50761486 18854.22621801
0.10300000 1007047.82983726 26706.90970360
0.10400000 997156.36785858 31410.42706525
0.10500000 987276.32826109 20407.00266529
0.10600001 977405.33493072 20393.56327292
0.10700001 967551.09840462 17241.76138493
0.10800001 957711.45236191 18790.29957964
0.10900001 947890.80116998 23460.29843313
0.11000001 938089.23560493 18743.02380961
0.11100001 928309.33205607 21833.83651775
0.11200001 918552.62801604 24911.14844454
0.11300001 908820.65247695 17094.91727793
0.11400001 899115.91764075 21713.65043340
0.11500001 889440.49923891 17023.89195705
0.11600001 879794.63178006 21616.55512079
0.11700001 870181.56568439 15402.21443798
0.11800001 860600.48046293 15361.71929977
0.11900001 851054.25076130 15318.97723525
0.12000001 841543.81809978 24438.43362879
0.12100001 832074.21831408 16749.65480371
0.12200001 822642.93956746 16695.53924507
0.12300001 813253.49085727 16639.16720688
0.12400001 803905.49672089 21102.52028322
0.12500001 794600.98997008 19523.34724351
0.12600001 785343.70217750 23937.27717038
0.12700001 776132.14444705 16391.91166321
0.12800001 766968.09839546 17809.00008407
0.12900001 757854.14718593 16255.97222332
0.13000001 748790.85485799 16185.11509064
0.13100001 739777.94621161 19041.88523308
0.13200001 730819.03738182 18953.79262799
0.13300001 721914.18579263 15961.52340035
0.13400001 713063.75801035 18771.40431461
0.13500001 704270.36662020 15803.82777208
0.13600001 695534.08581767 17151.87136499
0.13700001 686856.29181062 15639.71850199
0.13800001 678236.21620298 18383.59350707
0.13900001 669678.28828990 18282.21813247
0.14000001 661180.01439848 18179.14535323
0.14100001 652745.29619236 15293.82301109
0.14200001 644372.50168352 17968.32805693
0.14300001 636064.79862766 21982.40047743
0.14400001 627818.37422326 13655.05028346
0.14500001 619640.18646034 16284.14486834
0.14600001 611526.92162933 18877.83696125
0.14700001 603481.51826191 17416.47743869
0.14800001 595501.39060220 15971.34804946
0.14900001 587589.98151540 17187.00777022
0.15000001 579746.81649982 17070.64581728
0.15100001 571972.80006089 18257.37263942
0.15200001 564269.41144403 16834.97868482
0.15300001 556635.99208931 16715.77963124
0.15400001 549071.16111317 14042.49560815
0.15500001 541579.16264855 13940.24830446
0.15600001 534156.53061771 13837.32557870
0.15700001 526808.77621527 12485.36858557
0.15800001 519529.75546978 14868.94230334
0.15900001 512325.30394653 12295.80787509
0.16000001 505191.24657210 15860.47993478
0.16100001 498132.51040034 16946.46880376
0.16200001 491146.14364086 16811.93329045
0.16300001 484232.81241118 13103.34052243
0.16400001 477393.46025042 15360.13530870
0.16500001 470626.92851022 17577.91660973
0.16600001 463934.88109600 23243.13864029
0.16700001 457315.43953625 16134.08946861
0.16800001 450770.21333453 11427.02544757
0.16900001 444300.24381305 12462.62242742
0.17000001 437902.44293303 14601.85764910
0.17100001 431579.36803680 18929.07197595
0.17200001 425329.48520130 13244.76079462
0.17300001 419153.63643731 15315.87459870
0.17400001 413052.06054239 11926.87881142
0.17500001 407022.87454950 12894.48527470
0.17600001 401066.10957432 11713.13628332
0.17700001 395185.28650699 10551.44764809
0.17800001 389375.40349323 12545.67609311
0.17900001 383638.12354585 10358.22982499
0.18000001 377974.94028594 12314.42413619
0.18100001 372384.01459734 13215.90930233
0.18200001 366863.34226854 14098.55890937
0.18300001 361414.91183998 13965.07285320
0.18400001 356037.83626455 13832.07059231
0.18500001 350732.38383529 11742.52076555
0.18600001 345497.67756475 10660.33134489
0.18700001 340332.37565093 15355.79751485
0.18800001 335235.93561702 12355.12099090
0.18900001 330212.48417399 15998.79561413
0.19000001 325253.92923277 10250.37806409
0.19100001 320366.74996486 9226.56283494
0.19200001 315546.03071813 12789.08122931
0.19300001 310795.26462995 12661.79967933
0.19400001 306109.63530067 9849.07798121
0.19500001 301491.66335084 8863.85532138
0.19600001 296938.67693321 8774.53831803
0.19700001 292453.20448824 11291.61875891
0.19800001 288031.72292227 9457.52206910
0.19900001 283675.20950970 8510.25668749
0.20000001 279381.41945729 10108.02023368
0.20100001 275152.54566259 10004.54703313
0.20200001 270985.32148484 8251.50342921
0.20300001 266881.06046400 10616.52908704
0.20400001 262838.62423730 8890.51688504
0.20500001 258856.53246184 8798.53395426
0.20600001 254934.70221303 9498.86745345
0.20700001 251072.91556663 9400.17040315
0.20800001 247269.85352051 9302.29232916
0.20900001 243527.66586988 9972.45838878
0.21000001 239840.31151433 8350.04084010
0.21100001 236211.74518399 7511.53385195
0.21200001 232638.69780909 11149.21011957
0.21300001 229121.37085157 8825.75562244
0.21400001 225659.65701960 9460.78156782
0.21500001 222253.54620974 9361.31980893
0.21600001 218899.65318878 7837.70245298
0.21700001 215599.53291635 7755.11556566
0.21800001 212352.20154879 9766.07821097
0.21900001 209155.58569413 8972.77505052
0.22000001 206009.62536159 9560.90716510
0.22100001 202915.74310070 6757.09456475
0.22200001 199870.94207897 7354.25166154
0.22300001 196874.66020280 7937.98667473
0.22400001 193926.26534412 9163.01647080
0.22500001 191027.63146849 7771.00441561
0.22600001 188173.93996290 9610.98443809
0.22700001 185367.43858918 8241.43670941
0.22800001 182605.97001244 8781.52151318
0.22900001 179888.82035042 6826.78105514
0.23000001 177216.68329786 7368.67004000
0.23100001 174588.87565747 7898.40110828
0.23200001 172002.13569349 12022.94985358
0.23300001 169458.86080503 8922.00944335
0.23400001 166955.83611791 5885.19350150
0.23500001 164493.64720027 6405.38292493
0.23600001 162071.97935420 7490.15688012
0.23700001 159689.72621643 7411.20054424
0.23800001 157346.12912937 6204.94489570
0.23900001 155040.73528535 6139.61340770
0.24000001 152772.18919091 6627.25788057
0.24100001 150541.80819989 6011.13468576
0.24200001 148347.53414724 5947.99466299
0.24300001 146188.18126029 5885.53645594
0.24400001 144063.80526716 6882.64862221
0.24500001 141973.34471706 6286.58000145
0.24600001 139916.83538532 5702.31089588
0.24700001 137894.16317049 7694.49466891
0.24800001 135903.51229262 7106.39499396
0.24900001 133943.75622904 7032.04753469
0.25000001 132016.53971603 5467.46525100
0.25100001 130119.35297813 6885.91648537
0.25200001 128254.11917518 5840.69286356
0.25300001 126416.63314165 5779.76874068
0.25400001 124609.57533495 8579.36966771
0.25500001 122829.30094440 6603.30353119
0.25600001 121078.65080688 4667.58220944
0.25700001 119354.20483405 7852.31350755
0.25800001 117656.91918057 5028.06867908
0.25900001 115987.01446434 7689.93942283
0.26000001 114341.95853276 5819.43425487
0.26100001 112722.08026870 4872.97576059
0.26200001 111128.35262123 4822.41509018
0.26300001 109557.66939987 4772.33230487
0.26400001 108011.84744535 4722.81825302
0.26500001 106489.38847153 4673.81948118
0.26600001 104989.74924674 4204.83965630
0.26700001 103512.87619572 7074.07029396
0.26800001 102058.57903997 4529.87024505
0.26900001 100625.11107816 6520.50750643
0.27000001 99213.60361901  4436.33649576
0.27100001 97822.80077066  4789.40455238
0.27200001 96453.12763350  4739.70691621
0.27300001 95103.34708984  4299.62252541
0.27400001 93772.03382777  3868.09657845
0.27500001 92462.01623573  4976.30594931
0.27600001 91168.90850275  3788.06832756
0.27700001 89896.40768966  4873.28449149
0.27800001 88640.90455252  4822.50864042
0.27900001 87403.99596286  5506.45200627
0.28000001 86184.15853008  4722.46119016
0.28100001 84981.95494599  3594.73686435
0.28200001 83797.17386945  3557.19019912
0.28300001 82628.88308455  3871.98964460
0.28400001 81476.36548511  4179.73774722
0.28500001 80340.48471942  5514.57113215
0.28600001 79220.22424536  5456.68930430
0.28700001 78116.22264874  5399.39356505
0.28800001 77025.88228298  3672.97937052
0.28900001 75952.47123448  3634.32592060
0.29000001 74892.85547851  3595.98062601
0.29100001 73848.50196733  4204.93390106
0.29200001 72817.88523025  3840.41544883
0.29300001 71801.83739816  3799.75341498
0.29400001 70798.81905374  3759.41746971
0.29500001 69810.90874518  3409.56494451
0.29600001 68835.04701073  3066.60148949
0.29700001 67873.01939361  3640.70893262
0.29800001 66924.25024411  3902.01859520
0.29900001 65988.75787865  3563.39309414
0.30000001 65064.89746547  3525.21631156
0.30100001 64154.83734437  4359.32140392
0.30200001 63256.02199111  2874.98633560
0.30300001 62370.31285564  2844.08640086
0.30400001 61496.41124669  3657.49923205
0.30500001 60634.96227609  3618.08837030
0.30600001 59783.96607754  3303.66212185
0.30700001 58945.60596217  2723.28712438
0.30800001 58118.57397805  3232.55523770
0.30900001 57303.07540002  2931.05244548
0.31000001 56498.82937625  3426.37166974
0.31100001 55705.29418994  2867.70868067
0.31200001 54923.69788519  2578.66773780
0.31300001 54152.27224148  3060.68657200
0.31400001 53393.02427963  3531.94872332
0.31500001 52642.94998201  2744.80354202
0.31600002 51905.10120843  3208.51398311
0.31700002 51176.87316440  2685.25066208
0.31800002 50458.96951236  2655.90798604
0.31900002 49752.24517868  3104.54024615
0.32000002 49055.98105279  3306.86383935
0.32100002 48369.38284546  2803.48956247
0.32200002 47694.09197755  2541.85675230
0.32300002 47027.32097562  2514.08069840
0.32400002 46371.82862543  4069.12815456
0.32500002 45725.75861064  2459.58867213
0.32600002 45089.95183990  2211.66224247
0.32700002 44464.20665866  2625.16688544
0.32800002 43849.12366682  2596.74522651
0.32900002 43241.86103215  2140.47222245
0.33000002 42645.73994092  2329.09719717
0.33100002 42058.23485260  2513.40023381
0.33200002 41481.94082870  3108.03456377
0.33300002 40914.36194341  2459.77155652
0.33400002 40356.94168484  2433.52369884
0.33500002 39808.76649515  2407.63431164
0.33600002 39269.63543822  2183.58818195
0.33700002 38739.90127409  2946.16963142
0.33800002 38220.53087122  2526.56831289
0.33900002 37709.64297167  2307.83025916
0.34000002 37208.02967068  2664.46713090
0.34100002 36716.02969539  2448.59213635
0.34200002 36233.97313336  1864.23800600
0.34300002 35760.17416513  2767.83761146
0.34400002 35296.41494754  1826.58956004
0.34500002 34841.34613395  2169.91913999
0.34600002 34396.11580722  2327.41328632
0.34700002 33958.62451034  2658.96042509
0.34800002 33531.25221340  1755.36113651
0.34900002 33112.12750515  2259.90280926
0.35000002 32702.58144784  2582.68649216
0.35100002 32302.53947376  2217.24641449
0.35200002 31909.80446667  2196.51149450
0.35300002 31527.26383549  2678.55646233
0.35400002 31152.65687062  2322.43067970
0.35500002 30787.49850632  1972.86299773
0.35600002 30430.54660624  2444.33377192
0.35700002 30082.23459353  1776.95768160
0.35800002 29742.81923385  1601.65089161
0.35900002 29412.47123108  1905.92822605
0.36000002 29090.40541549  2047.81918622
0.36100002 28776.24937652  2343.82562274
0.36200002 28472.01167244  1705.33121990
0.36300002 28174.75016098  1999.84386115
0.36400002 27886.46610029  1984.81931870
0.36500002 27605.64311919  2424.87980645
0.36600002 27334.00158897  1805.68423050
0.36700002 27069.92447625  2241.38985280
0.36800002 26814.87179541  1632.62354660
0.36900002 26567.62201496  1769.40371001
0.37000002 26327.69809001  1904.67740855
0.37100002 26095.79359878  1747.37442215
0.37200002 25872.34220407  2171.33642233
0.37300002 25656.49463190  1871.12824214
0.37400002 25448.27810361  1860.90542448
0.37500002 25247.83102131  1423.97773706
0.37600002 25055.21916558  1841.93452421
0.37700002 24869.91317867  1551.13655843
0.37800002 24692.00551972  1544.11463832
0.37900002 24522.32332058  1817.10424414
0.38000002 24359.22196778  1670.55552169
0.38100002 24202.65691963  1664.17476863
0.38200002 24054.48612170  2072.89543974
0.38300002 23912.69274828  1652.84540106
0.38400002 23778.02684042  1510.49922660
0.38500002 23649.85172801  1643.19177591
0.38600002 23529.43397261  1502.47207750
0.38700002 23414.87323871  1362.74568705
0.38800002 23306.94370768  1495.95625275
0.38900002 23205.60523162  1357.52797036
0.39000002 23111.25346073  1897.66511156
0.39100002 23022.43907595  1624.46337816
0.39200002 22940.60639268  1487.58369201
0.39300002 22864.18641253  1621.52817720
0.39400002 22795.15851015  1755.79716743
0.39500002 22730.75161490  1485.22738088
0.39600002 22672.42660081  2160.22890887
0.39700002 22619.27426367  1620.44488502
0.39800002 22572.96691194  1486.09134706
0.39900002 22531.04634952  1487.04912952
0.40000002 22495.02690972  1488.38352600
0.40100002 22463.95925403  1760.94984936
0.40200002 22438.52910349  1492.05006343
0.40300002 22417.91425013  1358.52566792
0.40400002 22402.30801585  1769.22235938
0.40500002 22390.96074304  1772.69244602
0.40600002 22385.49590418  1503.29804867
0.40700002 22383.93477835  1506.88656068
0.40800002 22386.73144488  1785.45385098
0.40900002 22393.71671459  1377.21364320
0.41000002 22405.61705476  1657.56762825
0.41100002 22421.33201800  1939.89373811
0.41200002 22440.13406802  2224.26619421
0.41300002 22464.39642577  1674.04690097
0.41400002 22491.47636817  1820.12281134
0.41500002 22522.25736564  1545.92781883
0.41600002 22555.66294778  1834.11381951
0.41700002 22593.86111344  2124.95273841
0.41800002 22635.79328323  1707.19161031
0.41900002 22678.93919793  2000.28253204
0.42000002 22725.86193967  1865.67972434
0.42100002 22776.39966279  1730.09540037
0.42200002 22829.27218369  1593.36912756
0.42300002 22884.45546743  1600.99658037
0.42400002 22942.20278859  2340.10479532
0.42500002 23002.95433400  2057.84439223
0.42600002 23064.68097935  1477.29288673
0.42700002 23129.85409295  1781.92404376
0.42800002 23196.28051531  1791.21686627
0.42900002 23265.54501702  1650.69049718
0.43000002 23336.45447066  2112.18259423
0.43100002 23407.60133339  1820.17516594
0.43200002 23481.64391554  1677.64612905
0.43300002 23556.39350847  1840.22554809
0.43400002 23633.07933073  1696.26434935
0.43500002 23710.28645047  2170.91393028
0.43600002 23789.46633608  1559.39959223
0.43700002 23868.80337125  2509.08872929
0.43800002 23948.69571913  1892.42602541
0.43900002 24030.32315694  2061.80182457
0.44000002 24111.90659290  2233.00377539
0.44100002 24194.45306780  1764.50154585
0.44200002 24277.17751237  2097.18407879
0.44300002 24360.37862486  1622.40129330
0.44400002 24443.61685136  1794.77265237
0.44500002 24526.46375071  1640.82050268
0.44600002 24609.33873861  1650.05624062
0.44700002 24693.06676311  1991.24899815
0.44800002 24775.43857197  1668.62586690
0.44900002 24858.23289489  1677.93079993
0.45000002 24940.89205992  2530.87714172
0.45100002 25022.05855769  2205.44434580
0.45200002 25103.20070339  2388.06759609
0.45300002 25183.20220158  2229.46899657
0.45400002 25262.64119106  2069.01041160
0.45500002 25341.66988951  2773.39248415
0.45600002 25419.13925692  2962.21953369
0.45700002 25495.99920684  1926.73275138
0.45800002 25571.28149717  2464.81594033
0.45900002 25645.31335997  2654.29005855
0.46000002 25718.57489699  1778.43953842
0.46100002 25789.62186235  2680.83131965
0.46200002 25859.93618854  2514.36171478
0.46300002 25928.65073515  1804.63417670
0.46400002 25995.12446689  2357.10802275
0.46500002 26061.12942319  2003.84033632
0.46600002 26124.33161320  2196.01141949
0.46700002 26185.76149781  2757.36081641
0.46800002 26246.12443592  2031.05643574
0.46900002 26303.74292082  2225.29675657
0.47000002 26359.63192304  2421.00050872
0.47100002 26413.79418539  2805.14507544
0.47200002 26465.85832909  2065.52801119
0.47300002 26515.69330524  2073.79247169
0.47400002 26562.72602640  2838.89147863
0.47500002 26608.10532136  1899.81880999
0.47600002 26651.79859905  2479.01716419
0.47700002 26692.00239316  2679.34332722
0.47800002 26729.97817582  2304.65882756
0.47900002 26766.75412641  2698.08894383
0.48000002 26799.76159860  2126.96318009
0.48100002 26832.00678120  2521.94043690
0.48200002 26859.60752549  2140.57652321
0.48300002 26885.32500234  2342.24962523
0.48400002 26909.13234052  2153.40341762
0.48500002 26929.86227000  1963.18705254
0.48600002 26948.53380301  2559.16763391
0.48700002 26964.31003523  2960.68138220
0.48800002 26977.23701837  2572.41455782
0.48900002 26987.51274996  2975.37342172
0.49000002 26995.19971068  2187.01620823
0.49100002 27001.30618418  2191.96613993
0.49200002 27003.19562573  2995.32961677
0.49300002 27003.16222738  2601.21474066
0.49400002 26999.96780230  2606.17201565
0.49500002 26994.42242504  2811.73917307
0.49600002 26986.41651690  2414.20493604
0.49700002 26975.36028266  2216.56545950
0.49800002 26961.95583051  2623.53323645
0.49900002 26945.27123872  2627.16407031
0.50000002 26926.72014879  3237.66898416
