# SAXS profile: number of points = 501, q_min = 0, q_max = 0.5, delta_q = 0.001
#    q    intensity    error
0.00000000 1664650.74656090 274.66737318
0.00100000 1664569.12385783 798.99319843
0.00200000 1664324.18827758 823.84049928
0.00300000 1663916.17222567 1098.18471279
0.00400000 1663344.94896948 1247.50875913
0.00500000 1662611.01279257 1645.98496781
0.00600000 1661714.26017803 1919.28004864
0.00700000 1660655.28186989 2192.06506317
0.00800000 1659433.89315154 2912.30660544
0.00900000 1658051.32015535 2735.78479520
0.01000000 1656506.92294830 4099.85481133
0.01100000 1654802.02092804 3574.37252083
0.01200000 1652936.51130165 4834.83950754
0.01300000 1650911.54683290 4506.98872163
0.01400000 1648727.17946143 4822.52721371
0.01500000 1646384.78901473 4346.45603654
0.01600000 1643883.80114634 5868.66543244
0.01700000 1641226.44185548 5317.57391015
0.01800000 1638412.72066349 7004.21469601
0.01900000 1635443.30172781 4906.33012657
0.02000000 1632319.24868801 7198.52821234
0.02100000 1629042.68070320 5913.42519906
0.02200000 1625612.19314596 6730.03478539
0.02300000 1622030.89177387 8758.96721427
0.02400000 1618298.36718582 6675.48106903
0.02500000 1614417.07916539 7555.47227556
0.02600000 1610387.13070717 7174.27499544
0.02700000 1606210.75414783 8095.30257168
0.02800000 1601887.57682608 9058.67466238
0.02900000 1597420.21661511 7188.39130482
0.03000000 1592810.04977863 11850.50731506
0.03100000 1588057.41027682 9147.21110409
0.03200000 1583163.73520985 10187.65910530
0.03300000 1578132.71353003 12877.56353607
0.03400000 1572962.76321751 9083.86037671
0.03500000 1567656.90404563 11851.48674186
0.03600000 1562216.35283525 9537.33127481
0.03700000 1556643.14595728 11534.72624500
0.03800000 1550938.49496617 10887.58873854
0.03900000 1545104.65922472 16687.13109241
0.04000000 1539141.42893273 14198.58033985
0.04100000 1533052.85499679 13521.52680802
0.04200000 1526839.78976505 11817.74052104
0.04300000 1520502.93334005 10035.31982586
0.04400000 1514045.99060066 13285.75418454
0.04500000 1507470.44680521 16642.47450602
0.04600000 1500776.09458587 11638.51915455
0.04700000 1493967.04763251 11832.21956754
0.04800000 1487044.12191216 15301.68472643
0.04900000 1480010.91229642 14430.10706658
0.05000000 1472867.01142712 12394.17647831
0.05100000 1465616.75652910 13718.17348016
0.05200000 1458258.86965190 18549.05368638
0.05300000 1450799.04164326 11751.47278514
0.05400000 1443237.32516121 13097.37933662
0.05500000 1435576.38374795 18088.26327903
0.05600000 1427817.23832789 14649.40554885
0.05700000 1419964.86489732 13589.06439138
0.05800000 1412018.34880825 21243.81704975
0.05900000 1403980.25033452 17690.15198045
0.06000000 1395854.41602931 15326.48220404
0.06100000 1387641.99065635 16776.59245103
0.06200000 1379345.61301626 20855.70664367
0.06300000 1370967.91383916 18425.80962350
0.06400000 1362507.77586697 15941.34172317
0.06500000 1353971.66490253 18766.04815338
0.06600000 1345360.35245361 14872.95939226
0.06700000 1336675.01124532 13634.08575276
0.06800000 1327919.42002871 17867.15663283
0.06900000 1319095.63262899 15235.55527018
0.07000000 1310204.95855370 19535.15684684
0.07100000 1301249.99034702 15458.85060938
0.07200000 1292233.40967168 16979.94779854
0.07300000 1283157.86121716 15667.35821956
0.07400000 1274025.78579708 17199.34891429
0.07500000 1264838.22537102 20186.81902313
0.07600000 1255596.98960106 20303.00427367
0.07700000 1246307.04343107 17498.15171023
0.07800000 1236968.62302850 20521.31041841
0.07900000 1227584.06591922 16204.11043017
0.08000000 1218157.23502297 16280.67220983
0.08100000 1208688.95445299 16353.56232103
0.08200000 1199181.30675628 14929.80796970
0.08300000 1189637.61245235 25482.03885465
0.08400000 1180059.61404914 18054.91294243
0.08500000 1170449.44467320 16608.67839961
0.08600000 1160809.32937379 22722.84368936
0.08700000 1151142.58229186 19753.60763971
0.08800000 1141449.35620888 18286.01954525
0.08900000 1131734.63033401 25973.31098612
0.09000000 1121997.76173867 22972.90525076
0.09100000 1112242.42495235 19953.63004109
0.09200000 1102470.48762120 15379.46402495
0.09300000 1092686.30269810 21569.62862886
0.09400000 1082886.99664674 16974.25447018
0.09500000 1073078.40025948 15452.32969004
0.09600000 1063261.30604594 18564.54327624
0.09700000 1053440.70411687 20131.25280210
0.09800000 1043615.88940440 15497.69668632
0.09900000 1033789.73038707 17057.53135347
0.10000000 1023963.36540426 18615.65485849
0.10100000 1014138.68797827 17067.95492141
0.10200000 1004319.23698204 15516.73294122
0.10300000 994505.74671073 18617.14845419
0.10400000 984701.45238968 17059.95346524
0.10500000 974908.93051458 18601.26326940
0.10600001 965125.47401288 20137.34396281
0.10700001 955358.46386187 27858.25411716
0.10800001 945606.55910136 18552.80156269
0.10900001 935873.95064777 21618.68927746
0.11000001 926160.12865152 20046.73692825
0.11100001 916467.72307367 16936.32431965
0.11200001 906798.82322225 21518.33708809
0.11300001 897154.63313729 21477.88292850
0.11400001 887537.91638055 19903.03871196
0.11500001 877949.92937817 22914.49423577
0.11600001 868391.73098750 22860.41339478
0.11700001 858866.42710340 18242.32377080
0.11800001 849372.81939142 15161.30554021
0.11900001 839913.94929144 27213.21323883
0.12000001 830491.15648949 18088.09824038
0.12100001 821108.53694711 18031.54432079
0.12200001 811764.20393495 26958.69048274
0.12300001 802461.77407521 14925.78970102
0.12400001 793200.42604212 23796.01390247
0.12500001 783982.54040416 14817.27071184
0.12600001 774811.43197046 26568.28525426
0.12700001 765686.04072362 20581.64174459
0.12800001 756608.12889556 14640.36798412
0.12900001 747579.70879193 16035.58550938
0.13000001 738601.76285891 15964.87785670
0.13100001 729674.36590635 18781.81906376
0.13200001 720800.02701490 21569.94182524
0.13300001 711979.74184738 14310.79348579
0.13400001 703213.61418205 18512.09926611
0.13500001 694504.07004144 18418.24880589
0.13600001 685851.58948912 15503.67591141
0.13700001 677257.23072747 16823.07040453
0.13800001 668720.28457836 16731.38230913
0.13900001 660244.61709372 18024.67889667
0.14000001 651828.78583568 15164.79741765
0.14100001 643475.77276544 24670.86229138
0.14200001 635184.65729236 21799.53846646
0.14300001 626957.68658534 13542.28666900
0.14400001 618792.05695046 17496.34623557
0.14500001 610693.80510268 17386.45345143
0.14600001 602660.53731659 13288.66547471
0.14700001 594694.51431609 15842.66260878
0.14800001 586792.94097752 15737.78741951
0.14900001 578960.25534104 16934.58826771
0.15000001 571194.94772599 18112.59264700
0.15100001 563498.25698115 14132.53695193
0.15200001 555871.56356605 12757.25298582
0.15300001 548314.74703028 13932.67837951
0.15400001 540825.92666138 13831.62372709
0.15500001 533409.32362779 14978.13451433
0.15600001 526061.73085518 16105.38065022
0.15700001 518788.12379309 13524.80702561
0.15800001 511583.09869294 18301.88621957
0.15900001 504451.87910735 21792.32220605
0.16000001 497390.56730766 14414.37932097
0.16100001 490403.91050279 15491.86026406
0.16200001 483489.21845475 16549.83672896
0.16300001 476646.93324031 16415.72115575
0.16400001 469878.04911033 15118.32694385
0.16500001 463181.17173520 18453.13875313
0.16600001 456558.31235239 18298.85802303
0.16700001 450007.64931387 14742.25128757
0.16800001 443530.74786373 17989.60798276
0.16900001 437127.89137474 13376.11410766
0.17000001 430797.15326303 13259.93700357
0.17100001 424540.12156584 16429.70348043
0.17200001 418356.15223032 13027.61119565
0.17300001 412245.06514450 12911.51605007
0.17400001 406208.00920184 10662.96074512
0.17500001 400242.71443523 13736.33060815
0.17600001 394348.81782238 11516.95776844
0.17700001 388530.49392707 12448.51761337
0.17800001 382782.57006388 10277.71249165
0.17900001 377106.71472811 14254.63449002
0.18000001 371503.88613065 17146.76267429
0.18100001 365972.96661582 10990.16870661
0.18200001 360511.51251425 12864.85393178
0.18300001 355121.79728307 11761.63448163
0.18400001 349802.93487955 10677.73509162
0.18500001 344554.58792098 13458.30283999
0.18600001 339376.78458988 12375.37503473
0.18700001 334267.76758603 10368.98664040
0.18800001 329226.85904064 11200.29827373
0.18900001 324258.16209823 9241.35805643
0.19000001 319353.75884959 10064.43418568
0.19100001 314520.20701353 9964.00062899
0.19200001 309752.49430030 9864.06864708
0.19300001 305053.74991358 10652.47745034
0.19400001 300419.91244034 12302.19599576
0.19500001 295852.70219909 13047.10478352
0.19600001 291350.22832456 13775.03944614
0.19700001 286914.53386335 9373.49826428
0.19800001 282542.16296888 9277.27235952
0.19900001 278234.31007582 8347.02969676
0.20000001 273988.10530265 9086.81594182
0.20100001 269806.61061258 9810.16882552
0.20200001 265686.05681146 10517.18305596
0.20300001 261627.69563893 12008.71179741
0.20400001 257630.75908355 8714.36083789
0.20500001 253693.41041797 10190.86477818
0.20600001 249815.82255062 8532.45982253
0.20700001 245997.66155950 8442.64014380
0.20800001 242237.67480272 11391.22719606
0.20900001 238537.86411360 12022.30891964
0.21000001 234892.40204693 8921.21385147
0.21100001 231305.01005407 9562.14956767
0.21200001 227772.56430892 8005.06715107
0.21300001 224295.45470528 7919.87288006
0.21400001 220873.43151898 8547.80220390
0.21500001 217506.27756066 7047.20372614
0.21600001 214190.75564096 11155.05508118
0.21700001 210928.73363437 8966.58089073
0.21800001 207718.55077480 9552.97660180
0.21900001 204558.82400075 7425.48566232
0.22000001 201449.35390247 10684.87423619
0.22100001 198391.04501602 6606.42211141
0.22200001 195381.58802312 7189.06587124
0.22300001 192420.17838284 7111.85012932
0.22400001 189505.92620762 7035.40784314
0.22500001 186641.05910945 8857.98508420
0.22600001 183820.57422990 7510.90901821
0.22700001 181046.92959521 8049.34687045
0.22800001 178317.63602136 6737.73219569
0.22900001 175632.57315789 6665.25646655
0.23000001 172991.63346165 7792.40849780
0.23100001 170394.65420934 7708.65452099
0.23200001 167838.38248028 7039.14209413
0.23300001 165325.03160258 11025.52687902
0.23400001 162851.84598470 6314.58062671
0.23500001 160418.63660370 7382.46600566
0.23600001 158025.69895831 6741.37663641
0.23700001 155671.98493863 5557.49012517
0.23800001 153356.14861956 6047.60000686
0.23900001 151078.33427354 5982.70232021
0.24000001 148837.01957652 5918.50436341
0.24100001 146633.25152462 7984.18092318
0.24200001 144465.46380899 6845.49632639
0.24300001 142331.97718659 7814.02591717
0.24400001 140233.46508831 6184.29610293
0.24500001 138168.28750306 5608.25105504
0.24600001 136136.87168740 6557.03273501
0.24700001 134138.62443087 7484.93559732
0.24800001 132172.46496816 5923.97016012
0.24900001 130236.62548557 6349.03579278
0.25000001 128333.11602695 5314.91625170
0.25100001 126459.25002974 6214.20784045
0.25200001 124616.97951260 5675.05751549
0.25300001 122802.59811908 5146.65713066
0.25400001 121017.89744027 7869.18915335
0.25500001 119259.93463380 5037.53987727
0.25600001 117531.00283483 5890.06648574
0.25700001 115828.32056121 4930.81183958
0.25800001 114152.56169535 5765.27540120
0.25900001 112503.80185935 6581.47272017
0.26000001 110879.93504385 5209.13959483
0.26100001 109280.65465687 5153.67591747
0.26200001 107707.52595690 5523.78073007
0.26300001 106157.12931948 5464.96927596
0.26400001 104631.38065566 4575.00733565
0.26500001 103128.87474276 5349.29498603
0.26600001 101648.85119030 5292.34768765
0.26700001 100191.67494349 5236.01718032
0.26800001 98756.60765971  6375.72689222
0.26900001 97342.29776944  5125.07222009
0.27000001 95949.87537414  4290.39888039
0.27100001 94577.83186396  4630.53086719
0.27200001 93226.93909408  4962.93633754
0.27300001 91895.56927922  4532.28969134
0.27400001 90582.71209684  5604.80557624
0.27500001 89290.99023385  4066.31188769
0.27600001 88015.86294804  4388.47113428
0.27700001 86761.43090585  4341.54220800
0.27800001 85523.91484164  3579.17600552
0.27900001 84304.73224879  4248.95870643
0.28000001 83102.63547504  4553.60912637
0.28100001 81918.07735469  4504.67528694
0.28200001 80750.58043981  3770.64853210
0.28300001 79599.68306656  4069.13599096
0.28400001 78464.37747923  3689.78752560
0.28500001 77345.83203003  4645.39089160
0.28600001 76242.73131080  3938.69968594
0.28700001 75155.78892402  4545.42232927
0.28800001 74082.57217642  4496.07151820
0.28900001 73026.04648705  3176.63317255
0.29000001 71983.31660756  5655.72945357
0.29100001 70955.74961942  4661.79297066
0.29200001 69942.08604953  3073.95482738
0.29300001 68942.78613387  3344.41471366
0.29400001 67956.45739990  3608.48805875
0.29500001 66985.08607781  3568.96555517
0.29600001 66025.97448687  3823.89449342
0.29700001 65080.44281306  3200.00552460
0.29800001 64148.39391361  3452.46672387
0.29900001 63229.51379273  3414.39390644
0.30000001 62322.24791268  3658.00451440
0.30100001 61428.55404158  3617.52771876
0.30200001 60546.38202245  2751.83319319
0.30300001 59677.19953212  3537.66455574
0.30400001 58819.81212822  3229.20783872
0.30500001 57974.77572933  2927.14656515
0.30600001 57140.43195553  2894.44871774
0.30700001 56318.63326406  4683.45776397
0.30800001 55507.95262409  3601.91121631
0.30900001 54709.04193099  3052.76468428
0.31000001 53921.36864076  2515.43196618
0.31100001 53144.32994593  2735.87023515
0.31200001 52379.34647154  3196.97356325
0.31300001 51624.36729627  2917.80937773
0.31400001 50881.78791814  2884.99751155
0.31500001 50148.46479878  2614.74107841
0.31600002 49427.07996960  2585.28354022
0.31700002 48715.49252403  3253.22074479
0.31800002 48014.36891051  2986.73395950
0.31900002 47324.29358207  2271.56619950
0.32000002 46644.61975363  2470.53240223
0.32100002 45974.77924041  2442.64013670
0.32200002 45316.21392496  2415.12773549
0.32300002 44666.00218905  2821.99815193
0.32400002 44027.38617781  2146.33517780
0.32500002 43398.19346820  2758.82328941
0.32600002 42779.31777756  2937.65589089
0.32700002 42170.34783091  3319.64993844
0.32800002 41572.10434519  2872.21682522
0.32900002 40981.80297892  2231.45927787
0.33000002 40402.60644163  2005.98950482
0.33100002 39832.10477761  2182.00280305
0.33200002 39272.61489784  3138.66753127
0.33300002 38722.07277897  2909.96390714
0.33400002 38181.78152567  2110.49807378
0.33500002 37650.61278728  2277.10916921
0.33600002 37128.47412673  2439.89779278
0.33700002 36615.92445073  2598.99844059
0.33800002 36113.64305857  2387.29248744
0.33900002 35619.78537799  2724.91371046
0.34000002 35135.43309528  2156.61298552
0.34100002 34660.52440110  2489.31898038
0.34200002 34195.58759432  2287.17198456
0.34300002 33739.05191038  2785.49625764
0.34400002 33292.53434828  2756.62197459
0.34500002 32854.61170831  2728.24708547
0.34600002 32426.53904229  2531.70215563
0.34700002 32006.37651815  1837.80622671
0.34800002 31596.05310240  1654.05345825
0.34900002 31194.39253526  1801.47625423
0.35000002 30802.01470631  2270.41661153
0.35100002 30419.19766434  1606.13371275
0.35200002 30043.69585864  1908.97652527
0.35300002 29678.37171946  1733.51377424
0.35400002 29321.22718105  2029.76204775
0.35500002 28973.19967198  2320.75340365
0.35600002 28633.35762960  1993.31128580
0.35700002 28302.30749273  1975.78417965
0.35800002 27980.13513282  2109.42248758
0.35900002 27667.01417394  1792.82260339
0.36000002 27362.06354316  2074.31813546
0.36100002 27065.06727472  1763.55986715
0.36200002 26778.06249248  1895.48524331
0.36300002 26497.81488370  2025.49306565
0.36400002 26226.73690083  1723.09669600
0.36500002 25962.88739426  1567.89884401
0.36600002 25708.39121708  1415.24700354
0.36700002 25461.35638964  1686.56032714
0.36800002 25223.37617993  1535.72533146
0.36900002 24993.03154399  1525.82464804
0.37000002 24770.11964201  1516.30294571
0.37100002 24555.01580575  2329.28890967
0.37200002 24348.48250469  1770.98695887
0.37300002 24149.45121857  1490.26270529
0.37400002 23957.96681549  1617.16283665
0.37500002 23774.28465884  1877.21760559
0.37600002 23598.39387036  1601.38708390
0.37700002 23429.73223946  1328.46588091
0.37800002 23268.50638169  1322.81465046
0.37900002 23115.30584083  1317.57249534
0.38000002 22968.68008309  1837.72418051
0.38100002 22828.53991166  1569.69047869
0.38200002 22696.77733285  1303.92991954
0.38300002 22571.16136400  1950.14843424
0.38400002 22452.90877671  1426.32109761
0.38500002 22340.89810820  1552.24567409
0.38600002 22236.65290360  1678.08909087
0.38700002 22138.05544553  1803.80884316
0.38800002 22046.19003254  1672.31382414
0.38900002 21960.76383593  1284.70474527
0.39000002 21882.26869677  1411.73463185
0.39100002 21809.24101929  1410.62177596
0.39200002 21743.07662759  1409.92987071
0.39300002 21682.34251726  1793.99710487
0.39400002 21628.80325906  1409.65731919
0.39500002 21579.95337048  2307.32872369
0.39600002 21536.97432886  1410.77957025
0.39700002 21499.15820262  1540.19976661
0.39800002 21468.07675525  1670.32379108
0.39900002 21441.33946012  1672.42455713
0.40000002 21420.36223067  1803.80878891
0.40100002 21404.23425556  1677.87800279
0.40200002 21393.69200947  1293.24874325
0.40300002 21387.87464927  1296.10526516
0.40400002 21386.92121827  1299.25552557
0.40500002 21390.25899114  1563.20020114
0.40600002 21399.25113065  1698.35164645
0.40700002 21412.03950194  2096.66700737
0.40800002 21429.21993806  1577.61924659
0.40900002 21450.39564897  1846.87915288
0.41000002 21476.35027422  2118.42729142
0.41100002 21506.04491548  1860.70309425
0.41200002 21538.84349437  2134.93026832
0.41300002 21576.77216028  1607.90113757
0.41400002 21617.65477620  2153.11851773
0.41500002 21662.06080885  1757.22645608
0.41600002 21709.06076573  1493.69199676
0.41700002 21760.65358296  1500.83234873
0.41800002 21815.86817960  2330.91654610
0.41900002 21872.26167449  1791.33831602
0.42000002 21932.24550103  1523.52350592
0.42100002 21995.63792063  1531.55634099
0.42200002 22061.51065180  1399.80291719
0.42300002 22129.45864208  1688.92036359
0.42400002 22199.81202316  1556.76189189
0.42500002 22273.12530934  1850.22860712
0.42600002 22347.29412823  2003.88195943
0.42700002 22424.84862420  1583.64288488
0.42800002 22503.50527591  1448.10063313
0.42900002 22584.87408664  2330.75911619
0.43000002 22667.82886414  2491.30784937
0.43100002 22750.81004097  2358.80409683
0.43200002 22836.68768028  1779.89152215
0.43300002 22923.10156554  1641.52338090
0.43400002 23011.37972610  2402.38815725
0.43500002 23100.06528411  1963.96764352
0.43600002 23190.55384253  1824.16905170
0.43700002 23281.23265991  2141.40788154
0.43800002 23372.12596035  1692.96002417
0.43900002 23464.86780756  1858.41761843
0.44000002 23557.35874597  1869.98322587
0.44100002 23650.69236840  2195.25736967
0.44200002 23744.14907143  2051.13841474
0.44300002 23838.04042399  1905.13628097
0.44400002 23931.72103318  2715.65217294
0.44500002 24024.93641209  2250.17565099
0.44600002 24118.10931899  2587.39089036
0.44700002 24211.86422281  2440.55602932
0.44800002 24304.43441439  2619.04597662
0.44900002 24397.14712588  1646.80750904
0.45000002 24489.65133252  1656.72499116
0.45100002 24580.48467778  1833.21263415
0.45200002 24671.25335878  1844.05291970
0.45300002 24760.83262756  2023.45533822
0.45400002 24849.78016499  1695.99757664
0.45500002 24938.04234511  2046.91461270
0.45600002 25024.72479438  2744.71194553
0.45700002 25110.68403214  2242.63529720
0.45800002 25194.92811871  2602.00632478
0.45900002 25277.90357539  1744.17542937
0.46000002 25360.12010143  1753.65238813
0.46100002 25439.84298877  2291.87556348
0.46200002 25518.76291822  2481.18943613
0.46300002 25595.86214872  2315.91371698
0.46400002 25670.80102831  2148.64614791
0.46500002 25745.14606812  1979.54437500
0.46600002 25816.49090865  2531.82338341
0.46700002 25886.16998505  2180.65106289
0.46800002 25954.52470016  2008.49098912
0.46900002 26020.04193939  2201.29565241
0.47000002 26083.80250934  2211.38488155
0.47100002 26145.55992894  2036.21630378
0.47200002 26205.34299810  2231.12300861
0.47300002 26262.68226830  2427.45983711
0.47400002 26317.19956504  2812.65083683
0.47500002 26369.86398640  2824.21256680
0.47600002 26420.95853607  2835.62950929
0.47700002 26468.26492171  2656.88455877
0.47800002 26513.45370927  2285.99008717
0.47900002 26557.18423321  2294.54082651
0.48000002 26597.08186389  2110.87750218
0.48100002 26636.15789373  2118.37373770
0.48200002 26670.35873964  2125.49434050
0.48300002 26702.72455411  1938.61789452
0.48400002 26733.15090463  2917.25523074
0.48500002 26760.39743972  2340.99967899
0.48600002 26785.38169628  2739.34111592
0.48700002 26807.44249007  2747.22683660
0.48800002 26826.66833558  2361.28345882
0.48900002 26843.02708531  2367.55510115
0.49000002 26856.84836058  2769.20976572
0.49100002 26868.83045096  1982.91978127
0.49200002 26876.59668218  3577.54395394
0.49300002 26882.46268213  2589.58775292
0.49400002 26884.90893697  2195.82504151
0.49500002 26885.04062496  3200.39538770
0.49600002 26882.54558503  2404.91264203
0.49700002 26876.97107820  2810.79376860
0.49800002 26868.96922646  2413.37093032
0.49900002 26857.66332876  2618.62229868
0.50000002 26844.24799297  3026.01799845
