# SAXS profile: number of points = 501, q_min = 0, q_max = 0.5, delta_q = 0.001
#    q    intensity    error
0.00000000 1682732.95097188 252.40994265
0.00100000 1682650.63504258 605.75424300
0.00200000 1682403.61900119 1135.62247879
0.00300000 1681992.12750722 1211.03437495
0.00400000 1681416.02805102 1387.16827585
0.00500000 1680675.85788365 1663.86916516
0.00600000 1679771.47751201 2116.51214783
0.00700000 1678703.48648179 2618.77754775
0.00800000 1677471.67088798 2943.96290670
0.00900000 1676077.34901317 3268.35097029
0.01000000 1674519.77801170 5525.91550604
0.01100000 1672800.37983628 3312.14489628
0.01200000 1670918.99224817 3584.12139551
0.01300000 1668876.73908559 4556.03369865
0.01400000 1666673.80318236 4125.01784574
0.01500000 1664311.37722486 3994.34748320
0.01600000 1661789.06900731 4237.56231540
0.01700000 1659109.07544266 5823.47311604
0.01800000 1656271.23683807 6136.48520861
0.01900000 1653276.52803544 5455.81278870
0.02000000 1650125.79743329 7277.05509586
0.02100000 1646821.20003372 7608.31428911
0.02200000 1643361.32460428 6803.51619296
0.02300000 1639749.40192865 6493.40792721
0.02400000 1635984.97119220 9815.91027473
0.02500000 1632070.53381641 7638.09044710
0.02600000 1628006.05361283 9230.79474619
0.02700000 1623793.87577482 8183.92150874
0.02800000 1619433.53820903 11975.71156426
0.02900000 1614927.86807553 7993.89331401
0.03000000 1610278.08301633 11231.69014531
0.03100000 1605484.78131773 10788.85822688
0.03200000 1600549.01774984 14260.89240498
0.03300000 1595474.64880011 11391.68951760
0.03400000 1590260.25816583 9183.75341465
0.03500000 1584908.62803897 10270.20838395
0.03600000 1579421.30566362 14025.26184245
0.03700000 1573799.90819621 10764.79186991
0.03800000 1568046.01463199 11924.99049316
0.03900000 1562161.87100754 11247.56599213
0.04000000 1556147.12468844 13398.42736444
0.04100000 1550005.81012652 11718.04446788
0.04200000 1543738.87027261 11948.53941024
0.04300000 1537347.14801677 12175.78997747
0.04400000 1530834.26482107 13433.07129766
0.04500000 1524201.55011993 11568.69030295
0.04600000 1517448.94450630 14977.22177852
0.04700000 1510580.86136008 16314.27406143
0.04800000 1503597.51438691 11051.44224495
0.04900000 1496503.18375793 13468.52928075
0.05000000 1489296.90698943 18228.99499040
0.05100000 1481983.56614248 11559.47235440
0.05200000 1474561.09547190 16411.86575742
0.05300000 1467035.97452212 14259.59033711
0.05400000 1459408.18347614 18060.17711273
0.05500000 1451680.01423973 14632.93522615
0.05600000 1443852.78707946 16048.42447727
0.05700000 1435931.45288290 16240.38549018
0.05800000 1427915.06833288 15164.45873376
0.05900000 1419806.24357885 14056.08246793
0.06000000 1411608.97600351 16791.08955402
0.06100000 1403324.00248427 15661.09659959
0.06200000 1394954.19394367 19773.47662343
0.06300000 1386502.15892230 19965.63202198
0.06400000 1377967.23074492 17465.73546651
0.06500000 1369355.40646694 18979.26682144
0.06600000 1360667.53281201 16409.65121350
0.06700000 1351905.11894201 17926.26271610
0.06800000 1343071.48141390 18071.02762831
0.06900000 1334169.05356040 19612.28600556
0.07000000 1325198.94206798 16936.04327272
0.07100000 1316164.06397829 14214.57255674
0.07200000 1307066.66187233 17174.85674159
0.07300000 1297910.04787755 23050.88353037
0.07400000 1288695.67042578 15947.60966889
0.07500000 1279425.64762780 17502.54367994
0.07600000 1270101.16783449 16136.63609383
0.07700000 1260727.55941589 22125.76970519
0.07800000 1251304.80811787 25207.53654167
0.07900000 1241835.38669745 17882.43040720
0.08000000 1232323.11431628 14972.72654133
0.08100000 1222769.35958334 16544.07021138
0.08200000 1213175.34590198 18124.84051829
0.08300000 1203544.75083946 16681.13102951
0.08400000 1193879.34436396 19788.55106168
0.08500000 1184181.54609961 22913.91399272
0.08600000 1174453.32394691 22989.92489567
0.08700000 1164698.22644243 16911.41904207
0.08800000 1154916.00333837 18501.75524239
0.08900000 1145112.03401329 21642.61845940
0.09000000 1135285.57808409 18595.97864257
0.09100000 1125440.70528267 20190.40720134
0.09200000 1115578.52715613 15562.32118505
0.09300000 1105703.80965043 17149.46689357
0.09400000 1095813.79402338 21861.48621820
0.09500000 1085914.06838822 18764.59598373
0.09600000 1076006.10032147 20352.65634431
0.09700000 1066094.00108958 18805.89906334
0.09800000 1056177.62786520 20389.51006461
0.09900000 1046259.51473631 25110.22953442
0.10000000 1036341.38673662 17270.63002215
0.10100000 1026424.69239566 20415.58809193
0.10200000 1016513.06527842 17275.64035699
0.10300000 1006607.24060652 21984.30316900
0.10400000 996710.42844019 20407.64698239
0.10500000 986825.70093353 23535.79407461
0.10600001 976949.68985545 15680.04325998
0.10700001 967090.36942141 23500.29708281
0.10800001 957245.91047125 20346.26278460
0.10900001 947420.75279668 17195.68747259
0.11000001 937614.15543088 18733.53170729
0.11100001 927829.58051608 15587.53768643
0.11200001 918068.15471747 21785.75833706
0.11300001 908331.63416545 21745.46034571
0.11400001 898622.61600536 17051.36494156
0.11500001 888942.57699990 23201.40235220
0.11600001 879292.35836409 20061.05610078
0.11700001 869674.99023330 18471.89766249
0.11800001 860089.77885578 18423.12393079
0.11900001 850539.28755892 24495.53263548
0.12000001 841024.98729922 16791.06466237
0.12100001 831551.30720656 19782.60653037
0.12200001 822115.53804856 15168.03239158
0.12300001 812722.58756800 22674.96126146
0.12400001 803370.74905663 18075.84270546
0.12500001 794062.67323839 22511.67784707
0.12600001 784801.33656620 17940.55939932
0.12700001 775586.30578570 14891.25777286
0.12800001 766419.05754805 19279.27230124
0.12900001 757301.49658902 19197.59384335
0.13000001 748234.76143253 19113.65788171
0.13100001 739218.80507918 17563.83963660
0.13200001 730256.49729462 29137.23561559
0.13300001 721348.49563084 15949.01599028
0.13400001 712494.58227925 18756.42076278
0.13500001 703698.29453046 17226.53506231
0.13600001 694959.45854832 19993.98456517
0.13700001 686278.72736068 15626.56735885
0.13800001 677656.00205255 21193.69246360
0.13900001 669095.02765833 14050.99624344
0.14000001 660594.62770206 19560.20784873
0.14100001 652157.14658697 18058.23224067
0.14200001 643782.12769741 20713.69093563
0.14300001 635471.80424150 13726.19161905
0.14400001 627223.10239361 20463.15468084
0.14500001 619042.62074868 14912.73743730
0.14600001 610927.33173663 20206.42245041
0.14700001 602880.13222113 22752.69726342
0.14800001 594897.82032542 21273.54705849
0.14900001 586984.73208661 18490.01993310
0.15000001 579139.62630564 15741.01578569
0.15100001 571363.81569811 15632.51473512
0.15200001 563658.78417922 15523.16364879
0.15300001 556023.87324576 14128.56728589
0.15400001 548457.59451057 17852.29554379
0.15500001 540964.21808415 17721.98862079
0.15600001 533540.26585149 15077.84862456
0.15700001 526191.16139298 14964.87733631
0.15800001 518910.92588722 14851.23139985
0.15900001 511705.53162700 12280.93333872
0.16000001 504570.37173542 19496.60008414
0.16100001 497510.67333999 15716.36291269
0.16200001 490523.40290091 15591.28709721
0.16300001 483609.37190464 14276.14933257
0.16400001 476769.42816793 12980.04829465
0.16500001 470002.15473103 11703.05420532
0.16600001 463309.47293546 13927.08341398
0.16700001 456689.68345089 17262.87084951
0.16800001 450144.23850009 11411.15698477
0.16900001 443673.76669017 12445.04974329
0.17000001 437275.90255887 13459.35291631
0.17100001 430952.39595980 14454.14404304
0.17200001 424702.76313774 13225.24466864
0.17300001 418526.83214075 14200.61608515
0.17400001 412425.40898732 10826.16749719
0.17500001 406396.29141570 12874.63512009
0.17600001 400439.76082852 18073.84945861
0.17700001 394559.07753189 13695.14622796
0.17800001 388749.74825186 17744.48309707
0.17900001 383012.87979262 11375.48306715
0.18000001 377350.20579911 12294.07028565
0.18100001 371759.99611557 10149.04837336
0.18200001 366239.63933813 10053.27857473
0.18300001 360792.15573900 9957.86396880
0.18400001 355415.91334532 11835.35047351
0.18500001 350111.25313325 13675.34619344
0.18600001 344877.53810873 11608.57848117
0.18700001 339713.45995577 11495.90402802
0.18800001 334618.00302387 10435.06291732
0.18900001 329595.65062976 10332.82413544
0.19000001 324638.48366290 11161.07159568
0.19100001 319752.79380511 10129.76898638
0.19200001 314933.44311345 12764.25305252
0.19300001 310183.98042442 9928.98968256
0.19400001 305500.07411370 11616.64086710
0.19500001 300883.47122962 15038.15660269
0.19600001 296332.10028339 12259.25956805
0.19700001 291848.54024588 11268.27267140
0.19800001 287428.84925902 8579.75155585
0.19900001 283074.29172721 11039.89789911
0.20000001 278782.33831042 10926.87426649
0.20100001 274555.58966182 10814.74518791
0.20200001 270390.54878919 13173.42815963
0.20300001 266288.29579256 9778.10668366
0.20400001 262247.97810232 12096.18856171
0.20500001 258268.20270068 9576.58540880
0.20600001 254348.83344735 7897.53165184
0.20700001 250489.48948249 9378.32692953
0.20800001 246689.02647919 10053.81174940
0.20900001 242949.35972663 8418.19571247
0.21000001 239264.63254218 9844.54377132
0.21100001 235638.81778202 11239.97213955
0.21200001 232068.34573573 7414.58399678
0.21300001 228553.95471515 7336.58229320
0.21400001 225095.18561149 7259.32007917
0.21500001 221692.10080380 9337.67172732
0.21600001 218341.07157168 7107.00221567
0.21700001 215044.29755712 7735.14374884
0.21800001 211799.92983457 7653.39082643
0.21900001 208606.49348155 8260.81753245
0.22000001 205463.87367219 7492.24050771
0.22100001 202373.21942946 8760.73708334
0.22200001 199331.89554924 6667.65222140
0.22300001 196339.30002507 7256.70087206
0.22400001 193394.18291861 7832.46477857
0.22500001 190499.27700559 9041.09611421
0.22600001 187649.11201979 6389.45256642
0.22700001 184846.45682338 8850.44877123
0.22800001 182088.55648042 7505.69065307
0.22900001 179375.43549814 8044.98866255
0.23000001 176707.04103478 8572.05896599
0.23100001 174083.12767658 9087.13969447
0.23200001 171500.41386762 7192.72769778
0.23300001 168961.15915380 6523.59066346
0.23400001 166462.31648267 5867.79693353
0.23500001 164004.20000180 5805.74895465
0.23600001 161586.78077077 8616.61549214
0.23700001 159208.93183575 6820.51096244
0.23800001 156869.44132395 6186.14671121
0.23900001 154568.46165326 6120.91137099
0.24000001 152304.42146517 6056.38560603
0.24100001 150078.46843388 5447.84866184
0.24200001 147888.75497021 6468.65444838
0.24300001 145733.79320178 8000.78562524
0.24400001 143614.20722057 5805.60460152
0.24500001 141528.36780917 5744.63672112
0.24600001 139476.56390158 8268.17109921
0.24700001 137458.55685104 7158.84197946
0.24800001 135472.93014544 5565.90559833
0.24900001 133517.74387347 6508.99032176
0.25000001 131595.47502602 8422.76877751
0.25100001 129703.19226802 5393.05898964
0.25200001 127842.85905756 5336.80040384
0.25300001 126010.56807478 5761.20344494
0.25400001 124208.38454519 5701.16512035
0.25500001 122433.21850261 5641.72297552
0.25600001 120687.56001117 4652.50565855
0.25700001 118968.36615272 6906.11398192
0.25800001 117276.16624275 5011.79720151
0.25900001 115611.45058078 4959.73146458
0.26000001 113971.72741481 6692.99000912
0.26100001 112357.13392565 5740.32624387
0.26200001 110768.71921781 4806.80879790
0.26300001 109203.34075446 4324.45249850
0.26400001 107662.76866116 4279.59525678
0.26500001 106145.83460706 5505.78470160
0.26600001 104651.37207551 4191.28764995
0.26700001 103180.14967196 4562.62643440
0.26800001 101731.25594011 5336.31328286
0.26900001 100303.13138234 5280.96011718
0.27000001 98897.18706795  4824.20501347
0.27100001 97511.81950193  4774.17890874
0.27200001 96147.70498694  4330.97357609
0.27300001 94803.41925563  5065.34693054
0.27400001 93477.54408336  3855.94887592
0.27500001 92173.15192989  4960.75927164
0.27600001 90885.46449203  4909.17859687
0.27700001 89618.60760693  4110.80572548
0.27800001 88368.71491141  3698.23089407
0.27900001 87137.34962644  4757.69951478
0.28000001 85923.03062987  4345.98709495
0.28100001 84726.35785451  4659.10263893
0.28200001 83547.01620111  4255.88520671
0.28300001 82384.30404989  3860.52867050
0.28400001 81237.25377291  3820.18203948
0.28500001 80106.98743992  4467.56690098
0.28600001 78992.17933800  3740.67482960
0.28700001 77893.78651395  3365.01173668
0.28800001 76808.89360433  3662.63226489
0.28900001 75741.02912949  4283.15540001
0.29000001 74686.77807032  3586.08581879
0.29100001 73647.88803622  3548.35541355
0.29200001 72622.76049389  3830.12456975
0.29300001 71612.04955981  4421.32814911
0.29400001 70614.45437535  3749.62770482
0.29500001 69631.68224302  3400.81152173
0.29600001 68661.26546020  3364.74547316
0.29700001 67704.34560142  3631.66126998
0.29800001 66761.03311379  3293.65572459
0.29900001 65830.75688716  3554.86104019
0.30000001 64911.89380356  3810.00378716
0.30100001 64006.97993000  3769.37122652
0.30200001 63113.26235001  4302.74686441
0.30300001 62232.65778128  3121.59026209
0.30400001 61363.78118121  2807.39312195
0.30500001 60507.15480128  3332.73424423
0.30600001 59661.18860394  4121.09679792
0.30700001 58827.69521016  2989.62361212
0.30800001 58005.37082110  3495.11378430
0.30900001 57194.69118051  3723.37457213
0.31000001 56395.31921497  4735.51517868
0.31100001 55606.24786598  4424.03328967
0.31200001 54829.25566925  2831.65704311
0.31300001 54062.24442492  2546.33183297
0.31400001 53307.52246269  3526.29277786
0.31500001 52561.84763306  2989.71803492
0.31600002 51828.24520845  2710.87649398
0.31700002 51104.29617204  2925.21005139
0.31800002 50390.71605081  2411.19587720
0.31900002 49688.04624637  2385.02633275
0.32000002 48995.82144963  2359.14891450
0.32100002 48313.08529234  3033.57876915
0.32200002 47641.70331094  2539.06469818
0.32300002 46978.59819531  3424.73997060
0.32400002 46326.99465321  2484.28520591
0.32500002 45684.56938006  3574.36087755
0.32600002 45052.27999158  3977.66598881
0.32700002 44430.09033003  2185.96054775
0.32800002 43818.34360106  3243.65303867
0.32900002 43214.37538694  2353.02285124
0.33000002 42621.52418376  3174.23816390
0.33100002 42037.15811961  2512.14068819
0.33200002 41463.75239264  2278.22598310
0.33300002 40899.16714247  2663.76288213
0.33400002 40344.56360575  2635.50874235
0.33500002 39799.14016669  2206.46443533
0.33600002 39262.65039937  3374.03602185
0.33700002 38735.47735735  1963.88879502
0.33800002 38218.64806952  3109.46935419
0.33900002 37709.97190139  2692.49212127
0.34000002 37210.80970934  2854.99951016
0.34100002 36720.97592582  2448.92200047
0.34200002 36240.91945550  1864.59539429
0.34300002 35769.08440019  2214.82181095
0.34400002 35307.22676424  2558.00870022
0.34500002 34853.90674805  1808.91784589
0.34600002 34410.27138162  2328.37112331
0.34700002 33974.40774552  2305.50341880
0.34800002 33548.33159991  2283.13181516
0.34900002 33130.75358994  1913.30111044
0.35000002 32722.35503180  2067.39848883
0.35100002 32323.40819287  1877.34363676
0.35200002 31931.75037525  1859.86488870
0.35300002 31550.00774359  2010.36658864
0.35400002 31176.39552545  1660.14314036
0.35500002 30811.76814902  2303.48789592
0.35600002 30455.40117964  1957.06417250
0.35700002 30107.60748869  1616.77859872
0.35800002 29768.58130386  2885.46872245
0.35900002 29438.56496407  1748.65084169
0.36000002 29116.65058681  1892.00004475
0.36100002 28802.57230491  2189.57165033
0.36200002 28498.36404022  1551.73599549
0.36300002 28200.94780533  1539.77182311
0.36400002 27912.39535535  1833.84446171
0.36500002 27631.18757577  1516.95226976
0.36600002 27359.21412481  1807.34977070
0.36700002 27094.60611642  1495.62232847
0.36800002 26838.87719066  2228.29788431
0.36900002 26590.86342287  1770.95158785
0.37000002 26350.12999896  1759.66176468
0.37100002 26117.22436638  1894.54354528
0.37200002 25892.82728252  2173.05563262
0.37300002 25675.78630537  2160.61751995
0.37400002 25466.28710320  2005.47020438
0.37500002 25264.52986502  1424.91955189
0.37600002 25070.48675210  1701.28331159
0.37700002 24883.69898362  1410.90579921
0.37800002 24704.29741914  1404.43937481
0.37900002 24532.90342076  2097.56334184
0.38000002 24367.97671737  1671.15592244
0.38100002 24209.58512951  1387.20929364
0.38200002 24059.48741165  1658.66114074
0.38300002 23915.58712964  2341.81440267
0.38400002 23779.00455038  1647.88509341
0.38500002 23648.52759639  1643.09977524
0.38600002 23525.93370995  1365.68051656
0.38700002 23408.94001854  1907.36052307
0.38800002 23298.66109089  1495.42463296
0.38900002 23194.81349496  1628.27598449
0.39000002 23097.94693314  1490.16411699
0.39100002 23006.48256390  1488.05936273
0.39200002 22921.99470730  1756.62714762
0.39300002 22842.88439129  2025.02179723
0.39400002 22771.07796309  1484.10507656
0.39500002 22703.68620786  1753.17873203
0.39600002 22642.50179906  1887.70546442
0.39700002 22586.38822440  1887.77041723
0.39800002 22537.08015471  1618.61317340
0.39900002 22492.09082016  2024.28826972
0.40000002 22452.92366111  1350.54342220
0.40100002 22418.65865374  2027.76777131
0.40200002 22390.05857623  1624.17492607
0.40300002 22366.21676864  1762.01064052
0.40400002 22347.27978355  1764.87650453
0.40500002 22332.69500080  1632.07342799
0.40600002 22323.73510565  1362.86409277
0.40700002 22318.76024686  1502.49901101
0.40800002 22318.21335978  1779.98919085
0.40900002 22321.73682216  1921.90163145
0.41000002 22330.11941477  1789.64750529
0.41100002 22342.31328011  1656.90603136
0.41200002 22357.68631589  1523.56460619
0.41300002 22378.31029451  1667.63176216
0.41400002 22401.95793932  1673.42633736
0.41500002 22429.12643185  1539.53531123
0.41600002 22458.97378603  1404.80887688
0.41700002 22493.64952084  1410.35189178
0.41800002 22531.98498075  1557.74885546
0.41900002 22571.65237465  1848.61841708
0.42000002 22614.93703083  1570.94667529
0.42100002 22661.82596918  1577.94301701
0.42200002 22711.19661877  2161.53824062
0.42300002 22762.93823058  1592.49523407
0.42400002 22817.00374458  1890.95927494
0.42500002 22874.24409001  1607.83069328
0.42600002 22932.48972280  2056.35645089
0.42700002 22994.10409763  1476.22155302
0.42800002 23057.13950352  1780.47239683
0.42900002 23122.93959237  1640.57264182
0.43000002 23190.47423779  1499.26423052
0.43100002 23258.09203579  2109.97420947
0.43200002 23328.88452203  1818.25334581
0.43300002 23400.21905039  2285.03149855
0.43400002 23473.57818452  1991.14636386
0.43500002 23547.61752244  1540.01425895
0.43600002 23623.52902932  1703.37464138
0.43700002 23699.75030792  2802.73260423
0.43800002 23776.37498495  1722.24180365
0.43900002 23855.01614711  1889.31736838
0.44000002 23933.44761774  2374.79645241
0.44100002 24013.03419830  2228.88993991
0.44200002 24092.83722997  2401.45366470
0.44300002 24173.19499281  1770.92834910
0.44400002 24253.60090508  1942.71352456
0.44500002 24333.62510058  1953.50351565
0.44600002 24413.74279925  1800.63568549
0.44700002 24494.86047867  1975.26564261
0.44800002 24574.63658257  2317.14259318
0.44900002 24654.87718593  1830.62471781
0.45000002 24735.04647419  2007.99116794
0.45100002 24813.77670821  2018.84896866
0.45200002 24892.59943378  1691.45221169
0.45300002 24970.28598060  1870.52421146
0.45400002 25047.74356543  2222.36115317
0.45500002 25124.47719945  1718.51432189
0.45600002 25199.88157095  2245.68755263
0.45700002 25274.72493768  2083.64842261
0.45800002 25348.10199508  2966.86873863
0.45900002 25420.28363823  1753.99965417
0.46000002 25491.92063546  2115.31967458
0.46100002 25561.24500365  1771.39436271
0.46200002 25629.91963011  1957.99780294
0.46300002 25697.09899490  1967.36999229
0.46400002 25762.19788918  1796.91338794
0.46500002 25826.90645693  1805.30084690
0.46600002 25888.76039800  1994.85852702
0.46700002 25949.03924414  2550.27169779
0.46800002 26008.30042448  2927.49443453
0.46900002 26064.86027587  2021.33001020
0.47000002 26119.88063535  2029.90661979
0.47100002 26173.05026735  2038.35725143
0.47200002 26224.40590024  2046.68385549
0.47300002 26273.53209143  2241.65786429
0.47400002 26320.01700150  2625.42182034
0.47500002 26364.82106286  2447.18280705
0.47600002 26408.16852720  2645.30636675
0.47700002 26447.98149964  2465.21647243
0.47800002 26485.75300172  2093.30158771
0.47900002 26522.30939917  2864.40955088
0.48000002 26555.22350046  2682.34325292
0.48100002 26587.45477969  2114.50037885
0.48200002 26614.94008195  3085.20400054
0.48300002 26640.85580602  2127.53884551
0.48400002 26664.96476018  3491.77730085
0.48500002 26686.04391841  2334.49523264
0.48600002 26705.06258555  2145.88540578
0.48700002 26721.25959119  2151.59592427
0.48800002 26734.75383440  3137.59085873
0.48900002 26745.65034838  1965.80539379
0.49000002 26754.05394813  3152.69786669
0.49100002 26760.89669641  2172.44969679
0.49200002 26763.66200810  2177.09018925
0.49300002 26764.65614317  2974.89167133
0.49400002 26762.38603189  2185.81798277
0.49500002 26757.96824876  2588.03081170
0.49600002 26751.03739423  2193.71892550
0.49700002 26741.16550626  2197.32167381
0.49800002 26729.03000414  3001.00198597
0.49900002 26713.70844619  2804.93951981
0.50000002 26696.49887266  3209.98717661
