# SAXS profile: number of points = 501, q_min = 0, q_max = 0.5, delta_q = 0.001
#    q    intensity    error
0.00000000 1682732.95097188 353.37391970
0.00100000 1682650.84662637 706.71337237
0.00200000 1682404.47562959 984.20664941
0.00300000 1681994.05470483 1513.79470316
0.00400000 1681419.45908665 1261.06464223
0.00500000 1680681.21711610 2117.65841739
0.00600000 1679779.19416763 2645.65233852
0.00700000 1678713.97002242 2618.79390207
0.00800000 1677485.37136272 2943.98695104
0.00900000 1676094.65445903 3016.97050699
0.01000000 1674541.14603733 3315.59161232
0.01100000 1672826.20175272 3914.41348253
0.01200000 1670949.67848831 4561.69282228
0.01300000 1668912.74790566 3504.71692518
0.01400000 1666715.49026264 4500.13202320
0.01500000 1664359.23946358 4393.90858784
0.01600000 1661843.43816335 5085.24114811
0.01700000 1659170.36332191 4927.73620012
0.01800000 1656339.91365258 5192.62586296
0.01900000 1653352.89487873 4960.05890845
0.02000000 1650210.32678308 5717.97904096
0.02100000 1646914.27073756 7065.26254179
0.02200000 1643463.32234468 7937.92820756
0.02300000 1639860.67864928 7674.54832541
0.02400000 1636105.93117083 6135.39752165
0.02500000 1632201.56190455 7002.14502036
0.02600000 1628147.50769939 9231.59679089
0.02700000 1623946.09270762 8866.74607229
0.02800000 1619597.03686053 7045.24743344
0.02900000 1615102.82225950 8721.55564064
0.03000000 1610464.98795871 10484.12755352
0.03100000 1605683.79977848 8478.01085293
0.03200000 1600760.56511708 10300.89471097
0.03300000 1595699.30771105 8138.06684450
0.03400000 1590497.96850721 11690.16060792
0.03500000 1585160.01682252 9415.85093473
0.03600000 1579686.47132304 11397.43841731
0.03700000 1574079.36439015 8972.25279197
0.03800000 1568340.02697435 10092.26854065
0.03900000 1562470.67814287 13124.75430421
0.04000000 1556471.04287455 13401.21630015
0.04100000 1550345.05943358 10743.89176003
0.04200000 1544093.87240064 14939.10890854
0.04300000 1537718.12652726 12178.72812741
0.04400000 1531221.55691169 10335.74598917
0.04500000 1524605.32399064 15779.66583650
0.04600000 1517869.57839539 14981.37343520
0.04700000 1511018.40071292 11967.26629022
0.04800000 1504052.33787156 15476.69927680
0.04900000 1496975.37718144 16840.97377720
0.05000000 1489786.90964791 15955.61854532
0.05100000 1482491.42773652 13876.12041002
0.05200000 1475087.28574478 15245.02780861
0.05300000 1467580.43159515 16642.36287012
0.05400000 1459971.14932275 14453.71505233
0.05500000 1452261.71178599 15858.69863250
0.05600000 1444453.38007945 16055.10006878
0.05700000 1436551.22011246 18746.99429755
0.05800000 1428554.09381787 18964.05648091
0.05900000 1420464.64332896 14062.60062576
0.06000000 1412286.86204843 16799.15300890
0.06100000 1404021.57759229 15668.88153816
0.06200000 1395671.65547421 14508.00753681
0.06300000 1387239.66408072 13317.50139784
0.06400000 1378724.84245281 16131.08141110
0.06500000 1370133.14781620 17633.61443726
0.06600000 1361465.45807746 16419.27419265
0.06700000 1352723.52822449 15177.55869697
0.06800000 1343910.15862858 13909.47079290
0.06900000 1335028.41932376 23830.25840064
0.07000000 1326078.81051499 19771.83599066
0.07100000 1317064.55741934 15646.72767500
0.07200000 1307987.93687948 20051.45601171
0.07300000 1298851.78945429 14417.25553847
0.07400000 1289658.27197670 20312.11873554
0.07500000 1280409.05219129 18975.66304291
0.07600000 1271105.26735117 17617.51983141
0.07700000 1261752.46876548 16238.75503442
0.07800000 1252350.41628207 19292.45906757
0.07900000 1242901.76407657 16406.30405533
0.08000000 1233410.17204768 17983.12115206
0.08100000 1223877.00534940 22580.53180813
0.08200000 1214303.62624580 15118.08085618
0.08300000 1204693.60659585 19732.88220214
0.08400000 1195048.84898660 18284.24824773
0.08500000 1185371.41691133 21407.80879441
0.08600000 1175663.53700149 21479.37382951
0.08700000 1165928.64205105 15390.25879777
0.08800000 1156166.67653264 18521.79102791
0.08900000 1146382.66805496 20119.01676935
0.09000000 1136576.36700126 23271.40220754
0.09100000 1126751.16588320 21768.83354759
0.09200000 1116908.60196680 20255.13844839
0.09300000 1107053.56486628 26536.07519683
0.09400000 1097182.81820489 17198.34148364
0.09500000 1087302.47153608 20354.30322386
0.09600000 1077413.40297038 15676.36575013
0.09700000 1067520.26023757 21969.56798854
0.09800000 1057622.73819763 20417.40792088
0.09900000 1047723.29322494 20430.60517858
0.10000000 1037823.25973421 17295.32543682
0.10100000 1027924.67537021 28309.04689112
0.10200000 1018030.89010774 22020.00918877
0.10300000 1008142.95569673 20445.14010328
0.10400000 998263.50450352 18867.18112272
0.10500000 988395.99814312 23573.24566482
0.10600001 978536.97818027 23558.27885819
0.10700001 968694.32646211 18831.41859259
0.10800001 958866.32412234 18812.95816465
0.10900001 949057.27826056 15659.44582832
0.11000001 939266.70305168 18766.54961031
0.11100001 929497.77858694 20300.23243994
0.11200001 919751.66162400 15589.79139845
0.11300001 910030.18342035 17117.66855605
0.11400001 900335.90633569 15530.79511555
0.11500001 890670.35671597 17047.43143027
0.11600001 881034.21431865 17008.36630837
0.11700001 871430.75643019 16966.75762674
0.11800001 861858.80726415 21537.85260793
0.11900001 852321.52336496 23012.68221479
0.12000001 842819.89511226 22945.77272529
0.12100001 833358.59563625 16775.50932042
0.12200001 823935.08067626 16721.76325011
0.12300001 814553.87629017 16665.77309409
0.12400001 805213.37705501 18117.30183738
0.12500001 795916.21803727 22564.22584459
0.12600001 786665.66450652 20980.37426106
0.12700001 777460.82501724 14927.24854380
0.12800001 768303.40295141 19326.67301209
0.12900001 759195.31674287 17765.17124909
0.13000001 750137.57397054 17688.24482796
0.13100001 741130.27419836 20544.13216918
0.13200001 732176.36637583 23371.07071644
0.13300001 723276.30691952 17445.42534533
0.13400001 714429.94455593 23147.53129492
0.13500001 705640.65459810 17274.08403900
0.13600001 696908.43801174 14321.46907641
0.13700001 688233.88371432 21369.66309698
0.13800001 679616.85000752 19838.01678720
0.13900001 671061.49441137 18319.97966137
0.14000001 662565.91155403 21019.90453536
0.14100001 654132.93497199 15326.33538923
0.14200001 645762.02604432 15236.75572316
0.14300001 637455.40148027 15145.94105357
0.14400001 629209.82689976 19159.44013285
0.14500001 621032.07632212 20400.90466954
0.14600001 612919.09922795 16217.84013064
0.14700001 604873.70333091 14771.01653219
0.14800001 596892.96147376 21344.89330933
0.14900001 588980.63922344 15902.47800932
0.15000001 581136.20809637 19744.10360166
0.15100001 573360.48041304 22223.45326942
0.15200001 565654.97312125 16876.31691942
0.15300001 558019.38338492 18046.34771026
0.15400001 550451.77905208 15357.60536029
0.15500001 542956.70090020 15246.22488079
0.15600001 535530.62124073 15134.09607052
0.15700001 528178.77478704 15021.40506391
0.15800001 520895.49456122 14908.02975798
0.15900001 513686.53263444 16027.02057468
0.16000001 506547.45728913 14679.74600516
0.16100001 499483.27185037 16992.42171046
0.16200001 492491.26470016 14449.69438842
0.16300001 485571.75955351 16723.09218848
0.16400001 478726.12935764 13033.31948706
0.16500001 471952.62413416 14101.94507490
0.16600001 465253.33471528 13985.51590184
0.16700001 458626.44167294 15024.60293859
0.16800001 452073.31624442 14898.07684027
0.16900001 445594.85369145 12498.93623622
0.17000001 439188.44466273 16897.77620631
0.17100001 432856.33437096 13401.23274495
0.17200001 426597.26429585 13284.23943749
0.17300001 420411.69077430 12070.02021213
0.17400001 414300.06489442 10875.37721708
0.17500001 408260.55005744 16167.11854581
0.17600001 402292.94233367 14953.22937277
0.17700001 396400.88628823 13759.07541291
0.17800001 390579.72287701 12584.47926549
0.17900001 384830.57767714 13507.55391448
0.18000001 379155.28482807 11323.47311626
0.18100001 373552.17014110 15296.96208985
0.18200001 368018.41256374 12122.52708249
0.18300001 362557.01884990 15009.86128944
0.18400001 357166.71979425 10902.51463676
0.18500001 351847.39287487 12761.50554245
0.18600001 346598.84924191 10694.30799860
0.18700001 341419.33934020 11553.63098912
0.18800001 336308.23504178 12394.64058806
0.18900001 331269.75979697 13217.66404040
0.19000001 326296.17946330 13087.74037665
0.19100001 321393.66462295 10181.75177634
0.19200001 316557.29629938 11913.63440916
0.19300001 311790.37579191 9980.41040070
0.19400001 307088.59313563 15269.98101523
0.19500001 302453.98817435 11559.79197428
0.19600001 297884.19317410 12323.46965397
0.19700001 293381.77931784 10456.12710902
0.19800001 288943.13169721 9487.44817764
0.19900001 284569.21192028 9390.78443718
0.20000001 280257.48935270 8449.76370333
0.20100001 276010.81009651 12544.69191178
0.20200001 271825.59597715 12415.63468306
0.20300001 267702.79769742 9830.04719606
0.20400001 263641.70543629 10539.07767295
0.20500001 259640.87072564 10429.77427003
0.20600001 255700.15486880 9527.38822075
0.20700001 251819.18251549 11785.13829880
0.20800001 247996.97937792 9329.64680521
0.20900001 244235.23244752 13848.13833439
0.21000001 240528.22680597 12941.62185508
0.21100001 236880.00471384 8286.06295660
0.21200001 233286.88465703 11180.27447573
0.21300001 229749.40373071 7374.95620841
0.21400001 226267.66549031 8026.84581275
0.21500001 222841.21682472 10830.08364970
0.21600001 219466.72335766 7858.00640134
0.21700001 216146.27400627 9188.37854243
0.21800001 212878.14144384 6993.04727707
0.21900001 209660.66927666 7610.68265459
0.22000001 206493.89458330 6845.27292910
0.22100001 203379.06771272 7449.77560257
0.22200001 200313.28031203 9380.67136057
0.22300001 197296.07890170 9943.72284684
0.22400001 194326.47692758 7870.22268772
0.22500001 191406.65676250 7137.55456819
0.22600001 188531.64420886 7703.40334665
0.22700001 185704.09472740 8256.40444202
0.22800001 182921.13442905 6911.67539126
0.22900001 180182.87346322 6837.94037130
0.23000001 177489.23346610 7380.00267653
0.23100001 174840.00328295 7301.31888240
0.23200001 172232.12053042 10233.17192528
0.23300001 169667.43368272 6550.85992431
0.23400001 167143.22881731 8837.69864170
0.23500001 164659.65853581 9326.32350057
0.23600001 162216.89962547 11533.62210888
0.23700001 159813.50374101 9128.54776545
0.23800001 157448.47638139 5644.52814525
0.23900001 155122.08122461 6142.83470705
0.24000001 152832.62522790 5524.89966332
0.24100001 150581.17413192 8199.14531931
0.24200001 148366.17010631 7571.12601865
0.24300001 146185.81673279 6955.52148916
0.24400001 144040.87188307 5822.85252131
0.24500001 141929.76733427 8903.25472604
0.24600001 139852.72347485 5699.69801484
0.24700001 137809.68418570 8715.08484018
0.24800001 135798.93051667 5579.29932422
0.24900001 133818.83080555 5018.20639261
0.25000001 131871.66051135 7943.94920502
0.25100001 129954.55133678 5403.51050022
0.25200001 128069.55935579 6318.31200974
0.25300001 126212.66380899 5289.57299049
0.25400001 124386.07984634 6660.87489091
0.25500001 122586.57821585 5178.05730882
0.25600001 120816.68088521 6520.47657588
0.25700001 119073.41103488 5990.58359260
0.25800001 117357.30674975 5471.19789954
0.25900001 115668.95478511 5864.41628508
0.26000001 114005.57151534 6694.97750401
0.26100001 112367.56529597 5740.85918261
0.26200001 110755.87600002 5680.11536943
0.26300001 109167.45249039 5619.94072013
0.26400001 107604.07433619 5132.71458871
0.26500001 106064.43310360 5501.56240541
0.26600001 104547.56069038 6280.69500567
0.26700001 103053.99879093 4142.77094743
0.26800001 101583.14088584 4098.87992871
0.26900001 100133.19837756 4866.47367144
0.27000001 98705.60514642  5617.33625471
0.27100001 97298.89984299  3969.79530146
0.27200001 95913.71725318  5891.50036108
0.27300001 94548.49669182  6606.10377649
0.27400001 93202.07872853  4229.04452245
0.27500001 91877.21380407  4944.83188095
0.27600001 90569.56881100  4892.11549085
0.27700001 89282.73342029  3723.09015983
0.27800001 88013.27684549  4051.69139134
0.27900001 86762.64111709  4737.24042920
0.28000001 85529.37790633  5047.08882912
0.28100001 84313.94335515  6063.01595363
0.28200001 83116.12733553  3528.27977239
0.28300001 81935.29119655  4537.57664123
0.28400001 80770.36688327  3798.22668246
0.28500001 79622.61551201  3757.39140385
0.28600001 78490.64092829  3716.92447709
0.28700001 77375.24634253  4345.39404027
0.28800001 76273.84124157  3967.76540919
0.28900001 75189.59314657  3597.82220236
0.29000001 74119.37128453  4529.43499359
0.29100001 73064.76861179  3520.26071835
0.29200001 72024.44445514  3165.47448364
0.29300001 70998.73547630  3131.04438272
0.29400001 69986.45240214  3096.90066539
0.29500001 68989.40882579  3063.12989686
0.29600001 68004.94490846  4544.43065863
0.29700001 67034.47172560  4195.01743917
0.29800001 66077.78856194  4149.02454021
0.29900001 65134.59267969  4103.47953308
0.30000001 64203.20672455  4058.28488918
0.30100001 63285.94976159  3153.53902591
0.30200001 62380.38935835  3969.26436278
0.30300001 61488.10700588  3084.24359343
0.30400001 60608.10383970  3881.94923471
0.30500001 59740.67984893  2742.09733488
0.30600001 58884.19499425  2982.77903865
0.30700001 58040.61070781  4290.36214664
0.30800001 57208.50322439  3181.93709999
0.30900001 56388.42561679  2884.26810685
0.31000001 55579.96247040  3111.36644640
0.31100001 54782.30247989  3076.57425293
0.31200001 53996.92413044  3042.18684954
0.31300001 53221.95313509  3258.78034475
0.31400001 52459.61422144  3222.33195612
0.31500001 51706.73778914  2941.07938470
0.31600002 50966.21994682  2908.13264786
0.31700002 50235.81982937  2635.87359125
0.31800002 49515.97897090  3080.14161772
0.31900002 48807.54245373  2577.03836358
0.32000002 48109.80980372  2548.13619691
0.32100002 47422.09963118  3206.68252890
0.32200002 46745.97216507  2491.32670450
0.32300002 46078.52012627  3135.18265785
0.32400002 45422.87523159  2214.36527239
0.32500002 44776.73404885  2189.58239867
0.32600002 44141.19327659  2381.63819601
0.32700002 43515.96389359  2783.28118243
0.32800002 42901.59089797  2540.63233328
0.32900002 42295.34175004  2302.98146734
0.33000002 41700.48233936  3105.64356929
0.33100002 41114.47324892  2661.75112418
0.33200002 40539.91024427  2834.95605763
0.33300002 39974.35372632  2403.25825983
0.33400002 39419.20503525  1980.81514682
0.33500002 38873.47945117  2351.06814854
0.33600002 38337.04975962  2325.52554855
0.33700002 37810.29936497  1916.98226859
0.33800002 37293.99959249  2654.95995672
0.33900002 36786.48212409  2251.33281261
0.34000002 36288.56969855  3526.70481317
0.34100002 35800.37809554  1836.55948328
0.34200002 35322.24742263  2180.79565915
0.34300002 34852.73324041  2517.76156853
0.34400002 34393.37553234  1779.85726809
0.34500002 33942.86840039  1937.79844875
0.34600002 33502.38575987  1918.17918753
0.34700002 33069.91142268  2416.74924123
0.34800002 32647.61558326  1880.01303240
0.34900002 32233.93963053  2199.96648398
0.35000002 31829.86337723  2178.59510204
0.35100002 31435.48525477  1659.79370006
0.35200002 31048.49059925  2137.22295162
0.35300002 30671.90808730  1628.67839657
0.35400002 30303.58101523  2097.76549514
0.35500002 29944.60019107  2078.75424372
0.35600002 29593.99884873  2852.56568414
0.35700002 29252.22155524  2199.18212069
0.35800002 28919.53724289  1868.78058515
0.35900002 28596.05670544  1853.02456228
0.36000002 28280.96253924  1684.55561344
0.36100002 27973.78808307  2126.56747080
0.36200002 27676.86730474  1808.40659535
0.36300002 27386.69641043  1794.37643381
0.36400002 27105.85193998  1632.45001041
0.36500002 26832.47796635  1620.41342114
0.36600002 26568.49700297  2486.41290980
0.36700002 26312.14204790  2033.40243378
0.36800002 26064.80733165  2452.56816205
0.36900002 25825.38515049  1433.30894375
0.37000002 25593.37672219  1993.98007488
0.37100002 25369.40901339  1840.29701701
0.37200002 25154.09973454  1407.37194682
0.37300002 24946.38141809  1539.44127023
0.37400002 24746.22355636  1670.37016918
0.37500002 24554.06138217  1384.84912756
0.37600002 24369.74041597  1653.73066297
0.37700002 24192.88234126  1508.91014310
0.37800002 24023.33439724  1502.29928770
0.37900002 23862.08226801  2176.22200594
0.38000002 23707.40010662  1354.87798028
0.38100002 23559.31654303  1484.94379205
0.38200002 23419.61072291  1614.54803972
0.38300002 23286.28333377  1341.28998357
0.38400002 23160.35179355  1605.01245533
0.38500002 23040.66211878  1734.27071984
0.38600002 22928.86936850  1597.22511588
0.38700002 22822.86465099  1328.29078562
0.38800002 22723.51875998  1988.87607369
0.38900002 22630.77218278  1456.29025895
0.39000002 22544.97871207  1454.48937052
0.39100002 22464.71136681  1320.92509095
0.39200002 22391.51245714  1583.97566626
0.39300002 22323.60173892  1847.05489539
0.39400002 22263.10023749  1450.99762672
0.39500002 22207.20845049  1451.01906890
0.39600002 22157.37378021  1715.31317246
0.39700002 22112.71209541  1584.15476957
0.39800002 22074.85926274  1453.29842842
0.39900002 22041.34705073  1983.72132855
0.40000002 22013.67307058  1456.53474772
0.40100002 21990.87338396  1591.25967346
0.40200002 21973.76944803  1726.80875389
0.40300002 21961.36997858  1463.94499213
0.40400002 21954.00554022  1467.07648974
0.40500002 21950.88457765  1470.48982753
0.40600002 21953.42148448  1474.28208964
0.40700002 21959.82570663  1478.33553662
0.40800002 21970.64037989  1617.47862141
0.40900002 21985.55428238  1892.95631340
0.41000002 22005.25036704  2577.58512387
0.41100002 22028.76337244  1497.51540501
0.41200002 22055.33896224  1639.59397614
0.41300002 22087.17560445  1645.93640403
0.41400002 22121.91768316  1652.50732923
0.41500002 22160.28334315  2074.20261920
0.41600002 22201.06046459  2083.01459679
0.41700002 22246.74164780  1534.35784415
0.41800002 22295.88890274  1681.55602072
0.41900002 22346.28909670  2252.50604768
0.42000002 22400.30224998  2121.86873117
0.42100002 22457.89078803  1563.74300967
0.42200002 22517.81131995  1571.63071555
0.42300002 22579.91247915  2010.51550241
0.42400002 22644.42836220  2021.01532709
0.42500002 22711.94201077  2612.32769387
0.42600002 22780.32917043  1459.08015251
0.42700002 22852.00374052  2494.06780643
0.42800002 22924.90069010  1770.26091518
0.42900002 23000.59539380  1483.53847320
0.43000002 23077.76640466  1939.57096939
0.43100002 23155.10302493  1950.58597125
0.43200002 23235.27433077  1660.04425323
0.43300002 23316.04385519  2732.17414842
0.43400002 23398.65101004  1679.43825583
0.43500002 23481.73010373  1842.84626587
0.43600002 23566.61995558  1699.27121242
0.43700002 23651.62881481  2175.47692148
0.43800002 23737.02658463  2032.00825707
0.43900002 23824.15852515  1729.63399089
0.44000002 23911.13139163  1581.72141651
0.44100002 23998.85981442  1909.34937732
0.44200002 24086.80811999  1920.68217051
0.44300002 24175.18295424  2254.09416548
0.44400002 24263.33488255  2429.36652024
0.44500002 24351.14202977  1629.09147900
0.44600002 24438.75638072  1966.34243158
0.44700002 24527.20969440  1977.87428349
0.44800002 24614.21798196  2155.09795754
0.44900002 24701.52337511  2000.82348821
0.45000002 24788.60609360  2012.33913805
0.45100002 24874.13946435  2023.76008273
0.45200002 24959.54154475  1865.60102118
0.45300002 25043.66849890  2558.21085840
0.45400002 25127.24919151  1886.42832246
0.45500002 25210.17089014  2069.25092473
0.45600002 25291.48382034  1907.10442786
0.45700002 25372.18245626  1743.06901736
0.45800002 25451.07915212  1752.30688267
0.45900002 25528.78859360  3170.67569360
0.46000002 25605.63293331  2301.81848163
0.46100002 25680.10432992  1957.59444585
0.46200002 25753.74484410  2146.31719703
0.46300002 25825.69403047  2336.70890663
0.46400002 25895.44175419  1806.20714796
0.46500002 25964.51783115  1996.41187066
0.46600002 26030.65063259  2005.79187956
0.46700002 26095.11491164  2931.00344579
0.46800002 26158.31775211  2208.28528930
0.46900002 26218.73368758  1848.42081258
0.47000002 26277.30702751  2413.43937833
0.47100002 26333.98154469  2237.33517808
0.47200002 26388.63157441  2246.72819873
0.47300002 26440.95303761  2443.93740510
0.47400002 26490.33619649  3397.38577823
0.47500002 26537.94771442  2084.29051228
0.47600002 26583.96779708  2282.49958324
0.47700002 26626.29231209  3436.38944868
0.47800002 26666.42807280  2107.58124263
0.47900002 26705.17836380  2499.60481333
0.48000002 26740.15081937  1929.30197306
0.48100002 26774.25136337  2322.93415839
0.48200002 26803.55274302  2330.30098593
0.48300002 26831.00475378  3311.48276367
0.48400002 26856.51300476  1953.81141371
0.48500002 26878.96492901  1959.47663620
0.48600002 26899.09614250  1964.97906635
0.48700002 26916.34818886  2758.38749314
0.48800002 26930.70330254  2370.44061705
0.48900002 26942.33049340  1980.26138513
0.49000002 26951.32160763  2183.46142354
0.49100002 26958.64678606  2586.41269525
0.49200002 26961.73862670  2791.34893234
0.49300002 26962.86689014  3796.10220940
0.49400002 26960.66967364  2202.01279997
0.49500002 26956.18225214  2206.09406009
0.49600002 26949.09216806  2410.86589963
0.49700002 26938.94535704  2616.04110763
0.49800002 26926.37070404  2418.52673128
0.49900002 26910.54505806  2018.29097503
0.50000002 26892.65313043  2223.08127641
