# SAXS profile: number of points = 501, q_min = 0, q_max = 0.5, delta_q = 0.001
#    q    intensity    error
0.00000000 1682732.95097188 302.89193117
0.00100000 1682650.52967812 706.71323925
0.00200000 1682403.19488216 757.08146167
0.00300000 1681991.19283013 1110.11422681
0.00400000 1681414.37047144 1639.37907350
0.00500000 1680673.24994961 1815.12718179
0.00600000 1679767.72817840 2116.50742367
0.00700000 1678698.40648221 3424.54489155
0.00800000 1677465.05099226 3396.86687167
0.00900000 1676068.93797152 3519.74492020
0.01000000 1674509.43279287 3039.23475175
0.01100000 1672787.84502595 3011.01825214
0.01200000 1670904.11758929 4235.74212380
0.01300000 1668859.30713378 4555.98610942
0.01400000 1666653.56199151 4124.96774879
0.01500000 1664288.20073521 6390.86697540
0.01600000 1661762.76216921 5084.99427955
0.01700000 1659079.39578794 5375.41748349
0.01800000 1656238.10980678 5192.30670789
0.01900000 1653239.61570061 6943.60669926
0.02000000 1650085.02688137 5717.54487678
0.02100000 1646776.34736556 7064.67085050
0.02200000 1643312.27343868 6236.37036103
0.02300000 1639695.88292300 7673.77708138
0.02400000 1635926.72835109 10429.03336878
0.02500000 1632007.56900676 7001.31279079
0.02600000 1627938.20600714 12526.98506819
0.02700000 1623720.82506853 8183.55333316
0.02800000 1619355.27533881 7044.19577077
0.02900000 1614844.20845422 9446.83905320
0.03000000 1610188.93231163 8236.11676735
0.03100000 1605389.72829263 8476.45815541
0.03200000 1600448.11737336 7922.21854588
0.03300000 1595367.85049517 8950.01405388
0.03400000 1590147.20113839 10852.75514852
0.03500000 1584789.27022976 10269.43494531
0.03600000 1579295.59438696 10518.10914470
0.03700000 1573667.55350588 15248.83929869
0.03800000 1567907.04043985 12841.15925549
0.03900000 1562016.04372777 10309.30636603
0.04000000 1555994.33381593 9569.36559640
0.04100000 1549846.09943841 9764.03087919
0.04200000 1543572.08765052 9956.04042724
0.04300000 1537173.11320234 16232.54882890
0.04400000 1530652.98698997 12398.28977042
0.04500000 1524012.79847686 11567.25767791
0.04600000 1517252.82051532 12835.95945826
0.04700000 1510377.05058171 16312.07290492
0.04800000 1503386.30173992 18784.81271426
0.04900000 1496284.07959379 14588.77045511
0.05000000 1489069.93753403 15947.93977362
0.05100000 1481748.67557884 11557.64020792
0.05200000 1474318.47244512 11720.83240214
0.05300000 1466785.51944519 13069.05958751
0.05400000 1459149.57479414 12037.98455343
0.05500000 1451413.32838129 17068.62153800
0.05600000 1443578.09146504 17279.63056118
0.05700000 1435648.75383016 16237.18816375
0.05800000 1427624.09964921 17688.26342056
0.05900000 1419507.25819210 14053.12251246
0.06000000 1411301.58356489 14204.75110221
0.06100000 1403008.52900452 16962.37390834
0.06200000 1394630.53917409 17133.03697461
0.06300000 1386170.52125096 19960.85643929
0.06400000 1377627.46892861 16118.24214026
0.06500000 1369007.44795426 14908.49180561
0.06600000 1360311.44891938 17772.46991168
0.06700000 1351540.97145433 15164.29040939
0.06800000 1342699.19370552 16676.32476643
0.06900000 1333788.72752206 14004.78229467
0.07000000 1324810.69600514 15520.15803049
0.07100000 1315767.66350510 17052.34971772
0.07200000 1306662.39470185 18600.34005995
0.07300000 1297497.70234835 20163.11523925
0.07400000 1288275.69629195 21739.65339374
0.07500000 1278997.99546089 23328.92453069
0.07600000 1269665.88155192 21996.96242912
0.07700000 1260284.62853337 17694.39701427
0.07800000 1250854.39671333 17787.15035541
0.07900000 1241377.52362215 16386.18408039
0.08000000 1231857.92611568 17960.48940531
0.08100000 1222296.60070217 15034.24889402
0.08200000 1212695.40755364 15098.05853252
0.08300000 1203057.82264504 24253.64684280
0.08400000 1193385.63549241 16737.23432340
0.08500000 1183680.81672194 19850.32822830
0.08600000 1173945.88170368 18383.99337064
0.08700000 1164184.23389989 18440.67913091
0.08800000 1154395.47350977 18493.41635415
0.08900000 1144585.04720162 16997.08874929
0.09000000 1134752.73567785 18587.25068355
0.09100000 1124901.49427150 18628.36962032
0.09200000 1115033.05150094 17110.18297923
0.09300000 1105152.60952606 15582.65252658
0.09400000 1095256.86714043 17168.15219929
0.09500000 1085351.57851373 20317.78250477
0.09600000 1075438.05111090 23471.43656884
0.09700000 1065520.73415368 26627.36439833
0.09800000 1055599.28663945 18810.78017235
0.09900000 1045676.52847895 17253.66353121
0.10000000 1035753.34478079 25106.66225818
0.10100000 1025832.03895581 17264.75402762
0.10200000 1015916.04474869 26683.03617040
0.10300000 1006005.89112217 26679.27748757
0.10400000 996105.10966099 17257.52183676
0.10500000 986216.19406800 25089.34115753
0.10600001 976336.37218921 23505.29926646
0.10700001 966473.54616038 15656.87218457
0.10800001 956625.86124491 21897.16699441
0.10900001 946797.25945277 21871.01772273
0.11000001 936987.80458839 28081.52582530
0.11100001 927200.08702608 20250.05085389
0.11200001 917436.11320008 23325.81427622
0.11300001 907697.12789472 20178.10810310
0.11400001 897985.78532332 20137.33218403
0.11500001 888303.62873866 23184.72580180
0.11600001 878651.44443880 15420.33357607
0.11700001 869032.40790903 24610.99895104
0.11800001 859445.45779012 16875.21235850
0.11900001 849893.80585758 21417.32491640
0.12000001 840378.14020085 18303.43675576
0.12100001 830903.43293750 15205.53353906
0.12200001 821467.23332557 22734.10675332
0.12300001 812073.57892620 16615.02620764
0.12400001 802721.32341729 16556.12807556
0.12500001 793412.79910013 20993.70365342
0.12600001 784151.75250266 20913.32822475
0.12700001 774936.92492964 17854.54759180
0.12800001 765769.54723245 17781.16972475
0.12900001 756652.82456985 22132.09616180
0.13000001 747586.80043856 17628.09758524
0.13100001 738571.75436661 23397.95428126
0.13200001 729610.52882503 14555.73073622
0.13300001 720703.62603436 18831.98663607
0.13400001 711851.60261907 17297.99475917
0.13500001 703056.84935278 21513.54060452
0.13600001 694319.61570805 17121.92253067
0.13700001 685640.98445724 17031.32285700
0.13800001 677020.29369002 15527.46116799
0.13900001 668461.84003774 21056.54895418
0.14000001 659963.68305040 18145.70232123
0.14100001 651528.89289213 13877.56607311
0.14200001 643156.72961344 22073.14000142
0.14300001 634849.54478214 21940.40130255
0.14400001 626603.92382095 16354.36318316
0.14500001 618426.73352327 14897.90071334
0.14600001 610314.87952372 17494.67684685
0.14700001 602271.18920562 17381.54734048
0.14800001 594292.79468805 15938.93350551
0.14900001 586383.34823167 18471.07634078
0.15000001 578542.18065880 14414.37911123
0.15100001 570770.74977701 16917.64582165
0.15200001 563069.94232471 12922.45578612
0.15300001 555439.39087078 14113.71558804
0.15400001 547877.61932298 12738.15525039
0.15500001 540388.95675769 13909.61240338
0.15600001 532969.68061553 15061.72388503
0.15700001 525625.50920962 13703.05767184
0.15800001 518350.37254945 13598.92266569
0.15900001 511149.94013858 15947.87888507
0.16000001 504020.10931637 14606.50345745
0.16100001 496965.53124479 18114.39446895
0.16200001 489983.74385927 17970.15465434
0.16300001 483074.95434187 11883.64443781
0.16400001 476240.61205031 16501.73798658
0.16500001 469478.88723922 12859.02732857
0.16600001 462792.13513923 17389.41529886
0.16700001 456178.06376566 13794.82529959
0.16800001 449638.23938974 14817.82887873
0.16900001 443173.79789069 16951.39856973
0.17000001 436781.55101785 16805.17096895
0.17100001 430464.33909441 12216.57852038
0.17200001 424220.56022430 16512.78608651
0.17300001 418050.64596772 12002.23461253
0.17400001 411955.20633756 18383.50195099
0.17500001 405932.31564938 13931.59773104
0.17600001 399981.81638141 10619.51772648
0.17700001 394107.51834491 13679.47260784
0.17800001 388304.11868567 14596.35251081
0.17900001 382573.48135535 11362.43293294
0.18000001 376916.87529968 15349.94047163
0.18100001 371332.83812387 11151.12565560
0.18200001 365818.79226014 11045.89895408
0.18300001 360377.36777505 10941.05740250
0.18400001 355007.37803142 10836.60072634
0.18500001 349708.61737971 16586.68050591
0.18600001 344481.09228812 11595.23411422
0.18700001 339322.96016691 9568.90792879
0.18800001 334233.52259156 16108.38538236
0.18900001 329217.25340177 13135.76903136
0.19000001 324265.93517106 11148.26337792
0.19100001 319385.97023521 10118.14801513
0.19200001 314572.64346652 10017.56630453
0.19300001 309828.75176280 9917.61881256
0.19400001 305150.37512788 9818.21378369
0.19500001 300539.57863082 8835.86402929
0.19600001 295993.76330837 9621.27773100
0.19700001 291515.62024090 12987.02149547
0.19800001 287101.36196429 13711.96169543
0.19900001 282751.97548724 11875.58353170
0.20000001 278465.15718852 10914.44235183
0.20100001 274243.55239265 9140.53803325
0.20200001 270083.54372664 10691.25758373
0.20300001 265986.14584455 9767.01173705
0.20400001 261950.65553655 8054.98303847
0.20500001 257975.53962166 14348.60019197
0.20600001 254060.63594507 8677.44143087
0.20700001 250205.60696728 7806.41530638
0.20800001 246409.47445210 8497.43112816
0.20900001 242673.74786801 8408.64576111
0.21000001 238993.17283200 8320.54770548
0.21100001 235371.28020204 8981.76847711
0.21200001 231804.49238509 8887.38465819
0.21300001 228293.66248069 8061.04960328
0.21400001 224838.38287270 7976.14200949
0.21500001 221438.64247023 10044.45729733
0.21600001 218090.85333085 7808.74337270
0.21700001 214796.82644574 12642.94180235
0.21800001 211555.24758832 8339.50825423
0.21900001 208364.58709327 7563.63486911
0.22000001 205224.43274821 9524.46637419
0.22100001 202136.26956916 8750.47952340
0.22200001 199097.04772950 7991.75587375
0.22300001 196106.28582328 6589.17151523
0.22400001 193163.11221623 9126.95748380
0.22500001 190269.75637709 9030.20306467
0.22600001 187421.06083546 7658.02490787
0.22700001 184619.83747260 10102.39798423
0.22800001 181863.06526522 8745.79522219
0.22900001 179150.78930391 6798.77277560
0.23000001 176483.10733845 6115.13995847
0.23100001 173859.77825052 6655.35262618
0.23200001 171277.49722071 8380.60833536
0.23300001 168738.43439802 5922.71932748
0.23400001 166239.63315554 8203.92628423
0.23500001 163781.34180508 7537.21770635
0.23600001 161363.68633945 5736.47932069
0.23700001 158985.07918327 7946.07463341
0.23800001 156644.87882071 6177.29108847
0.23900001 154343.11792901 7223.25826073
0.24000001 152077.89753104 6047.37788136
0.24100001 149850.68024030 6527.49594003
0.24200001 147659.45827532 5920.40625960
0.24300001 145502.87391139 5857.94598077
0.24400001 143381.32532043 6850.04314122
0.24500001 141293.53481924 6777.85118590
0.24600001 139239.52899894 6190.58975214
0.24700001 137219.16214931 5615.00838077
0.24800001 135230.92380320 6566.13781589
0.24900001 133272.96335550 5497.50999849
0.25000001 131347.88860144 5934.29788775
0.25100001 129452.43131435 4893.30213518
0.25200001 127588.82898320 7262.99443348
0.25300001 125753.04428001 4791.19121374
0.25400001 123947.36642034 5689.18438786
0.25500001 122168.34413703 6567.77049154
0.25600001 120418.66176514 5106.35359375
0.25700001 118695.30523863 6890.26279510
0.25800001 116998.85727555 4999.94640224
0.25900001 115329.80750453 4947.64897604
0.26000001 113685.34135256 4895.85945700
0.26100001 112066.14470355 6165.87957334
0.26200001 110472.76300121 6101.41098926
0.26300001 108902.29824977 5175.03745770
0.26400001 107356.53895294 5974.39167543
0.26500001 105834.35846498 4222.79110257
0.26600001 104334.40646566 5014.31181201
0.26700001 102857.63479025 4134.87711423
0.26800001 101402.90813312 5728.25055151
0.26900001 99969.10233939  4048.74883634
0.27000001 98557.10140084  6410.15417845
0.27100001 97165.63112648  4360.79373132
0.27200001 95795.24991813  4315.09723677
0.27300001 94444.65188950  4658.01045163
0.27400001 93112.44646473  3840.88859844
0.27500001 91801.38874005  4940.75097581
0.27600001 90507.29068692  4512.69372722
0.27700001 89233.58196292  4465.24865275
0.27800001 87976.98472716  6259.12287464
0.27900001 86738.59670993  5100.22972793
0.28000001 85517.42200454  3965.01545890
0.28100001 84313.74925611  4993.06046726
0.28200001 83127.34887706  4234.50735222
0.28300001 81957.45866548  3491.38790440
0.28400001 80803.15959894  3454.33523635
0.28500001 79665.69071982  4101.18995237
0.28600001 78543.64993224  5071.95643444
0.28700001 77437.79181280  4683.43787052
0.28800001 76345.63416194  5295.33343612
0.28900001 75270.18426307  3274.25317043
0.29000001 74208.62349962  3563.12722599
0.29100001 73162.11443152  4165.85099292
0.29200001 72129.54901260  3487.10321208
0.29300001 71111.42835017  3449.61555256
0.29400001 70106.33294180  3412.42591747
0.29500001 69116.04231064  4603.12863579
0.29600001 68138.15608120  3339.11049682
0.29700001 67173.89239574  3603.20775868
0.29800001 66223.02561028  4158.14397491
0.29900001 65285.31474416  3525.40716307
0.30000001 64359.30626660  3486.98737860
0.30100001 63446.81256040  3161.55481955
0.30200001 62545.85327523  4548.33466550
0.30300001 61657.77482640  4217.39199778
0.30400001 60781.67352185  3058.83786480
0.30500001 59918.02002189  3025.26097413
0.30600001 59064.85210191  2991.93022487
0.30700001 58224.42768788  3765.95616114
0.30800001 57395.08908696  2926.28875564
0.30900001 56577.49831294  3157.02455533
0.31000001 55771.30276256  2861.90453676
0.31100001 54975.64967844  2830.14657944
0.31200001 54191.96161398  2544.31271824
0.31300001 53418.47171520  3019.21216429
0.31400001 52657.25372262  3732.08303429
0.31500001 51905.36521771  2952.37731337
0.31600002 51165.60249195  2919.50941642
0.31700002 50435.64460266  3368.09250604
0.31800002 49716.02181732  2616.80293226
0.31900002 49007.61597908  3058.07538189
0.32000002 48309.58353946  2558.71721332
0.32100002 47621.48218656  3910.20008749
0.32200002 46944.71672735  2956.81312308
0.32300002 46276.50194689  2473.94191122
0.32400002 45619.75086917  3113.54814425
0.32500002 44972.47407784  2638.98490385
0.32600002 44335.51820267  2392.12299790
0.32700002 43708.58965614  2365.50898420
0.32800002 43092.56483389  2126.61817525
0.32900002 42484.37060054  3154.46466647
0.33000002 41887.38240327  2079.70863480
0.33100002 41299.11935687  2673.70511378
0.33200002 40722.21969322  3457.92744900
0.33300002 40154.13985263  2816.41150264
0.33400002 39596.32200172  2984.57291222
0.33500002 39047.86503803  2952.01873667
0.33600002 38508.50860975  2141.26572265
0.33700002 37978.77177512  2310.62858422
0.33800002 37459.28690712  3428.64869298
0.33900002 36948.57685349  2072.81525964
0.34000002 36447.28941905  2423.56262470
0.34100002 35955.71284951  2397.88660349
0.34200002 35474.06788048  2007.65496678
0.34300002 35000.96122595  1986.65465327
0.34400002 34537.93391538  2323.53961420
0.34500002 34083.72369236  2653.41801512
0.34600002 33639.48567170  2276.21590578
0.34700002 33203.16023355  2253.16656016
0.34800002 32776.96353939  2230.63635932
0.34900002 32359.42852616  1698.87007808
0.35000002 31951.41440922  2691.58727731
0.35100002 31553.05932981  1666.00161152
0.35200002 31162.08735658  1650.03260368
0.35300002 30781.53984039  2288.29978012
0.35400002 30409.19785857  1619.28986266
0.35500002 30046.16431776  2085.80482573
0.35600002 29691.50351148  2225.97212369
0.35700002 29345.68198910  2048.62215669
0.35800002 29009.08074577  1718.35297937
0.35900002 28681.62437834  2013.45012673
0.36000002 28362.45945009  1689.40997716
0.36100002 28051.38025962  1827.82802429
0.36200002 27750.56190882  1813.22180101
0.36300002 27456.53372122  1948.86485584
0.36400002 27171.92306839  2677.79314523
0.36500002 26894.72004909  1624.17222070
0.36600002 26627.03612300  2052.14577121
0.36700002 26366.96644437  1746.54794001
0.36800002 26116.07473552  1590.07728559
0.36900002 25873.08094945  2297.52969714
0.37000002 25637.54777743  1712.07552168
0.37100002 25410.19867361  1701.46698378
0.37200002 25191.68628386  1691.36989722
0.37300002 24980.74728806  1541.56198817
0.37400002 24777.32051773  1393.72434514
0.37500002 24582.17434327  1525.07816850
0.37600002 24394.93091854  1379.53340879
0.37700002 24215.17601381  2334.10092654
0.37800002 24042.82790585  1913.56876368
0.37900002 23878.95274456  1361.10037092
0.38000002 23721.71348458  1491.26558885
0.38100002 23571.11766872  1350.62510640
0.38200002 23429.12497940  1884.40461136
0.38300002 23293.61369630  1475.88343372
0.38400002 23165.54914976  1337.81052678
0.38500002 23043.92210043  1467.66746811
0.38600002 22930.28666491  1863.54448554
0.38700002 22822.53195515  2125.23427635
0.38800002 22721.59522119  2121.28823035
0.38900002 22627.38316309  1588.44237330
0.39000002 22540.18915797  1321.98215675
0.39100002 22458.75645698  1584.68993068
0.39200002 22384.47469985  1451.52133068
0.39300002 22315.71680999  1582.63071114
0.39400002 22254.36306128  1714.14239601
0.39500002 22197.82435248  1450.40591191
0.39600002 22147.40938711  1582.65394979
0.39700002 22102.39219021  1583.41545153
0.39800002 22064.30021884  1716.71295986
0.39900002 22030.72319158  1718.39649036
0.40000002 22003.11508873  1852.88240941
0.40100002 21980.42441918  1457.96162080
0.40200002 21963.68121217  1593.24551062
0.40300002 21951.76832102  2128.44355725
0.40400002 21944.92244865  1733.10033250
0.40500002 21942.62827429  1469.93673774
0.40600002 21946.11568190  2143.69668138
0.40700002 21953.56483496  1746.62570103
0.40800002 21965.56763159  1347.58763805
0.40900002 21981.72273177  1892.62641688
0.41000002 22002.90483014  2170.36663528
0.41100002 22028.05064250  2042.00039131
0.41200002 22056.33784008  1912.94627151
0.41300002 22090.09218572  1646.15374768
0.41400002 22126.82974597  2066.09282543
0.41500002 22167.29232128  1659.88692767
0.41600002 22210.38535964  1944.96353810
0.41700002 22258.48191582  1535.16757048
0.41800002 22310.18530634  2103.29281942
0.41900002 22363.24265528  1972.43809566
0.42000002 22420.02695467  1557.40724620
0.42100002 22480.60782111  2134.53381376
0.42200002 22543.46934457  2431.65143608
0.42300002 22608.76836499  1869.29305699
0.42400002 22676.66154293  1590.20096605
0.42500002 22747.55150879  2325.70977647
0.42600002 22819.38376013  2338.53055855
0.42700002 22894.67778488  1616.82222178
0.42800002 22971.28631688  1773.84281345
0.42900002 23050.83521860  1635.45683626
0.43000002 23131.93630584  1645.02772834
0.43100002 23213.35621461  2256.33833098
0.43200002 23297.58626016  1967.13178909
0.43300002 23382.63849227  1978.87278938
0.43400002 23469.53804811  2297.08114531
0.43500002 23557.02861059  2002.81866738
0.43600002 23646.45200865  1550.02500262
0.43700002 23736.01033284  2495.12952443
0.43800002 23826.03578236  1725.83898368
0.43900002 23917.92020156  1736.44108892
0.44000002 24009.71803531  2223.54009262
0.44100002 24102.28518191  1757.77974162
0.44200002 24195.19719924  1929.32511610
0.44300002 24288.57423833  2426.42868140
0.44400002 24381.75587482  2441.22342266
0.44500002 24474.67360892  1801.09131624
0.44600002 24567.44045877  2800.31983340
0.44700002 24661.11077708  2154.39473959
0.44800002 24753.38573706  1833.85466924
0.44900002 24845.89847333  1844.80804907
0.45000002 24938.36825286  2530.62103839
0.45100002 25029.29526682  2715.17807922
0.45200002 25120.02641501  1877.59646337
0.45300002 25209.66954953  2403.49000876
0.45400002 25298.62943615  1899.29469493
0.45500002 25387.01611125  2778.35517489
0.45600002 25473.85597594  1920.85620090
0.45700002 25559.94965487  2107.16234941
0.45800002 25644.37866111  2295.30022085
0.45900002 25727.56467546  2307.76266076
0.46000002 25809.91190660  3034.08433798
0.46100002 25889.86582280  1794.16778655
0.46200002 25969.02520853  2524.96844070
0.46300002 26046.39255066  2175.39480893
0.46400002 26121.56816197  1821.97946565
0.46500002 26196.13025672  3479.10822429
0.46600002 26267.63079293  2760.07143638
0.46700002 26337.49903025  2588.44952737
0.46800002 26406.05289634  2972.26545489
0.46900002 26471.84311018  2612.77103881
0.47000002 26535.63653537  2437.16565310
0.47100002 26597.58105227  2071.41971053
0.47200002 26657.45751718  2269.61604059
0.47300002 26714.95298615  2279.31989681
0.47400002 26769.43025817  2479.51859519
0.47500002 26822.10097142  3255.66677022
0.47600002 26873.10199450  2884.15580826
0.47700002 26920.41836000  2702.27172306
0.47800002 26965.39958871  2712.44967319
0.47900002 27008.94136415  2528.03703151
0.48000002 27048.73205016  1951.56610992
0.48100002 27087.51518566  3525.16939335
0.48200002 27121.39313953  2357.93403132
0.48300002 27153.33813673  2365.59893060
0.48400002 27183.27069140  2966.37455480
0.48500002 27210.08550660  2181.97686020
0.48600002 27234.50722040  2188.42893143
0.48700002 27255.94801905  2194.64903852
0.48800002 27274.42515460  2600.75293389
0.48900002 27290.08337917  2206.40334579
0.49000002 27302.99871386  3418.47211601
0.49100002 27314.14296097  2015.78384607
0.49200002 27320.90530074  2424.45725131
0.49300002 27325.62636689  2632.27771270
0.49400002 27327.01305101  2029.03081522
0.49500002 27325.92096096  2642.96320063
0.49600002 27322.10321675  2036.86289136
0.49700002 27315.19870807  2448.53452826
0.49800002 27305.70390603  2248.21523767
0.49900002 27292.87304255  2046.96557522
0.50000002 27277.81637440  2459.91359725
