# SAXS profile: number of points = 501, q_min = 0, q_max = 0.5, delta_q = 0.001
#    q    intensity    error
0.00000000 1682732.95097188 302.89193117
0.00100000 1682650.52348631 504.79516903
0.00200000 1682403.17529907 832.78959814
0.00300000 1681991.14346306 1110.11419423
0.00400000 1681414.28372455 1387.16683678
0.00500000 1680673.10561756 1663.86644042
0.00600000 1679767.53408056 2292.88277737
0.00700000 1678698.14126918 2215.88163857
0.00800000 1677464.71188408 2264.57745665
0.00900000 1676068.50985824 3771.15430839
0.01000000 1674508.91313742 3868.11575637
0.01100000 1672787.20410568 3312.11880834
0.01200000 1670903.32526750 3258.26162713
0.01300000 1668858.40475592 4205.52336547
0.01400000 1666652.51874352 5249.95566678
0.01500000 1664287.02304457 5192.57574312
0.01600000 1661761.38569632 4661.24089525
0.01700000 1659077.88614872 6271.31469097
0.01800000 1656236.34193597 4720.27378692
0.01900000 1653237.70149286 5455.68466110
0.02000000 1650082.90644612 7276.86594660
0.02100000 1646774.05073170 7064.66099794
0.02200000 1643309.72251843 7937.18632037
0.02300000 1639693.12751733 8264.05373885
0.02400000 1635923.75468949 6134.71435981
0.02500000 1632004.34114660 7637.78066539
0.02600000 1627934.75357080 7252.44965887
0.02700000 1623717.08080083 10911.37928273
0.02800000 1619351.24900342 8453.01390745
0.02900000 1614839.96281579 10173.49223285
0.03000000 1610184.35104085 8984.82909180
0.03100000 1605384.84586960 8476.43237622
0.03200000 1600442.93064022 9506.63144586
0.03300000 1595362.35102432 8136.34836531
0.03400000 1590141.38220370 11687.53969846
0.03500000 1584783.12612258 8557.82927625
0.03600000 1579289.08514543 10518.06579315
0.03700000 1573660.74017912 10763.83996063
0.03800000 1567899.92454423 11923.87947799
0.03900000 1562008.56453622 9372.05182124
0.04000000 1555986.55153979 10526.24950894
0.04100000 1549837.84362189 10740.37675429
0.04200000 1543563.51049055 14933.97765683
0.04300000 1537164.18242572 10145.28407493
0.04400000 1530643.63941498 12398.21405506
0.04500000 1524003.17274270 13670.30909469
0.04600000 1517242.73651354 12835.87414760
0.04700000 1510366.62600143 10874.64021297
0.04800000 1503375.45006400 12154.79107931
0.04900000 1496272.86984488 12344.25175081
0.05000000 1489058.34470149 21643.46404809
0.05100000 1481736.78097290 12713.30217298
0.05200000 1474306.00379725 14064.87993167
0.05300000 1466772.75019273 15445.11777955
0.05400000 1459136.36097516 16853.02575518
0.05500000 1451399.85787631 14630.11124988
0.05600000 1443564.08713060 17279.46292928
0.05700000 1435634.36546571 22482.03521262
0.05800000 1427609.30450206 13897.77722825
0.05900000 1419492.00680885 15330.51438956
0.06000000 1411285.93176622 16787.24694264
0.06100000 1402992.71187226 13047.83283015
0.06200000 1394614.16409975 14497.01491346
0.06300000 1386153.76369357 15968.49210436
0.06400000 1377610.23382274 18804.38057110
0.06500000 1368989.80443149 14908.29966764
0.06600000 1360293.39783039 15038.04421662
0.06700000 1351522.48511064 17921.18899126
0.06800000 1342680.39435518 16676.09127848
0.06900000 1333769.50379696 21006.87066832
0.07000000 1324791.05575904 14109.02540454
0.07100000 1315747.76654349 17052.09185309
0.07200000 1306642.09252196 15738.50474173
0.07300000 1297477.02106636 14401.99560865
0.07400000 1288254.60676732 14492.86500533
0.07500000 1278976.49111173 17496.39921851
0.07600000 1269643.98212879 21996.58302159
0.07700000 1260262.38980845 16219.57771735
0.07800000 1250831.85443272 16304.59398715
0.07900000 1241354.56335629 17875.50655076
0.08000000 1231834.70089974 20953.50924526
0.08100000 1222273.13232985 21047.54432623
0.08200000 1212671.55983737 21136.86627982
0.08300000 1203033.63181263 15158.22447224
0.08400000 1193361.02817232 18258.42458806
0.08500000 1183655.88345365 16796.07777470
0.08600000 1173920.78151163 27575.40045241
0.08700000 1164158.76942205 27660.41366034
0.08800000 1154369.69781977 16951.91980861
0.08900000 1144558.95184695 27812.78383624
0.09000000 1134726.34915907 24782.42462980
0.09100000 1124874.92148030 17075.60211030
0.09200000 1115006.30433254 21776.07414680
0.09300000 1105125.41323399 18698.72287061
0.09400000 1095229.59535627 17167.72471405
0.09500000 1085323.93856914 17191.53199498
0.09600000 1075410.36271198 15647.22151300
0.09700000 1065492.78924468 17229.01921207
0.09800000 1055571.04766926 17242.75387439
0.09900000 1045648.17092798 18821.66796174
0.10000000 1035724.59206372 15691.22830768
0.10100000 1025803.30128182 18833.74949732
0.10200000 1015887.05146792 18834.54682012
0.10300000 1005976.76362794 17262.56207590
0.10400000 996075.90032130 21963.47463536
0.10500000 986186.86810490 20384.48352281
0.10600001 976306.87436003 20370.64389203
0.10700001 966444.01828083 15656.39383290
0.10800001 956595.99380751 18768.41428178
0.10900001 946767.42584773 17183.82958790
0.11000001 936957.81883325 17160.38325966
0.11100001 927170.09741909 20249.39588084
0.11200001 917405.98561973 17105.03540714
0.11300001 907667.00630132 18625.32784620
0.11400001 897955.57394710 18587.68125590
0.11500001 888273.48543649 18547.15124926
0.11600001 878621.36396369 26213.66962830
0.11700001 869002.16077844 19995.74066121
0.11800001 859415.23297502 26078.95647290
0.11900001 849863.50084871 24476.06997731
0.12000001 840347.92084611 35080.32560818
0.12100001 830873.21449027 22807.47081218
0.12200001 821437.12208782 16671.06717817
0.12300001 812043.40255440 21145.61119878
0.12400001 802691.15442029 22575.68978178
0.12500001 793382.85662890 16494.43036654
0.12600001 784121.81664883 16431.27344217
0.12700001 774907.08887971 16366.03848841
0.12800001 765739.97887979 19262.19007653
0.12900001 756623.30772398 14754.15519601
0.13000001 747557.34383897 16158.45274871
0.13100001 738542.39254623 17547.76807406
0.13200001 729581.30830275 17466.17734413
0.13300001 720674.68500422 18831.23040692
0.13400001 711822.75958381 20180.17618561
0.13500001 703028.34837565 15775.95688136
0.13600001 694291.11769463 18547.98808376
0.13700001 685612.69641410 18449.83853047
0.13800001 676992.22890288 14115.28863824
0.13900001 668433.88715687 19651.95720916
0.14000001 659936.07262155 19540.70803188
0.14100001 651501.67685034 16652.38364567
0.14200001 643129.54474381 27590.25877081
0.14300001 634822.57588281 15083.38511442
0.14400001 626577.38134479 16353.67042450
0.14500001 618400.43452942 16251.56418605
0.14600001 610288.89612463 14802.55787380
0.14700001 602245.40959029 17380.80334074
0.14800001 594267.15145390 18594.62004626
0.14900001 586358.15482646 14512.36501666
0.15000001 578517.29508038 17034.44255738
0.15100001 570746.09624832 14314.31276933
0.15200001 563045.74390325 16798.47056202
0.15300001 555415.40692923 16679.12545716
0.15400001 547853.96976964 14011.36593807
0.15500001 540365.49860054 18966.82989598
0.15600001 532946.75736085 13805.98640101
0.15700001 525603.09067471 12456.79383691
0.15800001 518328.07202911 12362.12510137
0.15900001 511128.15322658 14720.49150774
0.16000001 503998.52609007 14605.87797552
0.16100001 496944.35986657 14490.89821774
0.16200001 489962.89316573 16771.43062478
0.16300001 483054.59953611 14259.77245148
0.16400001 476220.69639869 12965.10907153
0.16500001 469459.39983782 17534.30941176
0.16600001 462772.80595082 11592.45933638
0.16700001 456159.21569827 14943.77661184
0.16800001 449619.81876140 11397.86294377
0.16900001 443155.75991366 21470.89758163
0.17000001 436764.18066996 12323.30193951
0.17100001 430447.03048808 19989.96103982
0.17200001 424203.72432247 15411.32203240
0.17300001 418034.26598304 12001.76434315
0.17400001 411939.24389564 14057.42736182
0.17500001 405916.66160770 11787.82040980
0.17600001 399966.86666923 10619.12081160
0.17700001 394092.78923943 11574.50576663
0.17800001 388289.75408117 11468.13842845
0.17900001 382559.67686173 13427.84529209
0.18000001 376903.53060639 12279.51760718
0.18100001 371319.79917493 13178.14029521
0.18200001 365806.19488645 10041.38052397
0.18300001 360365.28186357 10940.69047421
0.18400001 354995.39116554 13791.57159830
0.18500001 349697.36836386 13659.17985358
0.18600001 344470.11166798 14493.58063316
0.18700001 339312.44963731 11482.33383821
0.18800001 334223.48955852 10422.76001432
0.18900001 329207.56253547 11258.89917067
0.19000001 324256.76297311 11147.94803774
0.19100001 319377.04350296 11037.67114499
0.19200001 314563.97209406 10017.29016467
0.19300001 309820.72926300 9917.36201233
0.19400001 305142.81196263 11603.05597317
0.19500001 300532.24656020 10602.77815968
0.19600001 295986.84209113 9621.05275683
0.19700001 291509.00809687 8657.81794962
0.19800001 287095.01641275 11997.70130289
0.19900001 282746.09145064 11027.09808772
0.20000001 278459.72824669 8395.56120342
0.20100001 274238.48555820 9140.36915565
0.20200001 270078.67349485 11513.45439525
0.20300001 265981.71427371 10580.75309390
0.20400001 261946.50401391 8860.34091706
0.20500001 257971.69846340 10362.72361709
0.20600001 254057.27854831 11043.87042052
0.20700001 250202.62698889 8586.95456416
0.20800001 246406.48717667 8497.32811196
0.20900001 242671.32116860 9937.39107161
0.21000001 238991.03074386 8320.47312868
0.21100001 235369.36453395 8981.69537521
0.21200001 231803.05215787 10368.55101319
0.21300001 228292.49540030 9526.64628343
0.21400001 224837.35408361 7251.00501200
0.21500001 221437.90538875 8609.50616855
0.21600001 218090.38497949 12068.03202340
0.21700001 214796.49341364 7726.23023338
0.21800001 211555.28162018 9034.46872874
0.21900001 208364.83568156 7563.64389286
0.22000001 205224.86133086 6803.20447479
0.22100001 202136.82565710 10096.73491898
0.22200001 199097.90763168 8657.77292274
0.22300001 196107.45651166 7907.05302044
0.22400001 193164.41527432 7171.22925616
0.22500001 190271.26798331 7095.21591861
0.22600001 187422.76962497 7019.92016826
0.22700001 184621.57533419 6945.46399252
0.22800001 181865.02163604 8121.18292521
0.22900001 179152.88572305 9889.23975958
0.23000001 176485.40311706 6726.74145793
0.23100001 173862.24889675 9680.65047640
0.23200001 171279.98405979 8979.35358900
0.23300001 168741.09716510 9476.50046498
0.23400001 166242.31214483 8204.05849236
0.23500001 163784.15365904 8696.93897063
0.23600001 161366.47553820 7457.55201972
0.23700001 158988.04552017 6243.46084288
0.23800001 156647.98847411 5615.83065242
0.23900001 154346.10060047 7223.39784977
0.24000001 152081.03512662 7147.04858383
0.24100001 149853.85207629 7071.60361398
0.24200001 147662.58935885 7535.22229141
0.24300001 145506.14080669 6923.18250707
0.24400001 143384.57949378 6850.19860935
0.24500001 141296.76954479 6256.62125141
0.24600001 139242.72616025 6706.62622277
0.24700001 137222.40135105 7657.01035761
0.24800001 135233.98467624 6061.18747992
0.24900001 133276.27822642 6497.21887090
0.25000001 131350.93871102 5934.43569171
0.25100001 129455.51229288 6361.44417503
0.25200001 127591.83694197 5326.32148513
0.25300001 125755.94717380 6228.69235820
0.25400001 123950.16572512 5215.20346962
0.25500001 122171.14777707 5160.50952626
0.25600001 120421.35005333 6963.36489629
0.25700001 118697.97117401 6890.41755266
0.25800001 117001.46205891 6363.70982248
0.25900001 115332.16060344 5397.54537162
0.26000001 113687.70720361 4895.96134238
0.26100001 112068.23338218 4844.70995834
0.26200001 110474.68021166 4358.22634057
0.26300001 108904.22793330 8193.95449742
0.26400001 107358.28255886 7254.73628720
0.26500001 105835.78984828 5489.70267920
0.26600001 104335.90141597 5432.24896427
0.26700001 102858.72690826 4134.92101738
0.26800001 101403.93544501 4500.81388771
0.26900001 99969.94853594  5263.41803949
0.27000001 98557.75480406  5208.28479909
0.27100001 97166.09546122  5550.12763539
0.27200001 95795.50888251  5099.67415669
0.27300001 94444.93031087  4269.85550142
0.27400001 93112.27512663  3840.88153074
0.27500001 91801.26823238  4940.74449009
0.27600001 90506.86670236  5264.78468524
0.27700001 89232.93404676  6697.82434654
0.27800001 87976.01022106  3681.79620200
0.27900001 86737.50029168  5464.46277700
0.28000001 85516.12163509  3604.50469751
0.28100001 84312.20570856  4279.68776432
0.28200001 83125.55370618  4587.28389839
0.28300001 81955.33973569  4538.68692938
0.28400001 80800.90690697  3454.23893376
0.28500001 79663.24722527  4442.81950804
0.28600001 78540.98259010  3381.18946054
0.28700001 77434.77081015  4014.21870880
0.28800001 76342.41989283  4964.16608850
0.28900001 75266.80151621  3928.92722512
0.29000001 74204.90825221  3562.94883838
0.29100001 73158.28100956  3524.76614588
0.29200001 72125.38745361  4437.87530009
0.29300001 71106.92322030  4390.14164743
0.29400001 70101.64754634  3722.39766092
0.29500001 69111.21891598  3068.53826512
0.29600001 68132.96226891  3338.85597404
0.29700001 67168.63115449  3903.16934116
0.29800001 66217.41092864  5048.74673525
0.29900001 65279.44187016  4112.60503251
0.30000001 64353.07275229  4358.31205847
0.30100001 63440.47550364  4598.16588218
0.30200001 62539.30912671  3695.13525468
0.30300001 61651.03104019  2811.28714852
0.30400001 60774.72688368  3892.62144118
0.30500001 59910.76903914  3024.89487199
0.30600001 59057.42998004  3263.51373520
0.30700001 58216.68546830  4034.41649396
0.30800001 57387.22598865  2659.89805050
0.30900001 56569.45237241  3945.71948978
0.31000001 55763.04004652  2601.34594133
0.31100001 54967.12933413  2829.70795209
0.31200001 54183.22112523  3307.07305795
0.31300001 53409.57043906  3018.70906414
0.31400001 52648.14598084  3731.43752306
0.31500001 51896.09416321  3197.83747375
0.31600002 51156.14742170  3162.21740260
0.31700002 50426.01516274  3607.98155573
0.31800002 49706.15065493  2616.28336360
0.31900002 48997.62919609  3057.45220660
0.32000002 48299.55108673  4418.68464039
0.32100002 47611.24213790  2759.54772498
0.32200002 46934.30898598  2728.76085365
0.32300002 46265.95953352  2698.23088776
0.32400002 45609.06245865  2223.44190014
0.32500002 44961.67316729  2858.21369859
0.32600002 44324.49571754  2391.52827968
0.32700002 43697.51471915  2149.91782599
0.32800002 43081.23548064  2976.48270030
0.32900002 42473.00878406  2312.65543780
0.33000002 41875.99048747  2702.88593401
0.33100002 41287.64515004  2672.96227359
0.33200002 40710.70548395  2440.19980226
0.33300002 40142.60622063  2413.37360027
0.33400002 39584.54189491  2585.86032174
0.33500002 39036.01077078  2557.63954682
0.33600002 38496.71472168  2529.81172774
0.33700002 37966.77400832  2309.89864006
0.33800002 37447.38096233  2094.61935332
0.33900002 36936.59865003  3014.02659258
0.34000002 36435.30777716  2422.76590538
0.34100002 35943.72453715  2028.30447169
0.34200002 35462.13463071  2006.97960447
0.34300002 34989.01196126  1985.97641298
0.34400002 34525.95570857  1786.71829254
0.34500002 34071.77558990  1945.15776055
0.34600002 33627.58892510  1750.31608645
0.34700002 33191.25921518  2079.10057571
0.34800002 32765.18593119  2744.41210358
0.34900002 32347.65618292  2377.55284205
0.35000002 31939.64381777  2354.27125731
0.35100002 31541.37877018  1998.46185353
0.35200002 31150.42747470  2144.23977678
0.35300002 30769.92766679  1960.65988379
0.35400002 30397.71830807  2589.88572251
0.35500002 30034.74594356  2245.39771309
0.35600002 29680.31526953  2384.07143695
0.35700002 29334.56749635  1732.79298408
0.35800002 28998.06738814  1873.85520338
0.35900002 28670.67422037  1857.85977748
0.36000002 28351.72771504  1688.77074134
0.36100002 28040.80025858  2131.66173663
0.36200002 27740.01930719  1661.48853510
0.36300002 27446.29648680  2547.56536057
0.36400002 27161.65682815  1933.23101632
0.36500002 26884.82599440  1918.77012211
0.36600002 26617.19530837  1758.33200536
0.36700002 26357.38938277  2182.39194427
0.36800002 26106.62621840  1878.50237853
0.36900002 25863.85209370  1435.44385920
0.37000002 25628.54321764  1854.09704691
0.37100002 25401.40731985  1559.13845515
0.37200002 25183.10151273  1831.69297530
0.37300002 24972.25859887  1541.03815114
0.37400002 24769.23206897  1671.92324386
0.37500002 24574.26478504  1801.78517939
0.37600002 24387.27607131  2068.65079074
0.37700002 24207.67818761  1509.83296008
0.37800002 24035.67888648  1912.99977320
0.37900002 23871.92958955  1632.84006128
0.38000002 23715.01434894  1761.90707452
0.38100002 23564.76870983  1485.28744214
0.38200002 23422.97177282  1614.77975052
0.38300002 23287.76876721  1609.65065344
0.38400002 23159.91945431  1604.98249422
0.38500002 23038.64368524  1734.11879234
0.38600002 22925.18668721  1730.04929531
0.38700002 22817.77443705  1859.19234921
0.38800002 22717.03737137  1855.75487078
0.38900002 22623.16024689  1852.83691200
0.39000002 22536.35999711  1453.93333409
0.39100002 22455.20398745  1848.51247982
0.39200002 22381.18804382  1583.24531723
0.39300002 22312.68624786  1714.28376564
0.39400002 22251.68000066  1845.77694350
0.39500002 22195.26448245  1450.23864999
0.39600002 22145.37873010  1582.50883903
0.39700002 22100.63742833  1583.28974038
0.39800002 22062.72702691  1848.63598517
0.39900002 22029.54364313  1453.94994933
0.40000002 22002.15063035  1455.77236543
0.40100002 21979.78539271  1855.53357077
0.40200002 21963.35392286  1460.45328830
0.40300002 21951.79102475  1330.27859913
0.40400002 21945.17177076  1466.48617306
0.40500002 21943.21620149  2004.51289498
0.40600002 21946.89518370  1741.81541878
0.40700002 21954.78054602  1343.63263308
0.40800002 21966.97839076  1886.74386338
0.40900002 21983.45129519  1487.18055058
0.41000002 22004.96126599  1492.26651896
0.41100002 22030.37754641  1361.47739688
0.41200002 22059.00832224  1913.17788244
0.41300002 22093.07009098  1646.37566119
0.41400002 22130.01622133  1653.11229006
0.41500002 22170.72068661  1521.79834004
0.41600002 22214.12711058  1806.34183159
0.41700002 22262.42677160  1954.19591461
0.41800002 22314.40856802  1963.44490294
0.41900002 22367.70723958  1831.91530973
0.42000002 22424.80234307  2407.41476961
0.42100002 22485.60222573  1565.67255717
0.42200002 22548.72079559  1573.78804250
0.42300002 22614.33828267  1869.75357781
0.42400002 22682.37621616  2169.00232845
0.42500002 22753.44023414  2035.52285980
0.42600002 22825.52877163  1754.37022452
0.42700002 22901.00527573  2058.34245172
0.42800002 22977.93341361  1922.21911080
0.42900002 23057.69565216  1784.66572805
0.43000002 23138.87329676  1645.52105248
0.43100002 23220.45035149  1956.09083030
0.43200002 23304.96800235  1665.02351783
0.43300002 23390.14876806  1979.50838405
0.43400002 23477.18694134  2451.01843283
0.43500002 23564.87655745  1695.25729988
0.43600002 23654.38008834  2170.76256358
0.43700002 23744.13636517  2339.98474968
0.43800002 23834.27987984  1726.43614491
0.43900002 23926.33287971  1579.13804490
0.44000002 24018.16916189  2065.44255496
0.44100002 24110.91483182  1758.40910202
0.44200002 24203.87314986  1769.18219173
0.44300002 24297.25230105  2589.11532790
0.44400002 24390.59376415  2116.49387419
0.44500002 24483.55007040  1965.53949280
0.44600002 24576.37440342  2966.12276732
0.44700002 24670.21072341  2155.18971093
0.44800002 24762.44427286  2001.30084098
0.44900002 24855.00119526  2684.34025630
0.45000002 24947.54892832  2194.01229448
0.45100002 25038.45330701  1697.60721467
0.45200002 25129.15779902  1878.27898870
0.45300002 25218.72845194  2060.87458676
0.45400002 25307.76258299  2072.70585378
0.45500002 25396.10161722  2258.22146283
0.45600002 25482.87289628  1921.53612181
0.45700002 25568.90399321  2634.87568138
0.45800002 25653.37105683  2649.35202146
0.45900002 25736.42808760  2841.30179553
0.46000002 25818.61760343  1785.35749189
0.46100002 25898.55061478  2153.72357120
0.46200002 25977.56258981  1984.55598811
0.46300002 26054.86125445  1994.76027218
0.46400002 26129.91298177  1822.56151686
0.46500002 26204.39099591  2198.02442091
0.46600002 26275.77421485  2576.86529938
0.46700002 26345.39083600  3329.00374382
0.46800002 26413.83172928  2229.85578027
0.46900002 26479.42710772  2426.83960945
0.47000002 26543.08472468  2250.32282962
0.47100002 26604.81558253  2260.34523902
0.47200002 26664.45334984  3026.94888774
0.47300002 26721.72845086  3039.86397265
0.47400002 26776.06182026  2098.57394463
0.47500002 26828.53999272  2107.11363090
0.47600002 26879.20702230  1923.20735360
0.47700002 26926.36061386  2316.74417703
0.47800002 26971.00872594  2519.22718945
0.47900002 27014.22817888  2334.02942528
0.48000002 27053.80455213  2732.70492734
0.48100002 27092.25789513  2938.15550799
0.48200002 27125.79322184  2358.31657449
0.48300002 27157.64705471  2760.30337748
0.48400002 27187.17851921  2769.01426343
0.48500002 27213.64461236  2380.64974353
0.48600002 27237.78645109  2188.69243402
0.48700002 27258.88892135  1995.35076362
0.48800002 27276.96103713  2600.99474298
0.48900002 27292.25028613  3811.36293312
0.49000002 27304.81623425  2212.09979207
0.49100002 27315.57982008  3830.19078393
0.49200002 27322.04053224  3030.69748970
0.49300002 27326.27591483  2227.36485540
0.49400002 27327.34520484  2637.77212093
0.49500002 27325.80886002  2846.25638578
0.49600002 27321.67104107  2036.83067266
0.49700002 27314.27955864  2652.48981367
0.49800002 27304.38381971  2452.47987094
0.49900002 27291.13622086  2456.20237631
0.50000002 27275.67211732  2869.67359949
