# SAXS profile: number of points = 501, q_min = 0, q_max = 0.5, delta_q = 0.001
#    q    intensity    error
0.00000000 1700912.83420644 306.16431016
0.00100000 1700829.87265937 561.27387131
0.00200000 1700580.92829710 994.83987456
0.00300000 1700166.22878991 1428.13968306
0.00400000 1699585.62901218 1784.56497827
0.00500000 1698839.66705212 2293.43364130
0.00600000 1697928.23215600 2139.38965962
0.00700000 1696851.89672382 2036.22236069
0.00800000 1695610.46771730 3433.61134209
0.00900000 1694205.24101069 2541.30797015
0.01000000 1692635.51223682 4189.27307368
0.01100000 1690902.66552254 3652.34991655
0.01200000 1689006.54028120 4610.98805713
0.01300000 1686948.33076445 4251.10998102
0.01400000 1684728.14755125 4927.83005004
0.01500000 1682347.26226925 4845.16033108
0.01600000 1679805.20496619 5140.20415698
0.01700000 1677104.23542229 4980.99980265
0.01800000 1674244.19411556 7157.39425191
0.01900000 1671226.02732801 5515.04613904
0.02000000 1668050.65381044 7356.10371606
0.02100000 1664720.19346504 5493.57688751
0.02200000 1661233.22299960 6304.38036771
0.02300000 1657592.94602190 7160.80185276
0.02400000 1653798.94482474 6821.92095846
0.02500000 1649853.90070642 9651.64575993
0.02600000 1645757.58943816 7331.85039629
0.02700000 1641512.21142873 8273.22192452
0.02800000 1637117.72562303 9970.04740627
0.02900000 1632576.74219535 8815.91481263
0.03000000 1627890.43419608 11354.53630043
0.03100000 1623059.28557946 8569.75342218
0.03200000 1618084.76657941 9611.42395617
0.03300000 1612970.66266956 10693.99598650
0.03400000 1607715.01226693 9284.55462423
0.03500000 1602321.22882548 11248.29554578
0.03600000 1596790.68745037 14179.50195985
0.03700000 1591124.94490034 10883.29512644
0.03800000 1585325.77470869 12056.40307462
0.03900000 1579395.07332239 12319.28214242
0.04000000 1573332.82518136 11611.19678789
0.04100000 1567142.92453320 14809.50132350
0.04200000 1560826.55663837 12080.79810884
0.04300000 1554384.31438842 13336.61803651
0.04400000 1547819.90943530 10447.78487390
0.04500000 1541134.65039023 12760.59549815
0.04600000 1534328.58038525 14062.12209293
0.04700000 1527405.96257841 12097.05578623
0.04800000 1520367.30915091 14527.11031486
0.04900000 1513216.45147386 13618.94869719
0.05000000 1505952.96290305 16128.75698375
0.05100000 1498581.47371281 11688.93603948
0.05200000 1491099.96997749 14225.09437649
0.05300000 1483515.06303524 19226.35611323
0.05400000 1475826.30956029 20698.46495683
0.05500000 1468036.49908344 14797.80860107
0.05600000 1460146.77778563 13732.68108590
0.05700000 1452162.35095695 16423.95695597
0.05800000 1444081.61551979 16614.15976231
0.05900000 1435907.99843612 14215.48984846
0.06000000 1427644.87639476 14369.24635223
0.06100000 1419293.69568826 15839.31838407
0.06200000 1410856.58471176 14665.85488361
0.06300000 1402336.76551282 13462.43357836
0.06400000 1393733.20787758 14947.78935355
0.06500000 1385052.14369563 20568.02529601
0.06600000 1376294.05251185 16598.10704989
0.06700000 1367461.19223919 18132.53625768
0.06800000 1358556.14887561 18279.37383876
0.06900000 1349581.87325052 14170.61033258
0.07000000 1340539.12862990 17132.09086616
0.07100000 1331431.10182615 18693.29354519
0.07200000 1322259.90595616 14478.74664850
0.07300000 1313028.78105786 14574.62015264
0.07400000 1303739.70420305 17600.48683157
0.07500000 1294394.32061193 17707.31513596
0.07600000 1284993.78912624 19294.18264825
0.07700000 1275543.88311366 16416.25054541
0.07800000 1266044.25687687 16502.88766231
0.07900000 1256497.22251801 21109.15432840
0.08000000 1246907.19924178 16664.91549964
0.08100000 1237275.03714050 19784.02877211
0.08200000 1227602.32352274 16812.01460955
0.08300000 1217892.47948523 16879.99055788
0.08400000 1208147.73760574 20025.04969076
0.08500000 1198369.79629603 23188.45664691
0.08600000 1188561.42062198 32572.52726147
0.08700000 1178725.86638797 17115.10038364
0.08800000 1168862.65039512 21846.04396186
0.08900000 1158977.15972594 21904.66934768
0.09000000 1149069.57884957 15684.80048810
0.09100000 1139142.68514323 17292.18677288
0.09200000 1129198.23139929 17327.54767499
0.09300000 1119241.14004333 20515.69106107
0.09400000 1109268.49234339 15807.07675879
0.09500000 1099286.01357790 22161.60707539
0.09600000 1089295.00093369 15849.24300862
0.09700000 1079299.70717825 25385.13030626
0.09800000 1069300.04716138 17467.01709164
0.09900000 1059298.64215623 20656.32449336
0.10000000 1049296.51144158 22255.58005429
0.10100000 1039296.03555055 17491.35310097
0.10200000 1029300.34119424 20673.49832529
0.10300000 1019310.44005028 17491.36797407
0.10400000 1009329.77674830 19076.33367799
0.10500000 999360.71821396 17478.81978393
0.10600001 989400.25664702 23819.81229958
0.10700001 979456.93895134 23800.80473653
0.10800001 969528.04865747 20607.31964403
0.10900001 959618.38851466 26917.29706472
0.11000001 949727.52936235 20556.85334065
0.11100001 939858.69927966 20526.51495852
0.11200001 930012.83312061 22069.20556891
0.11300001 920192.17052466 20455.87291384
0.11400001 910398.79057156 17274.81786447
0.11500001 900634.75353358 17238.14999434
0.11600001 890900.39430419 20325.89345323
0.11700001 881199.07169475 21836.11402497
0.11800001 871529.60832176 18668.16508949
0.11900001 861895.41102495 18616.94175503
0.12000001 852297.19946041 20109.95336855
0.12100001 842740.08519366 23133.21642833
0.12200001 833221.02721710 19984.80727931
0.12300001 823744.89959228 22982.48378143
0.12400001 814309.71149806 16795.13859099
0.12500001 804918.70036073 24340.74264586
0.12600001 795574.83555797 16671.27146473
0.12700001 786277.27251339 21135.13408118
0.12800001 777027.43683354 21049.67425588
0.12900001 767827.89520780 19464.43806092
0.13000001 758679.14126964 19380.45957723
0.13100001 749581.41984371 20778.39793751
0.13200001 740537.84371599 16251.10374643
0.13300001 731548.68145633 17644.95502856
0.13400001 722614.00541903 23412.69487938
0.13500001 713737.16059325 17472.28651511
0.13600001 704917.66414398 17383.27041742
0.13700001 696156.87113235 15851.49270313
0.13800001 687454.13533467 15766.76133739
0.13900001 678814.00400257 14255.09475630
0.14000001 670234.25155625 15593.00059783
0.14100001 661718.09288805 14094.59604326
0.14200001 653264.36736483 15413.77347497
0.14300001 644875.99912313 16715.18668569
0.14400001 636549.40456261 20767.42530345
0.14500001 628291.48524421 19263.41784628
0.14600001 620098.91375618 16407.81803202
0.14700001 611974.75767989 17661.59233985
0.14800001 603916.27323445 17546.78814666
0.14900001 595926.76636172 14749.18816333
0.15000001 588005.84900666 17313.83304092
0.15100001 580154.91750077 15873.03929179
0.15200001 572375.00653703 14449.60772186
0.15300001 564665.47071179 15652.52758676
0.15400001 557024.85215223 12950.82842370
0.15500001 549457.63292318 15428.77106061
0.15600001 541960.32658902 12763.16629353
0.15700001 534538.37003858 16469.12795818
0.15800001 527185.44356700 13830.71076477
0.15900001 519907.77321905 13725.56586084
0.16000001 512700.89406874 16096.24532907
0.16100001 505569.70518354 22113.61994858
0.16200001 498511.50209718 14626.32816198
0.16300001 491526.79629818 16928.18366365
0.16400001 484616.84248418 14393.12090127
0.16500001 477779.86181372 14276.06294499
0.16600001 471018.12306397 11799.00453982
0.16700001 464329.34575538 16381.54009170
0.16800001 457715.22206524 15084.00585537
0.16900001 451176.99273782 13806.01662967
0.17000001 444711.57152423 11406.85234822
0.17100001 438321.12436640 16963.02831400
0.17200001 432004.45299262 13452.61930146
0.17300001 425762.45056026 14446.12062972
0.17400001 419595.07748662 19825.86834754
0.17500001 413500.65519848 12008.05959408
0.17600001 407479.15387796 18391.57247890
0.17700001 401534.08074815 16081.44069350
0.17800001 395660.47490484 11685.83267826
0.17900001 389859.91718840 14736.70556579
0.18000001 384134.14272581 13558.01520792
0.18100001 378481.17574513 14465.55122028
0.18200001 372898.43578202 10236.06254575
0.18300001 367389.11904287 12167.92819750
0.18400001 361951.21667931 13057.39075855
0.18500001 356585.63360285 10943.61361227
0.18600001 351291.39107618 10839.09638373
0.18700001 346066.77422499 15614.53359074
0.18800001 340911.54145675 10631.32692262
0.18900001 335829.86621418 14356.72745898
0.19000001 330813.85767454 13268.94445827
0.19100001 325869.38676602 13139.05429523
0.19200001 320991.95324531 12080.53273121
0.19300001 316184.88457154 10121.07863338
0.19400001 311443.59883444 12753.61597493
0.19500001 306770.28899017 10822.85630701
0.19600001 302162.41396815 9821.78973018
0.19700001 297622.77051108 12375.15538267
0.19800001 293147.42190688 10500.54114895
0.19900001 288737.63601100 11260.76833661
0.20000001 284390.85135930 10289.26148846
0.20100001 280109.73996303 8487.32552201
0.20200001 275890.45624955 9240.95126884
0.20300001 271734.69558310 9146.59028564
0.20400001 267640.97517535 8229.96037564
0.20500001 263608.34661133 10589.14778389
0.20600001 259636.53680945 10480.22930369
0.20700001 255724.95047689 11170.06636483
0.20800001 251872.61059334 11844.31007303
0.20900001 248081.57302321 8596.02691160
0.21000001 244345.82454628 8506.90028372
0.21100001 240669.46277938 9949.27606164
0.21200001 237048.81669156 9088.45206161
0.21300001 233484.44850740 12741.24695740
0.21400001 229976.11219477 10383.42195649
0.21500001 226523.72317766 8073.30587574
0.21600001 223124.01956199 7262.68718011
0.21700001 219778.51049645 10061.46068623
0.21800001 216486.03349918 8533.87984402
0.21900001 213244.66642853 8444.48918984
0.22000001 210054.64795217 12533.96143594
0.22100001 206916.83849448 7579.36415243
0.22200001 203828.74080756 10227.10755360
0.22300001 200789.59404546 8770.48988262
0.22400001 197798.33510852 6675.69412558
0.22500001 194857.57363823 7926.80647044
0.22600001 191961.83510929 6536.30079456
0.22700001 189114.02253263 7114.46986411
0.22800001 186311.17500680 7679.74699696
0.22900001 183553.51589603 8232.37557725
0.23000001 180840.79529422 10025.81416525
0.23100001 178172.99259190 8680.58860961
0.23200001 175546.64217547 6748.89097762
0.23300001 172964.04271567 6071.03818645
0.23400001 170421.91674576 7208.84741929
0.23500001 167921.17250718 7727.73272427
0.23600001 165461.32844716 6470.36555496
0.23700001 163041.01121092 8148.79012574
0.23800001 160659.72557173 6335.61657759
0.23900001 158317.06259866 6269.35597544
0.24000001 156011.70812900 8459.73527344
0.24100001 153744.62577156 7255.20923334
0.24200001 151514.01213460 6627.22320425
0.24300001 149318.77178413 5465.06730581
0.24400001 147158.66780267 5948.88942733
0.24500001 145032.90304734 9633.08587609
0.24600001 142941.22331913 5295.97257450
0.24700001 140883.97409331 6289.06090104
0.24800001 138858.97138038 6223.65939169
0.24900001 136864.93808851 5645.67896323
0.25000001 134903.83602681 5587.04263336
0.25100001 132973.16869066 6534.30181859
0.25200001 131074.71171582 5471.71409944
0.25300001 129204.30087389 4922.68409619
0.25400001 127364.51716609 5358.86231330
0.25500001 125551.87221682 6267.54975759
0.25600001 123768.93353462 6679.80965890
0.25700001 122012.93816209 7555.04148845
0.25800001 120283.93204587 5607.63717730
0.25900001 118582.85090243 5087.20454441
0.26000001 116906.75269921 7323.03933557
0.26100001 115256.31428855 5435.48803903
0.26200001 113631.97492942 7172.45059692
0.26300001 112031.19943685 4880.07927838
0.26400001 110455.23756590 5707.77467130
0.26500001 108903.22108951 5214.28647250
0.26600001 107374.14814498 4730.36832037
0.26700001 105868.13723158 7235.02884077
0.26800001 104384.95814085 5896.70656441
0.26900001 102922.80400274 5418.88588717
0.27000001 101482.87515658 5775.39069847
0.27100001 100063.90915142 4899.12922389
0.27200001 98666.34212234  4040.38690111
0.27300001 97288.99289760  5198.15113652
0.27400001 95930.03537452  4748.53697576
0.27500001 94592.95469857  4699.37821182
0.27600001 93272.94162195  4650.58908936
0.27700001 91973.70330815  5752.95541419
0.27800001 90691.78184926  3795.45125002
0.27900001 89428.50234536  6760.79509728
0.28000001 88182.68300153  4088.59029087
0.28100001 86954.67857495  5885.09292449
0.28200001 85744.28763579  5459.76777362
0.28300001 84550.64737613  5042.60084818
0.28400001 83372.96327665  3920.61378365
0.28500001 82212.38657650  4584.98501639
0.28600001 81067.54549978  5932.92859822
0.28700001 79939.02718395  4144.03936536
0.28800001 78824.50515856  4100.45095244
0.28900001 77727.20203707  3381.13344865
0.29000001 76643.75241437  3345.49995124
0.29100001 75575.73967922  3972.26106557
0.29200001 74521.91544927  3602.76217293
0.29300001 73482.71408127  3888.70541326
0.29400001 72456.87430334  3847.46020763
0.29500001 71446.12758797  4441.09150110
0.29600001 70447.87186114  3138.45283998
0.29700001 69463.50464533  3415.52068510
0.29800001 68492.79464009  3379.09218353
0.29900001 67535.47573674  3039.09655202
0.30000001 66589.82674906  3607.83698406
0.30100001 65658.37663214  3271.75706247
0.30200001 64738.34185669  4119.30088735
0.30300001 63831.58543937  4366.08065075
0.30400001 62936.85991014  5182.85065897
0.30500001 62054.86988833  4272.47799408
0.30600001 61183.43973192  4226.24629956
0.30700001 60324.90489319  4180.51610702
0.30800001 59477.82469900  3308.15676638
0.30900001 58642.64733718  3272.25987634
0.31000001 57818.98722760  2966.98147006
0.31100001 57005.99174508  3468.24470198
0.31200001 56205.09752253  4486.01007115
0.31300001 55414.66549553  2610.03086841
0.31400001 54636.56879981  2839.73579782
0.31500001 53867.93152083  3064.00808998
0.31600002 53111.68059171  3535.64474439
0.31700002 52365.44013214  2997.39793508
0.31800002 51629.44925870  3211.61004320
0.31900002 50904.91015419  3176.46654402
0.32000002 50191.13885102  2900.04414013
0.32100002 49487.08495299  2390.22631641
0.32200002 48794.54507976  3546.14373158
0.32300002 48110.84340196  2805.82452006
0.32400002 47438.66972700  2775.16231044
0.32500002 46775.92224373  2973.54551784
0.32600002 46123.58528766  3393.54294823
0.32700002 45481.67535464  2685.23824009
0.32800002 44850.47336023  2656.04515816
0.32900002 44227.45719753  2627.11108194
0.33000002 43615.62195038  2382.06730562
0.33100002 43012.64043158  2142.02959493
0.33200002 42421.07766864  2118.93292989
0.33300002 41838.47436450  2515.32919791
0.33400002 41265.97088176  3317.78421601
0.33500002 40703.23749768  2872.02057384
0.33600002 40149.58888656  2841.38654006
0.33700002 39605.46757131  2409.59676115
0.33800002 39071.91174968  2384.16816787
0.33900002 38547.04894155  2359.07950694
0.34000002 38031.79968418  2334.39197517
0.34100002 37526.23546673  2310.11516474
0.34200002 37030.66463046  2667.31889965
0.34300002 36543.67713653  3017.04612728
0.34400002 36066.83716664  2239.75069412
0.34500002 35598.89719836  2217.09942252
0.34600002 35141.05934498  2560.72911575
0.34700002 34691.05944232  1991.96072752
0.34800002 34251.34391878  1972.36373298
0.34900002 33820.21732863  1775.56149385
0.35000002 33398.63778268  2461.81370756
0.35100002 32986.80711828  2090.04419800
0.35200002 32582.41694043  2415.33468219
0.35300002 32188.45537561  2392.88988596
0.35400002 31802.68452272  1693.49303105
0.35500002 31426.27737084  2349.42860752
0.35600002 31058.53832745  1663.18480621
0.35700002 30699.38136535  1813.41254314
0.35800002 30349.58524128  1961.19029118
0.35900002 30008.83233609  2754.81093894
0.36000002 29676.51756139  2410.47525310
0.36100002 29352.33622768  2071.98151245
0.36200002 29038.30553661  1739.24939250
0.36300002 28731.22882548  1725.59768499
0.36400002 28433.34813020  1712.39847225
0.36500002 28143.25638689  2163.09078836
0.36600002 27862.35757649  2300.73428586
0.36700002 27589.31025162  1979.80899744
0.36800002 27325.38335371  1814.95204833
0.36900002 27069.32167491  1802.81690895
0.37000002 26820.82408397  1492.57893098
0.37100002 26580.42679795  1779.82546270
0.37200002 26348.91918939  1916.48872802
0.37300002 26124.90149347  2051.84986049
0.37400002 25908.66927851  1748.83525914
0.37500002 25700.50116484  2319.21333498
0.37600002 25500.19447934  2018.85049256
0.37700002 25307.52676993  1721.92420300
0.37800002 25122.18280143  1571.01577591
0.37900002 24945.33797336  1848.44963139
0.38000002 24775.21722949  1557.49410491
0.38100002 24611.74687023  1692.30379497
0.38200002 24456.77028526  2248.06643112
0.38300002 24308.39917650  1540.18024479
0.38400002 24167.31736731  1535.22890849
0.38500002 24032.81882996  1530.65030379
0.38600002 23906.21678180  1942.85832990
0.38700002 23785.59217141  1384.32152996
0.38800002 23671.62089086  1657.48697330
0.38900002 23564.55213199  1792.08427454
0.39000002 23464.52673494  1651.43346984
0.39100002 23370.15713486  1511.58183510
0.39200002 23283.07645503  1784.29864867
0.39300002 23201.31874495  2468.15640502
0.39400002 23127.16735610  2055.42709615
0.39500002 23057.55943187  1643.54291417
0.39600002 22994.43559173  1506.25057480
0.39700002 22936.52706151  1506.24180349
0.39800002 22885.52307207  2054.54793114
0.39900002 22839.14284793  1781.45322654
0.40000002 22798.58868487  1645.60220924
0.40100002 22763.09553647  1372.61472588
0.40200002 22733.49603373  1511.66389038
0.40300002 22708.80178418  1788.99948932
0.40400002 22689.13151856  1516.20128557
0.40500002 22674.05884673  1933.19034887
0.40600002 22664.63013923  1522.04330912
0.40700002 22659.39523692  1664.10606505
0.40800002 22658.53165071  1529.11108090
0.40900002 22661.99941758  1951.19824230
0.41000002 22670.52669254  2096.45705523
0.41100002 22682.94102046  1822.34756793
0.41200002 22698.49521930  2952.96087547
0.41300002 22719.68258896  2539.60624013
0.41400002 22743.66086792  1415.79295611
0.41500002 22771.42239440  1563.03050721
0.41600002 22801.92532785  1854.13864589
0.41700002 22837.34291914  1718.28176265
0.41800002 22876.54940819  1725.34943812
0.41900002 22917.02613621  1732.52725799
0.42000002 22961.34533560  1885.01173465
0.42100002 23009.46232058  1747.79884069
0.42200002 23059.80608322  1755.77371837
0.42300002 23112.72085102  1910.95985051
0.42400002 23168.12518748  3249.32971152
0.42500002 23226.62887574  2374.69064878
0.42600002 23286.18246989  1640.62806366
0.42700002 23349.13718079  1499.01467804
0.42800002 23413.51991555  1807.99209355
0.42900002 23480.81011227  2120.31725361
0.43000002 23549.73578371  1979.23763773
0.43100002 23618.94817188  1683.55870547
0.43200002 23691.12287955  2154.23390552
0.43300002 23764.11907638  1856.45307022
0.43400002 23838.96394448  1866.59096531
0.43500002 23914.55933132  1876.81470526
0.43600002 23991.98850448  2044.47739729
0.43700002 24069.72205299  1897.65697659
0.43800002 24147.93928931  2067.18444082
0.43900002 24228.05173429  2238.67208634
0.44000002 24308.07992330  1768.77751944
0.44100002 24389.04774740  2102.09212497
0.44200002 24470.35094216  2276.47685603
0.44300002 24552.04174014  1635.16605738
0.44400002 24633.85183242  1808.74065651
0.44500002 24715.32039019  1818.80051371
0.44600002 24796.69412841  2327.66578814
0.44700002 24879.21009455  1839.07129735
0.44800002 24960.14739875  2353.49240976
0.44900002 25041.61843861  2028.37118966
0.45000002 25122.98523625  2209.44104131
0.45100002 25202.89046375  2221.38287075
0.45200002 25282.66641436  2576.93589641
0.45300002 25361.29763724  2245.23578623
0.45400002 25439.57429793  2257.12633656
0.45500002 25517.32475295  1919.92360540
0.45600002 25593.43688331  2105.31621780
0.45700002 25668.99985288  1763.46037347
0.45800002 25743.00399474  2304.12768175
0.45900002 25815.73378134  1959.41428687
0.46000002 25887.72968863  2506.19122994
0.46100002 25957.49053288  2338.51043294
0.46200002 26026.44801804  2892.05904083
0.46300002 26093.84989111  1997.74524235
0.46400002 26159.08464306  2007.05586436
0.46500002 26223.79395517  1833.04328434
0.46600002 26285.57348625  2761.95676497
0.46700002 26345.64937219  2219.35760830
0.46800002 26404.68476883  2229.08359383
0.46900002 26460.90662172  2611.69160735
0.47000002 26515.42162507  1873.31462660
0.47100002 26568.03810760  3009.62749948
0.47200002 26618.69149298  3021.75400151
0.47300002 26667.11846124  2085.63543371
0.47400002 26712.65365127  2093.60432915
0.47500002 26756.45417946  2101.45201086
0.47600002 26798.60508162  2300.92834137
0.47700002 26837.30642544  2886.35244286
0.47800002 26873.68186211  2123.96154664
0.47900002 26908.77272770  2518.66124669
0.48000002 26940.16305528  1943.73285657
0.48100002 26970.78888551  1949.98812885
0.48200002 26996.47288862  2738.25237488
0.48300002 27020.53556825  2354.02917029
0.48400002 27042.51173576  2951.01423304
0.48500002 27061.54532721  1972.78674786
0.48600002 27078.37703592  2373.69064348
0.48700002 27092.20997946  2379.77983740
0.48800002 27103.19794329  2186.82162971
0.48900002 27111.53159462  2191.96743333
0.49000002 27117.22396279  3195.49382324
0.49100002 27121.33167033  2201.70980936
0.49200002 27121.20549993  2206.17456597
0.49300002 27119.03154353  2813.32846568
0.49400002 27113.75260243  2013.19622616
0.49500002 27106.01117257  2621.69352488
0.49600002 27095.79747808  2221.99097752
0.49700002 27082.44064590  2427.67009457
0.49800002 27066.72707938  2025.94461793
0.49900002 27047.78498110  2231.44236672
0.50000002 27026.82226261  3249.70526290
