# SAXS profile: number of points = 501, q_min = 0, q_max = 0.5, delta_q = 0.001
#    q    intensity    error
0.00000000 1664650.74656090 399.51617917
0.00100000 1664568.74981760 599.24476417
0.00200000 1664322.68673001 823.83975602
0.00300000 1663912.80409158 1198.01726162
0.00400000 1663338.94548982 1372.25468217
0.00500000 1662601.64010570 2394.14645652
0.00600000 1661700.76303641 2093.74304667
0.00700000 1660636.93167697 3188.42304133
0.00800000 1659409.94034083 2912.26456825
0.00900000 1658021.02121766 3730.54745721
0.01000000 1656469.53878296 3279.80982841
0.01100000 1654756.85370667 3574.27495963
0.01200000 1652882.80949861 3223.12161984
0.01300000 1650848.57137560 4506.81679863
0.01400000 1648654.24416047 4080.41943519
0.01500000 1646301.14366408 5136.45979695
0.01600000 1643788.76127717 4191.66152864
0.01700000 1641119.32107573 4874.12460224
0.01800000 1638292.74967721 5136.04800135
0.01900000 1635309.84753721 5887.11571678
0.02000000 1632171.64721931 6683.74319771
0.02100000 1628880.19700339 5912.83538320
0.02200000 1625434.14536076 6168.52286189
0.02300000 1621836.71890345 6422.47369920
0.02400000 1618087.37532208 7888.17631438
0.02500000 1614188.60214684 6924.86941947
0.02600000 1610140.51361452 9129.49712976
0.02700000 1605945.41498649 10117.45657781
0.02800000 1601602.81105760 11147.15607617
0.02900000 1597115.47536894 7905.72196606
0.03000000 1592484.71587528 8145.55969611
0.03100000 1587710.99461971 9907.31706229
0.03200000 1582795.60473836 11752.25790647
0.03300000 1577742.16018333 13679.02515940
0.03400000 1572549.51498299 9081.47386805
0.03500000 1567220.11929254 9309.28793848
0.03600000 1561755.70964919 9534.51904803
0.03700000 1556157.91337217 9757.11056809
0.03800000 1550428.30192495 9070.00598602
0.03900000 1544569.02201702 12047.63892966
0.04000000 1538579.95514113 13247.17402763
0.04100000 1532464.93918946 11585.43547745
0.04200000 1526224.73786589 11812.98001912
0.04300000 1519860.70084395 11034.18920031
0.04400000 1513375.93001172 13279.87440260
0.04500000 1506772.19048675 13515.74717667
0.04600000 1500049.19695161 10575.34733012
0.04700000 1493211.33110017 10751.12208393
0.04800000 1486258.92702311 15293.60507065
0.04900000 1479196.11752685 11093.97139785
0.05000000 1472022.01628784 13513.16273878
0.05100000 1464741.40320113 17137.47521579
0.05200000 1457352.76571113 17378.93254099
0.05300000 1449862.02041337 12918.27120411
0.05400000 1442268.92365649 11898.71917505
0.05500000 1434576.44457561 15665.57550555
0.05600000 1426785.36503952 18298.52316052
0.05700000 1418901.01399668 14813.32727759
0.05800000 1410922.20617981 18729.99316159
0.05900000 1402851.59822627 16413.36446585
0.06000000 1394693.17474772 16589.87608868
0.06100000 1386447.78489319 15472.75800247
0.06200000 1378118.23414676 16930.18329787
0.06300000 1369707.35537226 15779.02947164
0.06400000 1361213.96310579 14599.02043706
0.06500000 1352644.45745233 14730.29883071
0.06600000 1343999.53365207 13507.19594519
0.06700000 1335280.52234064 19067.80675138
0.06800000 1326491.25926390 26085.45183446
0.06900000 1317633.72782460 20752.73218486
0.07000000 1308709.20821389 20906.63058024
0.07100000 1299720.59523612 14036.98308601
0.07200000 1290670.17028517 15546.12292937
0.07300000 1281561.04941513 14225.32831504
0.07400000 1272395.03287230 15745.88926971
0.07500000 1263173.97689580 14400.18401158
0.07600000 1253899.13482982 15930.78925486
0.07700000 1244575.66652003 16017.68957916
0.07800000 1235203.66481937 16100.88052599
0.07900000 1225785.67459963 16180.37166363
0.08000000 1216325.74029682 17734.03012545
0.08100000 1206824.67706044 19297.12749158
0.08200000 1197283.84189684 20868.65834353
0.08300000 1187707.54725585 16461.62737754
0.08400000 1178096.90707942 15020.73627032
0.08500000 1168454.50615463 18087.67660440
0.08600000 1158782.10623163 18146.52863559
0.08700000 1149083.62499764 19718.27593088
0.08800000 1139358.65055335 16731.48256915
0.08900000 1129612.69384761 22874.65812483
0.09000000 1119844.63773628 18343.05602779
0.09100000 1110058.70425727 15318.81083845
0.09200000 1100256.05032896 21488.00167258
0.09300000 1090441.86468359 19987.80031892
0.09400000 1080612.87131810 15398.73413998
0.09500000 1070774.59612582 24670.64785433
0.09600000 1060928.65423712 15436.51264479
0.09700000 1051079.19217314 16995.95133647
0.09800000 1041226.01465334 17008.42774906
0.09900000 1031371.97797824 18564.69647657
0.10000000 1021518.12633797 15476.00034181
0.10100000 1011666.45520429 15478.49749261
0.10200000 1001820.44688696 23217.18994866
0.10300000 991980.67390037 18569.87908896
0.10400000 982150.67697365 17015.76127908
0.10500000 972332.91894770 17006.10355252
0.10600001 962524.77140217 18538.22796950
0.10700001 952733.58283676 16977.71324508
0.10800001 942958.06685037 21584.31116600
0.10900001 933202.17246033 20017.18754140
0.11000001 923465.46513904 16913.27079012
0.11100001 913750.96296292 16886.11859044
0.11200001 904060.45984158 16856.20806729
0.11300001 894395.42947786 16823.57882055
0.11400001 884758.16312057 16788.28693568
0.11500001 875150.24114449 19795.89938684
0.11600001 865573.06868941 19748.05049211
0.11700001 856028.71986046 19697.22177163
0.11800001 846517.24969799 16621.36698066
0.11900001 837040.97546849 18080.08592172
0.12000001 827601.35243386 15020.96525424
0.12100001 818202.37563974 22459.65626934
0.12200001 808842.28915721 17907.76912560
0.12300001 799525.05929459 14871.16680353
0.12400001 790249.45240656 16298.89572385
0.12500001 781017.97469513 17713.48850075
0.12600001 771833.69978042 19114.46247580
0.12700001 762696.03081136 17572.51737802
0.12800001 753606.51964093 14582.28684230
0.12900001 744567.13387814 20326.68371291
0.13000001 735578.89820100 18790.36384023
0.13100001 726641.83210963 23020.01432634
0.13200001 717758.46088025 18615.06656045
0.13300001 708929.82745480 21374.23530541
0.13400001 700156.07953812 19849.42579072
0.13500001 691439.76156670 15515.90898110
0.13600001 682781.08481880 16837.38234553
0.13700001 674181.15610581 19537.77082522
0.13800001 665639.49913545 18042.15947486
0.13900001 657159.39588597 15180.38276085
0.14000001 648740.50219036 16465.03472209
0.14100001 640384.55785056 19096.26841574
0.14200001 632091.57253468 18981.71081849
0.14300001 623863.09018549 14822.98772197
0.14400001 615697.01061718 13391.41061259
0.14500001 607598.65034093 13306.41107016
0.14600001 599566.25926296 13220.43664041
0.14700001 591601.77258699 17073.62796233
0.14800001 583702.29526098 15654.89629748
0.14900001 575872.42162090 12957.13009780
0.15000001 568110.62005049 16728.01799666
0.15100001 560418.02643564 14055.28476620
0.15200001 552796.49960233 13955.34829097
0.15300001 545244.94409062 17633.22232399
0.15400001 537762.51739271 15003.57494329
0.15500001 530352.67534319 19856.40510193
0.15600001 523012.71982335 14780.34015976
0.15700001 515747.54832082 14667.86096652
0.15800001 508551.25112961 15767.63228549
0.15900001 501429.72483558 16848.03954971
0.16000001 494378.40673542 11939.23908622
0.16100001 487402.68479800 13028.27437964
0.16200001 480499.37935748 18797.13660780
0.16300001 473669.26766642 17478.39680201
0.16400001 466913.08532479 17334.14911102
0.16500001 460229.59174892 16043.60432581
0.16600001 453620.53181894 13635.83383027
0.16700001 447084.62997250 14646.49316943
0.16800001 440622.88464801 12286.76971855
0.16900001 434235.78194228 12180.31425861
0.17000001 427921.24912851 10976.18055844
0.17100001 421680.99587498 15231.11829024
0.17200001 415514.61746581 11860.86531567
0.17300001 409421.48304816 12823.08145463
0.17400001 403403.07310804 11648.26428610
0.17500001 397456.68334198 14689.99971009
0.17600001 391582.51063892 12475.81937818
0.17700001 385784.13858275 12360.52438399
0.17800001 380056.90383936 13265.88685509
0.17900001 374402.17680406 16174.17480190
0.18000001 368820.80250646 10013.48526104
0.18100001 363312.07439730 10910.26210951
0.18200001 357873.10171401 14735.42565914
0.18300001 352506.37015578 10702.09390349
0.18400001 347210.96512969 11562.12568502
0.18500001 341986.48553067 14312.13509559
0.18600001 336832.91458930 13227.42918083
0.18700001 331748.75479526 12161.90992538
0.18800001 326732.90628556 13894.31749625
0.18900001 321789.63048171 11005.20588244
0.19000001 316911.13467973 10895.40532508
0.19100001 312103.97820744 9887.45449679
0.19200001 307362.77002318 9787.96787388
0.19300001 302690.83671169 8808.30376453
0.19400001 298084.36712968 11334.65859571
0.19500001 293544.69184527 8630.21434807
0.19600001 289070.05612388 11104.62673076
0.19700001 284662.58818549 13527.16682984
0.19800001 280318.63082405 10041.01383064
0.19900001 276039.47231027 9937.42147281
0.20000001 271822.36196538 9834.53352070
0.20100001 267670.03123892 10543.52302881
0.20200001 263578.99492687 10433.77500732
0.20300001 259550.21920340 8736.46079131
0.20400001 255583.19453418 8645.10196374
0.20500001 251675.96540331 8554.46646840
0.20600001 247828.52862222 10003.59903069
0.20700001 244040.88515540 12182.52156281
0.20800001 240311.46813202 7533.76488206
0.20900001 236642.47031480 9690.50961747
0.21000001 233027.85690417 11062.99802950
0.21100001 229471.52423632 8026.91429725
0.21200001 225970.06999739 8663.69289327
0.21300001 222524.17257840 7857.32890520
0.21400001 219133.41797475 8480.46367655
0.21500001 215797.68805633 8390.21450830
0.21600001 212513.59271938 8992.51310107
0.21700001 209283.04994596 8212.26726815
0.21800001 206104.18325256 9478.73183595
0.21900001 202976.14806595 7368.03452317
0.22000001 199898.12746760 6626.62323887
0.22100001 196871.35731262 9178.14311189
0.22200001 193893.41917727 11674.32332068
0.22300001 190963.45630593 7058.00967881
0.22400001 188080.73168009 6347.72499436
0.22500001 185247.25649216 6907.87052125
0.22600001 182458.13991717 8076.50994536
0.22700001 179715.71984175 6760.90570016
0.22800001 177017.65563184 6080.55675850
0.22900001 174363.67709438 9624.87543078
0.23000001 171753.61785992 7141.51576835
0.23100001 169187.71289090 6476.50595576
0.23200001 166662.14194267 8154.77899092
0.23300001 164179.50420210 7491.51113105
0.23400001 161736.75346426 5701.22082926
0.23500001 159333.92151821 6204.46319737
0.23600001 156971.18820358 6138.35860503
0.23700001 154647.50964646 7177.19126216
0.23800001 152361.45714134 8193.23774531
0.23900001 150113.12795577 5404.07286202
0.24000001 147901.43779400 5346.63722915
0.24100001 145726.78783261 5289.88264854
0.24200001 143587.98282648 5757.16044375
0.24300001 141483.22508142 5178.28628293
0.24400001 139413.26714652 9734.53183898
0.24500001 137376.41514160 7603.78493778
0.24600001 135372.97729342 5015.56904598
0.24700001 133402.47649435 5458.82959638
0.24800001 131463.84713036 5892.20990712
0.24900001 129555.26076140 6801.65151174
0.25000001 127678.77739978 5287.81681617
0.25100001 125831.34664416 5232.06764099
0.25200001 124015.59062498 5647.67026425
0.25300001 122227.23044209 5588.22924019
0.25400001 120468.24873041 5529.49287833
0.25500001 118735.78014919 5015.39959079
0.25600001 117032.00649791 4511.58406395
0.25700001 115354.02214847 6249.88121571
0.25800001 113702.69167523 6184.28969282
0.25900001 112078.01511389 5682.35563513
0.26000001 110477.81439777 5190.24796599
0.26100001 108902.01996109 6419.77438047
0.26200001 107351.99716367 4658.54013734
0.26300001 105824.17716800 4190.63761414
0.26400001 104320.88979334 4976.10667860
0.26500001 102840.33468172 4513.66250276
0.26600001 101381.84890516 4466.37756486
0.26700001 99945.90871347  5624.95600857
0.26800001 98531.75718418  5963.63488578
0.26900001 97137.88252495  4327.49287127
0.27000001 95765.56937944  4282.15763744
0.27100001 94413.18200966  4622.46960994
0.27200001 93081.61405656  3811.69227600
0.27300001 91769.22064208  4526.05817626
0.27400001 90474.82573806  4105.29541215
0.27500001 89201.31883767  3692.93477465
0.27600001 87943.97326345  4019.47948823
0.27700001 86706.84678716  3977.24325036
0.27800001 85486.24289119  6081.91903833
0.27900001 84283.63196189  3893.90398093
0.28000001 83097.74010490  3852.82690231
0.28100001 81928.83587263  3812.14891358
0.28200001 80776.82214547  4457.66914108
0.28300001 79640.85178435  3731.97049125
0.28400001 78520.13404645  5370.77742298
0.28500001 77415.74514931  3985.36274892
0.28600001 76326.38025487  3943.02099060
0.28700001 75252.88074305  3576.01706217
0.28800001 74192.55424930  4824.37106841
0.28900001 73148.62614542  3818.35846553
0.29000001 72118.13502596  3462.75241718
0.29100001 71102.40970496  3737.14283099
0.29200001 70100.17601341  4313.26403427
0.29300001 69111.81906290  3657.39763793
0.29400001 68136.21897463  3015.02783235
0.29500001 67175.09184803  3877.34648501
0.29600001 66225.87121804  3245.39897267
0.29700001 65289.84200796  3502.14729109
0.29800001 64367.04379016  2886.86205065
0.29900001 63456.89649616  5425.56490726
0.30000001 62557.92725834  3954.28676919
0.30100001 61672.39556176  5028.76737217
0.30200001 60797.73893434  3592.23457499
0.30300001 59935.98349185  3553.00526960
0.30400001 59085.54398002  3514.11289458
0.30500001 58247.16160091  4010.31726608
0.30600001 57419.08868885  3437.39390709
0.30700001 56603.21425475  2615.06862238
0.30800001 55798.15374820  3620.74236814
0.30900001 55004.50466422  3580.79342317
0.31000001 54221.87971976  3035.34097042
0.31100001 53449.39586005  3251.86139809
0.31200001 52688.77595088  2968.48577762
0.31300001 51937.76486245  3180.14949310
0.31400001 51198.82720256  2419.14469986
0.31500001 50469.02241255  4066.79401855
0.31600002 49750.71420450  3075.34054416
0.31700002 49041.99208168  2339.30313306
0.31800002 48343.36228763  2544.55299449
0.31900002 47655.53110349  2516.21216140
0.32000002 46977.87858691  2940.58044938
0.32100002 46309.76606203  3131.46652939
0.32200002 45652.59974351  2875.42913100
0.32300002 45003.68432969  3062.05082678
0.32400002 44366.01719966  2379.12778499
0.32500002 43737.57339079  2352.64418409
0.32600002 43119.14722148  2537.99312564
0.32700002 42510.50503960  2300.66864169
0.32800002 41912.27780354  2482.04520906
0.32900002 41321.71370045  2045.42492503
0.33000002 40742.17816084  2225.13416562
0.33100002 40171.08026835  2400.62387052
0.33200002 39610.81967230  3363.55291175
0.33300002 39059.28082925  2348.24407466
0.33400002 38517.88958795  2129.07644780
0.33500002 37985.28790921  2105.90446141
0.33600002 37461.65341764  1893.68666994
0.33700002 36947.38588633  2060.55580846
0.33800002 36443.21538368  2223.76510802
0.33900002 35947.46961873  2383.31734859
0.34000002 35460.98458094  1995.21239194
0.34100002 34983.85144525  1974.13883055
0.34200002 34516.45073554  1775.87147445
0.34300002 34057.48523421  2460.31284984
0.34400002 33608.30028748  1913.15258447
0.34500002 33167.63954536  2754.24091829
0.34600002 32736.67188532  1874.33823756
0.34700002 32313.47215320  2024.11599154
0.34800002 31900.18751420  2671.95983274
0.34900002 31495.38177143  2480.26143197
0.35000002 31099.77363943  1637.40315967
0.35100002 30713.62752647  1946.01553225
0.35200002 30334.79840922  1927.47318221
0.35300002 29966.00616719  1909.43400341
0.35400002 29605.42757722  1734.13800247
0.35500002 29253.86404240  1874.58769663
0.35600002 28910.43091166  1857.78437838
0.35700002 28575.80858660  2148.32939130
0.35800002 28249.92846510  2281.88807985
0.35900002 27933.16376359  2564.26455496
0.36000002 27624.55170629  2243.80431862
0.36100002 27323.84139744  1928.79005560
0.36200002 27033.06464549  2060.73061554
0.36300002 26749.20566519  1898.65870805
0.36400002 26474.37185038  1594.41912021
0.36500002 26206.83402330  1870.38183284
0.36600002 25948.63492308  1428.47242018
0.36700002 25697.92895376  1702.23089453
0.36800002 25456.18862987  1831.70013963
0.36900002 25222.29397347  1679.80485820
0.37000002 24995.74960592  1530.11488461
0.37100002 24777.10893377  1659.07529280
0.37200002 24567.10663208  1924.34155365
0.37300002 24364.57720588  1366.85284600
0.37400002 24169.57084106  1767.39995148
0.37500002 23982.55729754  1893.66281392
0.37600002 23803.28753222  1749.89876583
0.37700002 23631.38397316  2143.83925560
0.37800002 23467.00934162  1334.09954427
0.37900002 23310.70638187  1461.58135938
0.38000002 23160.95735406  1456.01365304
0.38100002 23017.89092504  1978.38781873
0.38200002 22883.24409148  2366.35638360
0.38300002 22754.70353776  1441.73808445
0.38400002 22633.83795860  1307.10420403
0.38500002 22519.16535739  1303.85973596
0.38600002 22412.34692690  1561.24416089
0.38700002 22311.32622996  1428.37117291
0.38800002 22217.11473094  1555.64244716
0.38900002 22129.39430573  1424.02659104
0.39000002 22048.80637035  1681.11132135
0.39100002 21973.74784264  1550.46772123
0.39200002 21905.53923440  1549.59791886
0.39300002 21843.04294264  1420.01628898
0.39400002 21787.73917798  2194.57013267
0.39500002 21737.20569728  1291.19007959
0.39600002 21692.82384321  1808.53080949
0.39700002 21653.59252740  1680.53539567
0.39800002 21621.25410806  1941.04817951
0.39900002 21593.36983377  1813.84315197
0.40000002 21571.38005330  1297.51857168
0.40100002 21554.25951436  1429.69410133
0.40200002 21543.00707417  1692.95729114
0.40300002 21536.48459794  1566.13323417
0.40400002 21534.98495337  2093.20063664
0.40500002 21537.95432867  1311.66148076
0.40600002 21546.52796814  1578.49871374
0.40700002 21559.27641824  1715.25611311
0.40800002 21576.39039120  1588.45393586
0.40900002 21597.61282935  2125.20520310
0.41000002 21623.74106227  1733.03480955
0.41100002 21653.72883633  2141.12080879
0.41200002 21686.97831017  1477.85920697
0.41300002 21725.46983213  1349.15174050
0.41400002 21767.06909958  1490.50012722
0.41500002 21812.26148955  1905.51925402
0.41600002 21860.19057787  1640.82598252
0.41700002 21912.90338207  1511.33301787
0.41800002 21969.19655133  1518.84047555
0.41900002 22026.91679264  1665.23498843
0.42000002 22088.23973647  1534.35964600
0.42100002 22153.19206398  2103.44568615
0.42200002 22220.65902021  1550.89096980
0.42300002 22290.42220403  1984.73928709
0.42400002 22362.65741049  1568.18142522
0.42500002 22437.86199415  1720.53533924
0.42600002 22514.06912248  1586.22881519
0.42700002 22593.79896927  2030.73074759
0.42800002 22674.75599982  1896.85680305
0.42900002 22758.61606868  1761.51696719
0.43000002 22843.98695157  2658.35488753
0.43100002 22929.57198179  1931.58723528
0.43200002 23018.14656835  2392.04590474
0.43300002 23107.30809542  1805.14299396
0.43400002 23198.36835322  1967.80168881
0.43500002 23290.12661661  1523.17435291
0.43600002 23383.56860746  2299.18949228
0.43700002 23477.40946995  1696.71246280
0.43800002 23571.50933625  1707.40235968
0.43900002 23667.51738246  2655.49557616
0.44000002 23763.33115587  1886.33331655
0.44100002 23860.12000370  1898.31123746
0.44200002 23957.12154897  1910.34096285
0.44300002 24054.59209114  1922.44309103
0.44400002 24151.88749689  1773.35242350
0.44500002 24248.84698469  1622.24794016
0.44600002 24345.71451715  1795.61825931
0.44700002 24443.40806241  1806.85680960
0.44800002 24539.74045618  1983.30191766
0.44900002 24636.44132522  2494.43980239
0.45000002 24732.86561398  2007.81412570
0.45100002 24827.74221827  1851.65310239
0.45200002 24922.59515762  2201.53754758
0.45300002 25016.25911650  1873.96805923
0.45400002 25109.32766109  2056.45403291
0.45500002 25201.70041641  2068.55566821
0.45600002 25292.56930826  1907.18627908
0.45700002 25382.72731328  2092.55213888
0.45800002 25471.22800285  1753.69413111
0.45900002 25558.47549067  1939.88838168
0.46000002 25644.91935577  2482.68476050
0.46100002 25728.99132538  3209.43453004
0.46200002 25812.10480229  2330.44599253
0.46300002 25893.62401195  2523.07484331
0.46400002 25972.83438034  2898.56845422
0.46500002 26051.45937253  3277.79477360
0.46600002 26127.11556089  2196.24543814
0.46700002 26201.06963276  2391.10972801
0.46800002 26273.72674133  3142.20649856
0.46900002 26343.54781806  2042.94223012
0.47000002 26411.59648240  2052.57731791
0.47100002 26477.60454789  2999.38318535
0.47200002 26541.57804309  2259.75006169
0.47300002 26603.11256181  2080.62953207
0.47400002 26661.87638539  1899.65878250
0.47500002 26718.64503004  2670.79588379
0.47600002 26773.77512417  2298.79644112
0.47700002 26825.26556593  2885.05744836
0.47800002 26874.43669313  2124.02120472
0.47900002 26922.16173535  2132.23531050
0.48000002 26966.05170532  3307.52122869
0.48100002 27009.03639222  2343.30410846
0.48200002 27047.04018629  2547.42560069
0.48300002 27083.28380774  2752.74509670
0.48400002 27117.47020368  2959.19407624
0.48500002 27148.37184800  2770.76296214
0.48600002 27177.02153847  1985.28151749
0.48700002 27202.66107573  3185.97581621
0.48800002 27225.34838417  1996.97939864
0.48900002 27245.19901976  2403.02666745
0.49000002 27262.40427538  2208.66378706
0.49100002 27277.70587451  2214.40426786
0.49200002 27288.71597217  2623.40083434
0.49300002 27297.77967025  2831.87179723
0.49400002 27303.24374513  2229.99253859
0.49500002 27306.48752016  2234.76304458
0.49600002 27306.94519886  3664.31914993
0.49700002 27304.20499927  2243.58663114
0.49800002 27298.90990347  2247.65585345
0.49900002 27290.38035453  2660.81221070
0.50000002 27279.53978630  2255.06326333
