# SAXS profile: number of points = 501, q_min = 0, q_max = 0.5, delta_q = 0.001
#    q    intensity    error
0.00000000 1700912.83420644 331.67800267
0.00100000 1700829.70846248 612.29870959
0.00200000 1700580.27160371 841.78726110
0.00300000 1700164.75112040 1224.11866441
0.00400000 1699582.98622340 2166.96838978
0.00500000 1698835.55870382 1987.63768236
0.00600000 1697922.30992289 2317.66404740
0.00700000 1696843.83395205 2850.69775952
0.00800000 1695599.94272152 2517.96602125
0.00900000 1694191.94867119 3049.54563797
0.01000000 1692619.08204049 3909.95024834
0.01100000 1690882.82944027 5174.10168336
0.01200000 1688982.96670870 3622.86862243
0.01300000 1686920.72654119 3542.53368198
0.01400000 1684696.14266203 4548.67978683
0.01500000 1682310.55522345 7267.58192218
0.01600000 1679763.49914731 5996.75596003
0.01700000 1677057.20486865 4980.86012189
0.01800000 1674191.54661743 6680.02457159
0.01900000 1671167.47062620 5514.85290191
0.02000000 1667985.77699397 5254.15543521
0.02100000 1664648.77149324 6042.67531449
0.02200000 1661154.99333481 6304.08348611
0.02300000 1657507.62671957 8353.83881892
0.02400000 1653706.27897877 6821.53871183
0.02500000 1649753.45933652 9007.65429936
0.02600000 1645649.07810749 7331.36697829
0.02700000 1641395.53751275 8272.63388796
0.02800000 1636992.44255257 9969.28443233
0.02900000 1632442.60938281 8080.59128746
0.03000000 1627747.21251222 7569.02488609
0.03100000 1622906.83532897 10905.93443523
0.03200000 1617922.79374040 10411.33365725
0.03300000 1612798.62310092 10692.85536410
0.03400000 1607533.02483299 11815.36827769
0.03500000 1602128.89771094 11246.94538129
0.03600000 1596587.68594454 10633.27447979
0.03700000 1590911.20503229 11788.65257449
0.03800000 1585100.83568813 9272.84031792
0.03900000 1579158.99558101 10422.44985350
0.04000000 1573085.22392709 9674.47457546
0.04100000 1566883.68233985 10858.50442209
0.04200000 1560555.16203027 14091.81376689
0.04300000 1554100.84994836 11282.77269435
0.04400000 1547524.03855141 15668.68161802
0.04500000 1540826.25723479 13821.21216960
0.04600000 1534007.43162495 14059.17876441
0.04700000 1527072.05374579 13193.90315798
0.04800000 1520020.04205921 13406.57739475
0.04900000 1512856.12011124 12481.06357188
0.05000000 1505579.24625030 14972.98630119
0.05100000 1498194.09388950 12854.50592439
0.05200000 1490698.81695999 13036.16176182
0.05300000 1483100.05852292 12013.11103406
0.05400000 1475397.29447931 17040.83954592
0.05500000 1467593.38387651 14793.34199957
0.05600000 1459689.35931448 19968.55136724
0.05700000 1451690.45674333 13892.67831952
0.05800000 1443595.24936356 16608.56411942
0.05900000 1435406.95165622 12918.66316828
0.06000000 1427129.19794633 15669.87932553
0.06100000 1418763.06321435 13194.49710449
0.06200000 1410311.19982671 13327.44146133
0.06300000 1401776.16733861 16148.46220277
0.06400000 1393157.53270331 19016.60121074
0.06500000 1384461.45146401 13706.16901064
0.06600000 1375688.24246599 16590.80098040
0.06700000 1366840.05051519 15335.94608449
0.06800000 1357919.78216157 18270.81152422
0.06900000 1348929.95139790 15580.14166809
0.07000000 1339871.86073339 15696.59958354
0.07100000 1330748.54212492 14372.08492811
0.07200000 1321561.83282680 15918.21302212
0.07300000 1312315.60641636 23306.72626200
0.07400000 1303010.80457906 21988.30835774
0.07500000 1293650.06172205 17697.13367387
0.07600000 1284234.10874802 14832.90465142
0.07700000 1274768.71224469 17897.75355911
0.07800000 1265253.53324634 19491.23159372
0.07900000 1255691.22973413 25616.10228807
0.08000000 1246085.81862070 15139.94340647
0.08100000 1236438.49081403 19770.65239572
0.08200000 1226750.40058483 16800.34752437
0.08300000 1217025.50779305 21468.33096502
0.08400000 1207265.51300735 16931.89961469
0.08500000 1197472.51819484 23171.09431484
0.08600000 1187649.10689112 17048.70372988
0.08700000 1177798.55379130 20211.02413212
0.08800000 1167920.57736149 17150.91448403
0.08900000 1158020.59091723 17196.60658284
0.09000000 1148097.95366143 18805.84536439
0.09100000 1138156.64893853 28271.81248788
0.09200000 1128197.84782333 22033.70500328
0.09300000 1118226.63256311 20497.09513808
0.09400000 1108239.82474008 18950.90189370
0.09500000 1098243.17351135 17396.17268609
0.09600000 1088238.37983668 17417.25608803
0.09700000 1078229.32384113 23774.95770842
0.09800000 1068216.04636377 19035.61084121
0.09900000 1058200.99998478 19047.61889539
0.10000000 1048185.70963412 15880.01424775
0.10100000 1038172.19381709 23826.05296868
0.10200000 1028163.56745753 23827.69179659
0.10300000 1018160.94711314 25413.29843540
0.10400000 1008167.52121008 19054.36704728
0.10500000 998186.11925669 20632.50805578
0.10600001 988213.55592157 15860.82831885
0.10700001 978258.09543584 19017.33827018
0.10800001 968317.43046547 20581.58795315
0.10900001 958396.23460720 20557.60019988
0.11000001 948493.89699652 18950.90895400
0.11100001 938614.11936185 18922.46153708
0.11200001 928757.27098701 20465.16742964
0.11300001 918925.87576229 21999.08650148
0.11400001 909122.05194707 18818.82736138
0.11500001 899347.68849839 18778.38062008
0.11600001 889603.39329497 18735.04834505
0.11700001 879892.36406647 18688.91469292
0.11800001 870213.62883066 17086.64540684
0.11900001 860570.08507712 18588.31471321
0.12000001 850963.11682647 23167.47194690
0.12100001 841397.10461447 20016.83806173
0.12200001 831869.45781284 18417.59066365
0.12300001 822385.23325572 26003.82230070
0.12400001 812942.32344038 19815.47006751
0.12500001 803543.69436070 15186.97653903
0.12600001 794192.20586398 16642.29845812
0.12700001 784887.60370725 16576.82697150
0.12800001 775631.27808048 19511.00571965
0.12900001 766424.98375436 20923.40304266
0.13000001 757270.15749297 16368.39522573
0.13100001 748166.51108851 19257.80690319
0.13200001 739117.33402951 17694.46981079
0.13300001 730122.77920240 22013.20283072
0.13400001 721182.90359241 16064.34993488
0.13500001 712301.34965794 15984.04303994
0.13600001 703477.58528546 17347.75807110
0.13700001 694712.77080799 25884.99906087
0.13800001 686006.31783189 30036.78804268
0.13900001 677362.45732209 15647.07350203
0.14000001 668779.66654029 19802.56686016
0.14100001 660260.48359168 18282.61365292
0.14200001 651804.31538713 15379.32354693
0.14300001 643413.63166384 20846.60264919
0.14400001 635085.06416691 15194.41087691
0.14500001 626825.28800727 16472.96934590
0.14600001 618631.44039593 13640.82390423
0.14700001 610506.37470983 20329.86323693
0.14800001 602447.09785194 17504.10125391
0.14900001 594457.40816469 16050.35077772
0.15000001 586536.48483327 17270.56761079
0.15100001 578685.69744758 14513.43797680
0.15200001 570906.16453403 17032.98622261
0.15300001 563197.63545244 15611.83919145
0.15400001 555558.25339210 15500.07600110
0.15500001 547992.51243090 16669.93301485
0.15600001 540496.94551884 17820.18513478
0.15700001 533076.98214673 12633.92507316
0.15800001 525726.52155204 13792.43594390
0.15900001 518451.60970928 13687.12314237
0.16000001 511247.74420077 12346.63360524
0.16100001 504119.91579321 19600.18325125
0.16200001 497065.41970032 15799.22511099
0.16300001 490084.67738878 13261.69199620
0.16400001 483178.87208896 15546.28094340
0.16500001 476346.41767461 14233.23163209
0.16600001 469589.42412529 14115.85875566
0.16700001 462905.75267408 12831.74806997
0.16800001 456297.19386425 13880.56129274
0.16900001 449764.49914363 16056.59337759
0.17000001 443305.14760312 13644.93308753
0.17100001 436920.81576013 12399.81333681
0.17200001 430610.82702629 14526.65693572
0.17300001 424375.62885139 13291.44532331
0.17400001 418215.34743746 14271.59940529
0.17500001 412128.27113425 11968.20555897
0.17600001 406114.34301046 11860.56994778
0.17700001 400177.12992683 12821.67584843
0.17800001 394311.85652323 13763.45600202
0.17900001 388519.61910419 10490.03021129
0.18000001 382802.36399967 14550.31854291
0.18100001 377158.43007068 10296.42562730
0.18200001 371584.73411071 14280.00200643
0.18300001 366084.84111109 13135.12471956
0.18400001 360656.54893545 13010.68561748
0.18500001 355300.79265903 10904.18184184
0.18600001 350016.49702198 13745.14848742
0.18700001 344802.49291554 11668.11691152
0.18800001 339657.75904987 15406.87667842
0.18900001 334586.80448580 10489.29681622
0.19000001 329581.60107199 9442.51331686
0.19100001 324648.63796862 14024.82182292
0.19200001 319782.45914471 9257.70262968
0.19300001 314986.93591300 10082.73229501
0.19400001 310257.48715985 11797.54150673
0.19500001 305596.08184360 8984.52523077
0.19600001 301000.29563989 10673.47098778
0.19700001 296473.10538185 10566.30197515
0.19800001 292010.32253646 9588.15939361
0.19900001 287613.14387986 11216.91314143
0.20000001 283279.22693470 9394.95600531
0.20100001 279011.00322542 9299.43717702
0.20200001 274804.95742895 8367.81134920
0.20300001 270662.44565736 11595.17972000
0.20400001 266582.10672563 12296.10025390
0.20500001 262563.10705355 10547.16050887
0.20600001 258604.96363427 9635.62140047
0.20700001 254707.30678126 7946.86834722
0.20800001 250869.07925522 7864.74600642
0.20900001 247092.16315063 9340.08420861
0.21000001 243370.55191660 8472.94616551
0.21100001 239708.47772459 9147.27594239
0.21200001 236102.05172337 10560.84527284
0.21300001 232552.32688103 8957.91605495
0.21400001 229058.61570810 11819.42512932
0.21500001 225620.91938302 7310.11813361
0.21600001 222235.93141650 7957.15790057
0.21700001 218905.52713422 7158.21107573
0.21800001 215627.85789941 7791.71301359
0.21900001 212401.45083493 8411.09785075
0.22000001 209226.50399932 6935.85893552
0.22100001 206103.73740711 8235.90573621
0.22200001 203030.76370141 10866.20698710
0.22300001 200006.83604867 7392.25300990
0.22400001 197030.75511974 6649.78829974
0.22500001 194105.28615354 6580.16951176
0.22600001 191224.90457775 7162.32913965
0.22700001 188392.39777959 7087.32233962
0.22800001 185604.80107397 7013.07774023
0.22900001 182862.56659452 8201.38649962
0.23000001 180165.08448526 6866.99251991
0.23100001 177512.62500488 6795.18360655
0.23200001 174901.65402642 6724.09440705
0.23300001 172334.36214600 6653.83003715
0.23400001 169807.61717895 8978.57818298
0.23500001 167322.08332449 7700.16263878
0.23600001 164877.52821336 5861.39640521
0.23700001 162472.60921730 8120.38139276
0.23800001 160106.41233233 5739.81515360
0.23900001 157778.88540513 7952.05620055
0.24000001 155488.66995348 6183.00725316
0.24100001 153236.63864243 7231.23731958
0.24200001 151021.10015435 8807.55097762
0.24300001 148840.67273439 5992.32576774
0.24400001 146695.53798875 9703.91029699
0.24500001 144584.56610232 6935.72196402
0.24600001 142507.70726111 6863.88404493
0.24700001 140464.97131909 5225.29718026
0.24800001 138454.72137786 6205.54090572
0.24900001 136475.03884262 6141.37703845
0.25000001 134528.45446139 7597.49482513
0.25100001 132611.96517886 6516.55227718
0.25200001 130727.80731264 7937.79283556
0.25300001 128871.63766336 5892.01155272
0.25400001 127045.74567741 6317.35000269
0.25500001 125247.00855214 5290.43389154
0.25600001 123477.94765719 6188.09763962
0.25700001 121735.46313590 5653.39517551
0.25800001 120020.02250682 5129.05590451
0.25900001 118332.31865248 5537.95277496
0.26000001 116669.56364060 5937.89772244
0.26100001 115032.28787026 4520.76912721
0.26200001 113421.02988808 4921.90582488
0.26300001 111833.03596534 4428.58843378
0.26400001 110269.93171351 6136.52199023
0.26500001 108730.52230556 5639.85245886
0.26600001 107213.65137638 6011.46971713
0.26700001 105720.17164399 4249.95110120
0.26800001 104249.16045017 5889.03535250
0.26900001 102798.81081889 4996.02244222
0.27000001 101370.76680144 5356.93842512
0.27100001 99963.47762524  4486.36108813
0.27200001 98577.40566670  6862.46642024
0.27300001 97211.34160557  4794.46359488
0.27400001 95863.58567898  4349.81040604
0.27500001 94537.50668889  4696.62355457
0.27600001 93228.16167985  4648.35636135
0.27700001 91939.74621549  5367.44263808
0.27800001 90668.19756875  6071.14279653
0.27900001 89415.34545612  4506.53362427
0.28000001 88179.54722474  5203.47532800
0.28100001 86961.45843641  4782.01082575
0.28200001 85760.71094490  4732.70505749
0.28300001 84576.79333319  5044.16019313
0.28400001 83408.38755326  4635.42135767
0.28500001 82256.91835768  3528.82196457
0.28600001 81120.94311399  4539.93379626
0.28700001 80001.42451136  5529.69872396
0.28800001 78895.36246832  5472.18259982
0.28900001 77806.52912490  5415.33468342
0.29000001 76731.27785442  5693.84474270
0.29100001 75671.37506619  3977.28766174
0.29200001 74625.35793006  3935.74156353
0.29300001 73593.77288954  3570.03409186
0.29400001 72575.36936114  3853.75229550
0.29500001 71571.71894042  3495.56291852
0.29600001 70580.65991739  4402.11596743
0.29700001 69602.93133462  4044.62653132
0.29800001 68639.03315467  4617.69117408
0.29900001 67688.19502937  3655.16270462
0.30000001 66748.75565103  3315.07710634
0.30100001 65823.42675931  3578.16164803
0.30200001 64909.16285703  2950.12159151
0.30300001 64008.30333926  3210.65664749
0.30400001 63119.03625638  3465.23525453
0.30500001 62242.19615551  3428.30032655
0.30600001 61375.98817384  4239.54658382
0.30700001 60522.29955665  3634.96948346
0.30800001 59679.90451141  3042.78007557
0.30900001 58849.24603171  3283.78808404
0.31000001 58030.00873813  2707.10003580
0.31100001 57221.00722633  2945.73759148
0.31200001 56424.26590946  4503.50299678
0.31300001 55637.47261558  3144.63010112
0.31400001 54863.05451070  2851.50739320
0.31500001 54097.77865825  3077.08179577
0.31600002 53344.72144805  2790.19578745
0.31700002 52601.46141437  2759.99881109
0.31800002 51868.56524769  2730.10206108
0.31900002 51146.65427772  3437.05533020
0.32000002 50435.38199806  3399.84926147
0.32100002 49733.60089099  3122.77294781
0.32200002 49043.26002865  2376.14606090
0.32300002 48361.46083034  3290.51395071
0.32400002 47691.19036758  3022.42933266
0.32500002 47030.16728254  2759.73034682
0.32600002 46379.40159872  3867.34658544
0.32700002 45738.88351401  2250.35317545
0.32800002 45108.89182128  2226.12391679
0.32900002 44486.86898736  2862.73015490
0.33000002 43875.90839157  2831.97064124
0.33100002 43273.76287656  3017.04689062
0.33200002 42682.61398680  2131.99666960
0.33300002 42100.40645156  2531.07655573
0.33400002 41528.41171396  3130.20418117
0.33500002 40965.64232748  2890.53585951
0.33600002 40412.03332588  2859.95973391
0.33700002 39867.88524488  3031.95281646
0.33800002 39334.11708606  2000.13994855
0.33900002 38808.78475354  4354.34585556
0.34000002 38293.10962351  2546.30044500
0.34100002 37786.93981092  2520.01113533
0.34200002 37290.57975507  3069.76067082
0.34300002 36802.69107452  2278.82273926
0.34400002 36324.99437753  2443.76411248
0.34500002 35855.97594313  2419.20281146
0.34600002 35396.87588474  1842.40747706
0.34700002 34945.62785928  2371.41041884
0.34800002 34504.42034285  1986.93713955
0.34900002 34071.83706276  2325.40298967
0.35000002 33648.66896519  1948.76275542
0.35100002 33235.11087372  1930.29533097
0.35200002 32829.11416427  3128.94301919
0.35300002 32433.17221528  2066.64183144
0.35400002 32045.43613012  2730.27128760
0.35500002 31667.03385485  2705.63150071
0.35600002 31297.05434190  1675.95733939
0.35700002 30935.85756451  2159.63231887
0.35800002 30583.65657707  1646.92998468
0.35900002 30240.64386978  1796.29433095
0.36000002 29906.00707644  1619.41035989
0.36100002 29579.32342456  2088.00453944
0.36200002 29262.83762201  2549.37853439
0.36300002 28953.28771033  2055.10445902
0.36400002 28652.87111374  2353.11715168
0.36500002 28359.95656828  2802.53104083
0.36600002 28076.50958165  2009.29550339
0.36700002 27800.66301422  1534.59667108
0.36800002 27533.94956614  1676.40459874
0.36900002 27275.14439607  1967.90176139
0.37000002 27023.84215650  1804.65226470
0.37100002 26780.58626099  1494.35678415
0.37200002 26546.12019701  1633.78104492
0.37300002 26319.20833389  1624.15842322
0.37400002 26100.11086617  1614.94443635
0.37500002 25888.87166052  1752.15891699
0.37600002 25685.63525017  1452.52274221
0.37700002 25490.01947186  1734.34100702
0.37800002 25301.74358654  2013.76586745
0.37900002 25121.99547295  1431.95380979
0.38000002 24948.73895091  1425.82049859
0.38100002 24782.36506712  1988.04141986
0.38200002 24624.48812047  1697.61229145
0.38300002 24473.04181513  1832.54145793
0.38400002 24329.17545562  1826.51293386
0.38500002 24191.62590725  1400.69520639
0.38600002 24062.20883300  1676.17354672
0.38700002 23938.59795041  1671.87176006
0.38800002 23821.86680987  1390.00599421
0.38900002 23711.88038500  1387.14506824
0.39000002 23609.09536140  1523.14085940
0.39100002 23511.92405019  1659.00143958
0.39200002 23422.02273356  2485.31095000
0.39300002 23337.59365004  1793.02740508
0.39400002 23260.78073493  1929.48185338
0.39500002 23188.56229054  1515.14073185
0.39600002 23122.76333645  1514.65668411
0.39700002 23062.31243631  1652.18414121
0.39800002 23008.86348142  1927.91276245
0.39900002 22959.92133649  1515.35488000
0.40000002 22917.04177208  1516.30614069
0.40100002 22879.24268132  1517.58023895
0.40200002 22847.30369469  1657.34348854
0.40300002 22820.33462520  1382.91234381
0.40400002 22798.56300919  1939.01787580
0.40500002 22781.29854470  1387.38114711
0.40600002 22769.80489782  1807.12565134
0.40700002 22762.57512841  1810.99056302
0.40800002 22759.89075916  1396.31936423
0.40900002 22761.53993583  1539.81824962
0.41000002 22768.17394173  1403.65799002
0.41100002 22778.81824456  1970.82344790
0.41200002 22792.80137302  1694.41693436
0.41300002 22812.25971606  1983.29795369
0.41400002 22834.91450384  1847.91554378
0.41500002 22861.20129427  1854.50073686
0.41600002 22890.37686294  1574.97245468
0.41700002 22924.54075452  1724.84252810
0.41800002 22962.58460878  1731.83821326
0.41900002 23002.01810263  1738.95265096
0.42000002 23045.26865357  1891.90141976
0.42100002 23092.30958333  1607.91759248
0.42200002 23141.89714896  1615.18878805
0.42300002 23194.04530055  1917.68375632
0.42400002 23248.65091131  1926.73203557
0.42500002 23306.59042197  2085.00767795
0.42600002 23365.66231405  1945.54196477
0.42700002 23428.21078558  2256.13680556
0.42800002 23492.25959671  1662.89967435
0.42900002 23559.23971364  1671.52813689
0.43000002 23628.17297985  1985.82989219
0.43100002 23697.17831237  2610.48128659
0.43200002 23769.41011001  2161.35256372
0.43300002 23842.42185796  2328.21260476
0.43400002 23917.46382580  1716.67604745
0.43500002 23993.33989510  1726.08095385
0.43600002 24071.09450465  1893.43238346
0.43700002 24149.31485750  2062.59307972
0.43800002 24228.05423369  2074.04268096
0.43900002 24308.73882146  1604.37683825
0.44000002 24389.41018958  1613.35956050
0.44100002 24471.24697487  2109.17687672
0.44200002 24553.39473465  1631.57315744
0.44300002 24636.12085444  2132.99544466
0.44400002 24718.97397013  2309.98822698
0.44500002 24801.52301524  1659.22196835
0.44600002 24884.12006954  1835.32836271
0.44700002 24967.88605463  2181.19462910
0.44800002 25050.20689484  2193.27096862
0.44900002 25133.19543794  2205.43800420
0.45000002 25215.99164888  2388.20668225
0.45100002 25297.50034275  1886.68766498
0.45200002 25379.05076232  2069.40789723
0.45300002 25459.42509539  2080.54431740
0.45400002 25539.63758279  2091.69641716
0.45500002 25619.15210329  2453.29012168
0.45600002 25697.28173401  1761.54874635
0.45700002 25774.93058341  1947.81159650
0.45800002 25851.03936124  2313.79738769
0.45900002 25925.95351862  1967.77996532
0.46000002 26000.31812468  1797.92208353
0.46100002 26072.34030468  2168.17592250
0.46200002 26143.65172972  3268.21805763
0.46300002 26213.57047533  2006.91105071
0.46400002 26281.30030618  2016.43286156
0.46500002 26348.57463898  2394.29509092
0.46600002 26413.02455228  2405.30219485
0.46700002 26475.77944049  2044.45978529
0.46800002 26537.57489982  2053.61033096
0.46900002 26596.47050600  2625.07176336
0.47000002 26653.94358331  2259.72144410
0.47100002 26709.43388989  2458.33641174
0.47200002 26763.04539014  2278.60579252
0.47300002 26814.43233877  2669.10872151
0.47400002 26863.05364513  2488.19046181
0.47500002 26909.90687491  2689.91441871
0.47600002 26955.19636506  2700.10214787
0.47700002 26996.97699112  2709.95667882
0.47800002 27036.57534814  2136.83583392
0.47900002 27074.94865740  2534.21531445
0.48000002 27109.48403032  1955.94936550
0.48100002 27143.41441512  2158.71585076
0.48200002 27172.36584051  2362.36559815
0.48300002 27199.68056061  2172.16659253
0.48400002 27225.13782647  2574.81753198
0.48500002 27247.47520549  2582.24334762
0.48600002 27267.64060080  2589.47161240
0.48700002 27284.83589145  2796.15011469
0.48800002 27299.29477963  3003.60505050
0.48900002 27311.01849680  2208.09595013
0.49000002 27320.14379214  2615.76729137
0.49100002 27327.64749445  2621.81462489
0.49200002 27330.95475832  2425.34904022
0.49300002 27332.33562702  2227.85878256
0.49400002 27330.36836155  2638.06393115
0.49500002 27326.14503099  2642.98487268
0.49600002 27319.28420479  2851.31382761
0.49700002 27309.32642776  2244.00745894
0.49800002 27297.05963330  2043.18501040
0.49900002 27281.43600839  2455.32935714
0.50000002 27263.86907224  2458.65582948
