# SAXS profile: number of points = 501, q_min = 0, q_max = 0.5, delta_q = 0.001
#    q    intensity    error
0.00000000 1700912.83420644 433.73277272
0.00100000 1700829.62881123 663.32357099
0.00200000 1700579.94544173 918.31319962
0.00300000 1700164.01771936 1224.11813636
0.00400000 1699581.68553940 1784.56083763
0.00500000 1698833.52212411 1987.63529956
0.00600000 1697919.38232900 1782.81542403
0.00700000 1696839.84583652 2443.44947956
0.00800000 1695594.73285748 2975.76888180
0.00900000 1694185.37387859 3303.66162029
0.01000000 1692610.96521325 3909.93149847
0.01100000 1690873.01690828 3347.92871924
0.01200000 1688971.29940269 4281.54243170
0.01300000 1686907.02004291 3896.75538816
0.01400000 1684680.29355152 4169.58391138
0.01500000 1682292.34748483 4037.50181375
0.01600000 1679742.81633453 5568.34768507
0.01700000 1677033.91083326 6339.18846732
0.01800000 1674165.43292661 6202.78320810
0.01900000 1671138.43407965 5013.41552846
0.02000000 1667953.64094777 6304.86504799
0.02100000 1664613.37617929 8789.15902471
0.02200000 1661116.18080634 8023.19151781
0.02300000 1657465.22568704 7160.25010089
0.02400000 1653660.25179442 9921.96196318
0.02500000 1649703.60592631 7077.22879265
0.02600000 1645595.23947227 7331.12712716
0.02700000 1641337.62200680 8272.34199380
0.02800000 1636930.22216614 8544.77615157
0.02900000 1632375.99858332 11018.53849634
0.03000000 1627676.02358057 9082.43262906
0.03100000 1622831.09829168 11684.38444534
0.03200000 1617842.21077632 11211.64703707
0.03300000 1612713.10678881 9869.80466855
0.03400000 1607442.47051945 11814.70270345
0.03500000 1602033.10904022 11246.27294479
0.03600000 1596486.63079613 12404.70169455
0.03700000 1590804.71384532 9067.58728827
0.03800000 1584988.83490813 12981.05915866
0.03900000 1579041.26124975 10421.67280688
0.04000000 1572961.73692549 10641.08664340
0.04100000 1566754.25633465 14805.82840886
0.04200000 1560419.77820274 11071.17883997
0.04300000 1553959.32174946 11281.74519958
0.04400000 1547376.32016494 11489.26971081
0.04500000 1540672.20410014 14882.89418314
0.04600000 1533847.00390339 11894.98406823
0.04700000 1526904.94785286 13192.45936300
0.04800000 1519846.41209953 16756.30747304
0.04900000 1512675.75276639 13614.08240860
0.05000000 1505392.13883235 12667.87543817
0.05100000 1498000.03342100 14021.28096599
0.05200000 1490497.86403482 13034.40442840
0.05300000 1482891.94719334 12011.42533221
0.05400000 1475182.09594714 13387.27814502
0.05500000 1467370.93109931 16023.69131510
0.05600000 1459459.63947816 12478.38049983
0.05700000 1451453.46165614 21466.99769994
0.05800000 1443350.81131400 19160.48291484
0.05900000 1435155.09626051 18082.95505746
0.06000000 1426869.82544186 15667.03141530
0.06100000 1418495.98700612 17149.61728433
0.06200000 1410036.46820385 17322.29882159
0.06300000 1401493.73683987 14799.77455300
0.06400000 1392867.33908575 14938.50291032
0.06500000 1384163.43704187 17814.18426804
0.06600000 1375382.39270951 20733.89054020
0.06700000 1366526.26123730 20907.85277540
0.06800000 1357598.09993166 15456.25509122
0.06900000 1348600.36405327 15576.33493408
0.07000000 1339534.20978758 17119.24800275
0.07100000 1330402.95062088 17242.02304762
0.07200000 1321208.17633817 20254.12229211
0.07300000 1311953.99606177 16018.95904249
0.07400000 1302641.08596515 21982.06935583
0.07500000 1293272.22728316 19166.29530671
0.07600000 1283848.18883335 20759.82618667
0.07700000 1274374.74044012 23856.29625963
0.07800000 1264851.48518904 17986.18896287
0.07900000 1255280.98968798 21088.72161590
0.08000000 1245667.56297296 18161.83392014
0.08100000 1236012.18957311 24324.72103207
0.08200000 1226316.01678372 18321.16215047
0.08300000 1216583.06400229 19927.63152360
0.08400000 1206814.89706194 16925.57972576
0.08500000 1197013.97390696 18529.77718596
0.08600000 1187182.68709669 24788.37567043
0.08700000 1177324.17605571 17094.74783906
0.08800000 1167438.14900133 18702.36002533
0.08900000 1157530.34174458 23439.99052130
0.09000000 1147599.65067845 18797.68316114
0.09100000 1137650.70124367 15699.58041475
0.09200000 1127684.13888657 20450.55281961
0.09300000 1117705.23074705 15759.64449411
0.09400000 1107710.64062727 23677.31605618
0.09500000 1097706.51590986 18968.36948649
0.09600000 1087694.08323331 25321.51944798
0.09700000 1077677.47202516 22178.60341696
0.09800000 1067656.83470091 17440.17521484
0.09900000 1057634.35549905 15864.51607847
0.10000000 1047611.87445903 23806.98096666
0.10100000 1037591.02074411 23812.71504603
0.10200000 1027575.33807774 17463.64369206
0.10300000 1017565.65559213 20636.23246615
0.10400000 1007565.22416927 23803.72954085
0.10500000 997576.97037345 17447.62203273
0.10600001 987597.65281548 20606.22599559
0.10700001 977635.53105379 23756.54452253
0.10800001 967688.26767082 18986.04470522
0.10900001 957760.58501997 18963.66047593
0.11000001 947851.80860338 20516.25336291
0.11100001 937965.70429676 18909.38948875
0.11200001 928102.71543834 18877.61012072
0.11300001 918265.09584338 18842.80065384
0.11400001 908455.40380521 21939.19903489
0.11500001 898675.04220619 21891.72505898
0.11600001 888925.18731107 20280.82910356
0.11700001 879208.48610481 21786.78731172
0.11800001 869524.30976798 17073.11062641
0.11900001 859875.37422395 18573.30895807
0.12000001 850263.21455764 20061.96149250
0.12100001 840692.24493477 16923.13568775
0.12200001 831159.49928328 16868.38283265
0.12300001 821670.47575998 21396.30019686
0.12400001 812222.76471911 22843.76633407
0.12500001 802819.80299980 19725.28348917
0.12600001 793463.80374196 19650.13202565
0.12700001 784155.01541590 21078.08780771
0.12800001 774894.58284033 14994.21088463
0.12900001 765684.35319824 17917.01470930
0.13000001 756525.80719022 17838.87937438
0.13100001 747418.49698327 14798.88693785
0.13200001 738365.78620907 16203.43794219
0.13300001 729367.90409030 17592.35467601
0.13400001 720424.75974317 17506.32248711
0.13500001 711540.26718756 15966.96434850
0.13600001 702713.86833323 17328.92481017
0.13700001 693946.19509082 20110.56168201
0.13800001 685237.28359855 17144.63764410
0.13900001 676591.06774448 17050.09571121
0.14000001 668006.15865338 19779.66329055
0.14100001 659484.92862621 15451.73260646
0.14200001 651026.89965496 19550.33871874
0.14300001 642634.59183908 15268.99862230
0.14400001 634304.61956259 20694.18918937
0.14500001 626043.71235206 13710.35794726
0.14600001 617848.62417904 16348.27536700
0.14700001 609722.68122940 17596.59741043
0.14800001 601662.69053561 25549.60735899
0.14900001 593672.37521847 17364.91779443
0.15000001 585751.11845920 19900.89518863
0.15100001 577899.98137333 18446.56827584
0.15200001 570120.51588532 19626.39968546
0.15300001 562412.13884279 19487.58153050
0.15400001 554773.23057502 12898.47821956
0.15500001 547208.01521009 19207.00224031
0.15600001 539713.14236018 15252.29412293
0.15700001 532294.18863772 16399.98472596
0.15800001 524944.86032278 17527.90971347
0.15900001 517671.19774331 13666.52026549
0.16000001 510468.79562953 14793.38639563
0.16100001 503342.74628654 14677.47517455
0.16200001 496289.95821612 12134.29005120
0.16300001 489311.34188005 15648.17745204
0.16400001 482407.82648321 14327.51312295
0.16500001 475577.82336658 17762.83254135
0.16600001 468823.38484728 12918.42897939
0.16700001 462142.67155327 12810.59546031
0.16800001 455537.03692100 15012.22376055
0.16900001 449007.63390713 14884.60376684
0.17000001 442551.56137671 12486.59289386
0.17100001 436170.77454197 13503.84781749
0.17200001 429864.67067006 14501.48534986
0.17300001 423633.32534766 12162.51334510
0.17400001 417477.22641148 10958.77771084
0.17500001 411394.49239374 15205.14115697
0.17600001 405384.97544301 12915.56592761
0.17700001 399452.37255959 12798.45462129
0.17800001 393591.99463617 11624.74011064
0.17900001 387804.80193105 11517.80316138
0.18000001 382092.75653553 12448.58259594
0.18100001 376454.28414972 12332.64293130
0.18200001 370886.19054773 12216.99169375
0.18300001 365392.04422785 11093.30298680
0.18400001 359969.75979016 12985.90969789
0.18500001 354620.06072822 9893.90016173
0.18600001 349342.07807838 14698.56862956
0.18700001 344134.45000720 13586.42872817
0.18800001 338996.45471260 14415.82491775
0.18900001 333932.14277840 15227.30643015
0.19000001 328934.08625607 10366.35821816
0.19100001 324008.20754277 11197.72418177
0.19200001 319149.33011156 10163.31089763
0.19300001 314361.21235981 9147.91171193
0.19400001 309639.40396915 14491.12479052
0.19500001 304985.64183478 11656.55178176
0.19600001 300397.85393318 11539.78410417
0.19700001 295878.63779868 12302.63434106
0.19800001 291424.14501641 11308.71448180
0.19900001 287035.27128270 11194.37610907
0.20000001 282709.95349977 10228.44660103
0.20100001 278450.35177912 9280.75066343
0.20200001 274253.21483683 11691.41510107
0.20300001 270119.60287694 13225.05638193
0.20400001 266048.41669234 10635.28595996
0.20500001 262038.59408429 9716.39152791
0.20600001 258089.74090971 11219.16156765
0.20700001 254201.56621622 11103.52493718
0.20800001 250373.03998499 8634.11469202
0.20900001 246605.81473896 10875.31694408
0.21000001 242894.05729737 9225.11673225
0.21100001 239242.01893455 7607.89656177
0.21200001 235645.68391429 10540.43193978
0.21300001 232106.09476270 10430.84839176
0.21400001 228622.71020686 9585.00757857
0.21500001 225195.50205252 10214.86845604
0.21600001 221820.99829359 10830.41075373
0.21700001 218501.26323864 7859.49081029
0.21800001 215234.24620468 7777.48985433
0.21900001 212018.75104081 9095.60484970
0.22000001 208854.61560350 6923.53083462
0.22100001 205742.87271232 6851.23798527
0.22200001 202681.00909299 10169.52011210
0.22300001 199668.20197127 6708.85190347
0.22400001 196703.41101415 9958.11065347
0.22500001 193789.35715340 8540.29737360
0.22600001 190920.28440705 7801.00318977
0.22700001 188099.19643176 6432.99282218
0.22800001 185323.11306988 6365.84923499
0.22900001 182592.46972362 6929.38455371
0.23000001 179906.75024134 6857.14610974
0.23100001 177266.07845128 7402.63178622
0.23200001 174666.75397917 7935.98434236
0.23300001 172111.30054844 7249.32832195
0.23400001 169596.38958721 7173.92761883
0.23500001 167122.74383704 7099.37449397
0.23600001 164690.17299677 9367.57748311
0.23700001 162297.24383420 8111.61663050
0.23800001 159943.07496138 6307.35545943
0.23900001 157627.49483692 5674.59008253
0.24000001 155349.47427347 6739.06051274
0.24100001 153109.45291216 5557.87340361
0.24200001 150906.11153084 8250.79203823
0.24300001 148737.70363371 7076.94027365
0.24400001 146604.65896452 5926.49361899
0.24500001 144505.90056589 6931.94837806
0.24600001 142441.06741390 5805.18597707
0.24700001 140410.53790056 6790.25393409
0.24800001 138412.41430534 5686.67431075
0.24900001 136444.89530529 5116.68381601
0.25000001 134510.46449926 6077.18307358
0.25100001 132606.00583700 8020.01161244
0.25200001 130733.94280861 5457.48870074
0.25300001 128889.84393676 6874.98460085
0.25400001 127075.94172188 5346.72050091
0.25500001 125289.22824248 6254.43856977
0.25600001 123532.18191870 4762.16583828
0.25700001 121801.63731543 5656.46830456
0.25800001 120098.03059718 6532.13219324
0.25900001 118422.27649847 7389.55040314
0.26000001 116771.27074645 4571.59546603
0.26100001 115145.72956501 5882.79560183
0.26200001 113546.20672319 4927.33787390
0.26300001 111969.80821295 8424.60876857
0.26400001 110418.34533658 5705.86826526
0.26500001 108890.44642257 5648.14772320
0.26600001 107385.07992410 5591.00445081
0.26700001 105902.90255639 4257.29688422
0.26800001 104443.27971799 5900.00115046
0.26900001 103004.18092267 5006.00342973
0.27000001 101587.25130396 5781.33074529
0.27100001 100191.01766843 6540.46994291
0.27200001 98815.97496431  4451.16580291
0.27300001 97460.81412149  5207.33154494
0.27400001 96123.78814305  4361.61709340
0.27500001 94808.43378898  4317.57627908
0.27600001 93509.80657900  5827.99897085
0.27700001 92231.80404587  3846.06641073
0.27800001 90970.76226570  4187.83923910
0.27900001 89728.09956936  3768.58036027
0.28000001 88502.54324982  4849.49708689
0.28100001 87294.45643500  5538.83352295
0.28200001 86103.80466419  5117.14935339
0.28300001 84929.64906052  3979.80354334
0.28400001 83771.01281464  3581.21096733
0.28500001 82629.07907744  4608.22395826
0.28600001 81502.52893490  4210.42084406
0.28700001 80392.37873306  3472.95092565
0.28800001 79295.50877140  4124.95256153
0.28900001 78215.75017541  3742.62382305
0.29000001 77149.38222625  4377.84190165
0.29100001 76098.30833304  3666.41666903
0.29200001 75060.98979775  3298.93065777
0.29300001 74037.83012829  3265.06846321
0.29400001 73027.80574744  3554.62861302
0.29500001 72032.41189842  3837.88708762
0.29600001 71049.33430515  4114.82239107
0.29700001 70079.55643347  4698.83448130
0.29800001 69123.44124331  3720.22378383
0.29900001 68180.19840713  3068.10907356
0.30000001 67248.03988501  3339.87405900
0.30100001 66330.07817414  5709.03009871
0.30200001 65422.84750509  3270.81541586
0.30300001 64528.93536765  3825.27546969
0.30400001 63646.45256007  3203.00787672
0.30500001 62776.23891852  3745.85835361
0.30600001 61916.45849455  3421.50365839
0.30700001 61069.03131843  3385.66725658
0.30800001 60232.67627546  3629.32008080
0.30900001 59407.93799616  3867.45694665
0.31000001 58594.49940281  3553.46358452
0.31100001 57791.00002128  4597.85217938
0.31200001 56999.63477504  3211.35957527
0.31300001 56218.06004073  3177.44490394
0.31400001 55448.59009688  2619.94600612
0.31500001 54688.23347073  2592.22238925
0.31600002 53939.78432029  3334.28792563
0.31700002 53201.07609845  2537.69145005
0.31800002 52472.34481625  2761.88200017
0.31900002 51754.53289461  5216.85716279
0.32000002 51047.17484236  3195.29806055
0.32100002 50349.15010034  4134.16891049
0.32200002 49662.30626374  2887.36662289
0.32300002 48983.87572285  2618.67812014
0.32400002 48316.81250860  2355.44472133
0.32500002 47658.65042226  2796.60973920
0.32600002 47010.64696191  2536.45957694
0.32700002 46372.77070507  2509.69446940
0.32800002 45745.18010782  2483.27721974
0.32900002 45125.33081668  3127.18557368
0.33000002 44516.46996150  2210.24283825
0.33100002 43916.04631424  2405.72113102
0.33200002 43326.55129455  2380.57747361
0.33300002 42745.77796903  2569.87629320
0.33400002 42175.09261695  2967.01790611
0.33500002 41613.32196328  2097.31152627
0.33600002 41060.55975157  2490.73367248
0.33700002 40517.05883284  2259.63647812
0.33800002 39983.80487831  2846.44720409
0.33900002 39458.80170746  3421.07827005
0.34000002 38943.19507589  2191.13897471
0.34100002 38437.04249222  2169.00241056
0.34200002 37940.36161972  2928.04754667
0.34300002 37452.10516087  2512.28733317
0.34400002 36973.66166849  2296.06449835
0.34500002 36503.89815215  1894.55240382
0.34600002 36043.76805950  2251.29385962
0.34700002 35591.29783199  2229.43900178
0.34800002 35148.76952018  2208.04580583
0.34900002 34714.61366051  2733.77595524
0.35000002 34289.67215211  2708.02698647
0.35100002 33874.21136717  2682.83766735
0.35200002 33466.10967058  1772.03059099
0.35300002 33067.87839747  2107.08531129
0.35400002 32677.77662283  2088.11002510
0.35500002 32296.71138186  1724.64446948
0.35600002 31923.97672503  2222.38774498
0.35700002 31559.91372599  2542.15117104
0.35800002 31204.48291609  2520.54222693
0.35900002 30858.21866401  1832.97827546
0.36000002 30520.10979087  2644.26243753
0.36100002 30189.81720410  2295.03001256
0.36200002 29869.47522073  1789.03230309
0.36300002 29556.08959686  2259.26759580
0.36400002 29251.48750228  2242.12662325
0.36500002 28954.39912923  1748.55624624
0.36600002 28666.48977977  2524.94453940
0.36700002 28386.15891703  1566.91604644
0.36800002 28114.66321993  1867.37601952
0.36900002 27851.01812079  2164.02421049
0.37000002 27594.67251096  1535.64359798
0.37100002 27346.26503440  1831.10599344
0.37200002 27106.54494998  1668.27238797
0.37300002 26874.14751045  2412.22359481
0.37400002 26649.45042607  1798.83798897
0.37500002 26432.53327805  2236.19242125
0.37600002 26223.43857216  1631.22907365
0.37700002 26021.87914284  1918.07280248
0.37800002 25827.54794150  1761.95540404
0.37900002 25641.54202041  1461.56796440
0.38000002 25461.93111051  2037.20920466
0.38100002 25289.07281847  1593.97033526
0.38200002 25124.63906117  1732.09269893
0.38300002 24966.46142887  1725.68189572
0.38400002 24815.82387432  1719.73667596
0.38500002 24671.33877417  1857.01175751
0.38600002 24534.81609150  1993.94459822
0.38700002 24404.20648050  1846.42234979
0.38800002 24280.20025045  1558.42472691
0.38900002 24162.91977750  2261.64939832
0.39000002 24052.64834676  1692.82547084
0.39100002 23948.01610656  1689.77209653
0.39200002 23850.47834715  1687.18291821
0.39300002 23758.38308481  1825.35665889
0.39400002 23673.74456102  1542.93637486
0.39500002 23593.63046914  1962.04640277
0.39600002 23519.97452209  1960.86036881
0.39700002 23451.50354116  2100.08224161
0.39800002 23389.98598429  2099.83609123
0.39900002 23332.82694614  1539.96665141
0.40000002 23281.78604771  1540.43944683
0.40100002 23235.64176493  1541.22019129
0.40200002 23195.37179571  1682.59234978
0.40300002 23160.03792177  1543.84820101
0.40400002 23129.77224745  2107.70059591
0.40500002 23104.06439382  1969.85262355
0.40600002 23083.93487006  1550.20171965
0.40700002 23068.17882658  1694.12713329
0.40800002 23056.79122795  1555.98762974
0.40900002 23049.79550061  1701.07498854
0.41000002 23047.76001105  1989.25226081
0.41100002 23049.62259324  1424.46674376
0.41200002 23054.80987414  1571.07009331
0.41300002 23065.48345318  1432.36659031
0.41400002 23079.29837646  1436.68639201
0.41500002 23096.72892072  1441.23595294
0.41600002 23117.08063622  1735.16815477
0.41700002 23142.35469528  1451.02570815
0.41800002 23171.48316323  1893.22612156
0.41900002 23202.03564165  1607.90114616
0.42000002 23236.34368125  2054.32524220
0.42100002 23274.57922821  2209.92140244
0.42200002 23315.19107295  1775.21873241
0.42300002 23358.44348505  2079.83590646
0.42400002 23404.20602331  2834.83458890
0.42500002 23453.21262764  2247.99053688
0.42600002 23503.43619908  1957.01370785
0.42700002 23557.05676713  1663.59942773
0.42800002 23612.31882778  1975.28862514
0.42900002 23670.51237970  1679.42293292
0.43000002 23730.58849395  2454.69219014
0.43100002 23790.82215177  1541.64534849
0.43200002 23854.37901759  2014.14458780
0.43300002 23918.65727325  1712.81512850
0.43400002 23984.95017327  1565.01807297
0.43500002 24052.29289946  2516.83204827
0.43600002 24121.40278920  1897.38963331
0.43700002 24191.07123617  2225.09483775
0.43800002 24261.34489897  1917.13156477
0.43900002 24333.56258292  1606.01520658
0.44000002 24405.82149972  2260.22323620
0.44100002 24479.30153607  1622.97776875
0.44200002 24553.15390987  2121.02430102
0.44300002 24627.63584074  1968.24074967
0.44400002 24702.29918111  1648.87854848
0.44500002 24776.79047141  1823.32409720
0.44600002 24851.30760693  2166.16433022
0.44700002 24927.10916291  2345.14254119
0.44800002 25001.45089566  2189.00213691
0.44900002 25076.68958160  2539.01494047
0.45000002 25151.70390945  2041.81542014
0.45100002 25225.52463024  2394.40691138
0.45200002 25299.50369065  1891.01149298
0.45300002 25372.33974798  1900.64206060
0.45400002 25445.07937636  1736.62674974
0.45500002 25517.23123338  1919.91656899
0.45600002 25588.13604996  2104.88017123
0.45700002 25658.59597658  2467.84387799
0.45800002 25727.61476545  1948.48099661
0.45900002 25795.52661636  2847.82627342
0.46000002 25862.98926167  3398.00900519
0.46100002 25928.26613614  2874.92628543
0.46200002 25992.80273823  1985.72025930
0.46300002 26056.18327328  1994.86148595
0.46400002 26117.40104704  3643.37761874
0.46500002 26178.27011810  2378.81951838
0.46600002 26236.40639231  2756.79053233
0.46700002 26292.98021856  2768.65094824
0.46800002 26348.68966659  2224.35648708
0.46900002 26401.63422492  2233.57836129
0.47000002 26453.30112109  2055.81839406
0.47100002 26503.05023976  2626.98246428
0.47200002 26550.98257159  2260.55076329
0.47300002 26596.83450915  2269.24202788
0.47400002 26640.09982001  2277.72864257
0.47500002 26681.61758370  3048.10813723
0.47600002 26721.75585956  2103.13589461
0.47700002 26758.52377699  2302.30349490
0.47800002 26793.14935647  2117.59665976
0.47900002 26826.75071809  2124.67875758
0.48000002 26856.60308883  3294.09680800
0.48100002 26885.98486137  2721.39951666
0.48200002 26910.42271801  2534.55828383
0.48300002 26933.46020192  1955.36930334
0.48400002 26954.72651271  3529.72160415
0.48500002 26973.00104348  2359.59824313
0.48600002 26989.23382147  1971.56362411
0.48700002 27002.60026624  2174.24947650
0.48800002 27013.33429050  2377.71379695
0.48900002 27021.55134586  1986.08411806
0.49000002 27027.17020685  2189.60629810
0.49100002 27031.38217635  2393.89931901
0.49200002 27031.50770155  2198.87809821
0.49300002 27029.90426024  3004.37400094
0.49400002 27024.93586730  3210.56253322
0.49500002 27017.97034794  2814.19192484
0.49600002 27008.46350208  3020.22157428
0.49700002 26995.90340798  2419.91289620
0.49800002 26981.21519039  3029.31607910
0.49900002 26963.34510429  2831.15137015
0.50000002 26943.63703808  2024.81441939
