# SAXS profile: number of points = 501, q_min = 0, q_max = 0.5, delta_q = 0.001
#    q    intensity    error
0.00000000 1682732.95097188 277.65093691
0.00100000 1682650.62916912 555.27472081
0.00200000 1682403.60632786 908.49797618
0.00300000 1681992.09853863 1917.47106064
0.00400000 1681415.96362374 1387.16822270
0.00500000 1680675.76178641 1663.86907003
0.00600000 1679771.35072481 2116.51198808
0.00700000 1678703.29973060 2417.33285208
0.00800000 1677471.45970374 3170.42119270
0.00900000 1676077.04969053 3016.93881841
0.01000000 1674519.44321779 3315.54864073
0.01100000 1672799.96566705 4215.45609702
0.01200000 1670918.47168607 3909.94939517
0.01300000 1668876.15656678 4205.56810003
0.01400000 1666673.08325521 5250.02044499
0.01500000 1664310.59710887 4393.78017202
0.01600000 1661788.20776223 5932.58416692
0.01700000 1659108.10024310 4479.59207161
0.01800000 1656270.17051796 4720.37019838
0.01900000 1653275.29108889 5455.80870677
0.02000000 1650124.49701162 6237.47088086
0.02100000 1646819.74380430 8695.20864151
0.02200000 1643359.78352425 7370.46896396
0.02300000 1639747.75660341 5903.09219247
0.02400000 1635983.12745320 6134.93700769
0.02500000 1632068.61689802 7638.08147592
0.02600000 1628003.96729489 8571.44127985
0.02700000 1623791.61544828 8865.90262642
0.02800000 1619431.22165677 7044.52613727
0.02900000 1614925.44529347 8720.59780498
0.03000000 1610275.52317431 8236.55967963
0.03100000 1605482.00710572 11559.47098305
0.03200000 1600546.11063375 7922.70361254
0.03300000 1595471.78396698 8950.59712068
0.03400000 1590257.12665432 10018.62036019
0.03500000 1584905.43229070 10270.18767550
0.03600000 1579417.96982225 8765.77013761
0.03700000 1573796.38920668 14353.02373336
0.03800000 1568042.37795500 9173.04833556
0.03900000 1562158.07817386 13122.12846435
0.04000000 1556143.27664924 15312.45055179
0.04100000 1550001.89454075 12694.51610489
0.04200000 1543734.84477937 11948.50825292
0.04300000 1537343.02310141 15219.69663517
0.04400000 1530830.09850799 12399.72437378
0.04500000 1524197.30626358 12620.35428227
0.04600000 1517444.67968276 11767.78403799
0.04700000 1510576.62314418 10876.15219247
0.04800000 1503593.33223354 16577.11725918
0.04900000 1496498.74323046 15713.23753533
0.05000000 1489292.43929195 12532.39646023
0.05100000 1481979.06517503 13871.32469622
0.05200000 1474556.70881433 12894.99901950
0.05300000 1467031.65584699 14259.54835958
0.05400000 1459403.86126617 14448.09890031
0.05500000 1451675.74067138 18291.11518573
0.05600000 1443848.65018939 13579.39718870
0.05700000 1435927.39041865 17489.59643169
0.05800000 1427911.06428796 15164.41621080
0.05900000 1419802.35190694 21722.97699877
0.06000000 1411605.06940066 15499.42438613
0.06100000 1403320.37374325 15661.05610284
0.06200000 1394950.64862057 17136.96951935
0.06300000 1386498.83936340 14641.42842824
0.06400000 1377964.14762173 18809.21149468
0.06500000 1369352.69021491 14912.25149400
0.06600000 1360664.92677884 13674.68315395
0.06700000 1351902.80990271 19305.17302887
0.06800000 1343069.45655310 19461.07733641
0.06900000 1334167.42887168 14008.75865903
0.07000000 1325197.56822823 15524.69023879
0.07100000 1316163.07907184 18478.93049568
0.07200000 1307066.05029642 14312.37392123
0.07300000 1297909.80964741 20169.51938698
0.07400000 1288695.81404851 18847.17716372
0.07500000 1279426.36912029 21878.19193744
0.07600000 1270102.45311232 22004.52603176
0.07700000 1260729.35040608 19175.69431880
0.07800000 1251307.15973295 17793.58864585
0.07900000 1241838.09125732 20862.88091167
0.08000000 1232326.58708340 19464.59935609
0.08100000 1222773.30188042 24064.17971005
0.08200000 1213179.97032076 16614.50047318
0.08300000 1203550.00377113 21230.62306292
0.08400000 1193885.35319224 19788.65065801
0.08500000 1184188.23016227 21386.44044072
0.08600000 1174460.76309006 16859.38504573
0.08700000 1164706.56345510 27673.42924717
0.08800000 1154925.05394739 18501.90023316
0.08900000 1145121.80900659 21642.80320678
0.09000000 1135296.52581938 26344.55711919
0.09100000 1125452.47206402 26403.11623507
0.09200000 1115590.87158498 17118.74272883
0.09300000 1105717.45073145 20267.80182434
0.09400000 1095828.31082630 21861.77582843
0.09500000 1085929.64773085 17201.12642856
0.09600000 1076022.64111149 17221.74318055
0.09700000 1066111.54776515 17239.02453782
0.09800000 1056196.20610265 25095.22303692
0.09900000 1046279.59460613 18833.03358849
0.10000000 1036362.32387312 18841.06793406
0.10100000 1026447.02761777 18845.56831340
0.10200000 1016536.56913929 18846.58887832
0.10300000 1006631.89072032 15703.45823394
0.10400000 996736.64871976 23547.90443382
0.10500000 986852.86321236 25105.53802132
0.10600001 976978.21340693 18816.60127561
0.10700001 967120.34141867 18800.82032190
0.10800001 957277.40896483 23477.22955974
0.10900001 947453.39606559 21886.17447920
0.11000001 937648.34096762 17173.03017315
0.11100001 927865.15623145 20264.57596602
0.11200001 918105.28207527 18674.26231654
0.11300001 908370.42857882 18639.76207201
0.11400001 898662.71258598 21702.70553081
0.11500001 888984.40550300 23202.49407619
0.11600001 879335.75129476 23148.51474293
0.11700001 869720.07014438 15394.04596654
0.11800001 860136.32591285 18424.12096880
0.11900001 850587.54346080 16841.63415379
0.12000001 841074.85497548 16792.06027057
0.12100001 831602.87431287 22827.49997525
0.12200001 822169.10489328 18202.82483990
0.12300001 812777.73048794 16629.43314927
0.12400001 803427.65227884 19583.54994702
0.12500001 794121.09422667 16509.77832692
0.12600001 784861.81894495 16446.78019102
0.12700001 775648.50047977 20849.43267545
0.12800001 766483.07354313 17797.73780647
0.12900001 757367.27575536 17722.39508797
0.13000001 748302.28493231 16174.55465120
0.13100001 739288.36415162 20493.07442028
0.13200001 730327.83635924 20398.05743108
0.13300001 721421.82992421 21750.86919762
0.13400001 712569.83880215 17315.44789924
0.13500001 703775.49040547 14357.02068118
0.13600001 695038.21030782 17139.64307434
0.13700001 686359.50184003 15628.40659383
0.13800001 677738.62980462 15543.93620755
0.13900001 669179.90520410 16863.33440639
0.14000001 660681.22586665 13973.40858607
0.14100001 652245.72924203 15282.11815689
0.14200001 643872.57412675 15192.17410306
0.14300001 635564.27162642 15101.00780612
0.14400001 627317.59206916 21830.65323376
0.14500001 619138.97475101 13559.14418666
0.14600001 611025.58793753 13473.11484961
0.14700001 602980.30971092 17402.01255922
0.14800001 594999.86537859 17287.72190419
0.14900001 587088.63716179 15851.39395125
0.15000001 579245.38677413 13119.90862947
0.15100001 571471.57935879 15635.46314902
0.15200001 563768.53000595 14232.33721158
0.15300001 556135.36291297 19270.09123427
0.15400001 548571.02079104 14029.70451881
0.15500001 541079.37656419 16459.63541186
0.15600001 533657.23645732 15081.15421404
0.15700001 526310.02230055 14968.25774068
0.15800001 519031.51258433 14854.68259129
0.15900001 511827.94335122 12283.87122024
0.16000001 504694.59493839 15844.88755601
0.16100001 497636.57334501 13301.82623341
0.16200001 490651.07054212 16794.98693748
0.16300001 483738.63631284 14279.96521808
0.16400001 476900.42742800 14163.94336329
0.16500001 470134.86163403 18730.17377178
0.16600001 463443.87387820 12770.19654763
0.16700001 456825.69404120 14965.61044339
0.16800001 450281.56410427 14839.02964570
0.16900001 443812.66225688 13580.66810631
0.17000001 437416.22243231 12341.69929870
0.17100001 431094.37632185 14458.90606460
0.17200001 424845.91731925 15434.65290508
0.17300001 418671.44743337 16390.98794107
0.17400001 412571.40225818 15161.99974903
0.17500001 406543.67750087 12879.30431149
0.17600001 400588.38370530 12762.74650762
0.17700001 394709.05284696 14754.22509227
0.17800001 388900.70627361 13574.57979364
0.17900001 383164.95980260 13449.09072432
0.18000001 377503.42899772 13323.98415583
0.18100001 371914.34112325 16245.21918763
0.18200001 366395.04423787 11063.29888337
0.18300001 360948.54291918 10958.39828069
0.18400001 355573.27466827 10853.87472199
0.18500001 350269.39411050 12704.27152456
0.18600001 345036.62276411 10646.10549835
0.18700001 339873.22717528 10542.86800507
0.18800001 334778.40210861 14236.45222229
0.18900001 329756.66912979 12217.48516850
0.19000001 324800.25615435 10236.08055635
0.19100001 319914.93141468 10134.90550609
0.19200001 315096.14591770 10946.44062641
0.19300001 310347.13649023 9031.10209861
0.19400001 305663.57073192 14305.05578622
0.19500001 301047.44914687 10620.95450780
0.19600001 296496.32696188 9637.61356333
0.19700001 292012.88349501 9540.06135462
0.19800001 287593.39067877 15452.39361143
0.19900001 283238.91247894 11896.03488632
0.20000001 278946.97447343 9251.27684564
0.20100001 274720.24762477 9988.82867573
0.20200001 270554.98616421 9062.23968988
0.20300001 266452.63853208 8153.45112445
0.20400001 262412.01081649 13717.58851380
0.20500001 258432.01786220 8784.10470233
0.20600001 254512.26763446 8692.86691195
0.20700001 250652.53593674 14076.64708360
0.20800001 246851.53231971 7738.79590404
0.20900001 243111.27497483 8423.80607608
0.21000001 239425.90865886 9851.17947746
0.21100001 235799.45018307 10497.79201842
0.21200001 232228.21978063 7419.69197275
0.21300001 228713.05886662 8075.85849037
0.21400001 225253.24566912 12349.50977765
0.21500001 221849.25414981 7906.70779171
0.21600001 218497.28560163 7112.08698258
0.21700001 215199.27244707 7037.01654173
0.21800001 211953.69790061 7658.94723576
0.21900001 208759.10111384 11022.48105997
0.22000001 205615.15935963 6816.14285506
0.22100001 202523.22484250 6744.02370614
0.22200001 199480.39536402 9341.66735661
0.22300001 196486.13420158 6601.93442135
0.22400001 193539.49524293 6531.95827332
0.22500001 190642.98060945 6462.79734827
0.22600001 187791.05026028 7033.71412011
0.22700001 184986.63133019 8224.50601787
0.22800001 182226.94961947 6259.49601544
0.22900001 179511.79247519 6193.15713327
0.23000001 176841.45011324 7353.06784345
0.23100001 174215.52603113 9094.05088891
0.23200001 171630.75615814 6598.34473256
0.23300001 169089.20770060 8309.04405938
0.23400001 166588.18046081 8808.35045846
0.23500001 164127.77299320 7553.16047038
0.23600001 161708.03452534 6898.46507913
0.23700001 159327.65196628 7394.39667749
0.23800001 156985.65792225 6190.72971298
0.23900001 154682.17334760 6682.27020468
0.24000001 152415.51904283 7713.74978362
0.24100001 150186.81013763 7632.49405222
0.24200001 147994.35564453 5933.83397025
0.24300001 145836.66277287 8540.19537595
0.24400001 143714.14005894 6865.94336610
0.24500001 141625.38684502 6271.17242615
0.24600001 139570.70906752 8790.86152647
0.24700001 137549.65706157 7163.58647865
0.24800001 135560.94677825 7088.48224237
0.24900001 133602.68396587 6012.12106288
0.25000001 131677.23319688 6940.70729016
0.25100001 129781.70780134 9320.92269526
0.25200001 127918.04713503 5339.93913028
0.25300001 126082.46509896 5284.11636229
0.25400001 124276.87364595 5228.94970604
0.25500001 122498.34311384 5174.33025794
0.25600001 120749.21326978 5120.37063096
0.25700001 119026.53845531 5988.22543301
0.25800001 117330.85783078 5925.79525512
0.25900001 115662.52811645 5864.09045296
0.26000001 114019.16667505 4463.85058654
0.26100001 112400.92554036 8392.97750722
0.26200001 110808.84118735 5682.83168919
0.26300001 109239.73402197 4758.48303916
0.26400001 107695.37148158 5565.15858464
0.26500001 106174.63317206 4236.36806403
0.26600001 104676.43566295 6707.66631469
0.26700001 103201.25458065 5393.29781960
0.26800001 101748.51973494 4105.55296558
0.26900001 100316.55786351 4469.10286430
0.27000001 98906.65389303  4422.61123811
0.27100001 97517.34368042  4376.57859149
0.27200001 96149.30951555  4724.77729319
0.27300001 94801.08876638  4675.58991923
0.27400001 93471.14815484  4626.82205263
0.27500001 92162.75954581  3815.53842577
0.27600001 90871.09865819  6041.11092470
0.27700001 89600.09933179  4109.95675086
0.27800001 88346.19207088  5915.66130104
0.27900001 87110.74443657  4024.51658344
0.28000001 85892.44689557  3620.36680799
0.28100001 84691.73518287  4298.95268135
0.28200001 83508.25675032  4253.91080020
0.28300001 82341.45307091  5261.61910026
0.28400001 81190.41224596  3470.89028779
0.28500001 80056.05002719  4808.16659221
0.28600001 78937.32258558  4077.90227779
0.28700001 77834.71166595  4371.19761406
0.28800001 76745.82446027  3992.31797739
0.28900001 75673.90359551  4608.54094711
0.29000001 74615.59948172  4559.75950016
0.29100001 73572.72935115  4189.23140755
0.29200001 72543.57515897  5101.26444665
0.29300001 71528.91715799  5047.08063358
0.29400001 70527.30057553  3432.91651802
0.29500001 69540.70913827  3396.36839509
0.29600001 68566.32319946  6414.72267058
0.29700001 67605.57334112  4532.95390710
0.29800001 66658.27218785  3288.58601406
0.29900001 65724.17767160  3844.86457580
0.30000001 64801.57299943  2925.79115943
0.30100001 63892.79585790  3762.64692620
0.30200001 62995.34193878  4294.70763999
0.30300001 62110.96824283  4531.61645753
0.30400001 61238.37334019  3081.82128424
0.30500001 60378.21477218  3048.49620817
0.30600001 59528.56479405  3289.54864626
0.30700001 58691.56295438  3253.86040424
0.30800001 57865.72941842  3218.49202263
0.30900001 57051.53429129  2652.89647014
0.31000001 56248.69253769  3936.00244667
0.31100001 55456.30260944  2854.89059350
0.31200001 54675.89473284  2823.73671717
0.31300001 53905.62316910  2792.85046862
0.31400001 53147.64896285  4771.33041155
0.31500001 52398.77687851  2732.07235580
0.31600002 51662.10391767  2702.18647336
0.31700002 50935.07129589  2915.52361902
0.31800002 50218.42187690  2643.24676064
0.31900002 49512.81437537  2614.27672280
0.32000002 48817.63932054  2820.68333350
0.32100002 48132.13690349  2324.78232252
0.32200002 47457.96567813  2759.20625518
0.32300002 46792.18083107  2728.92011528
0.32400002 46137.82533618  3373.82863746
0.32500002 45492.87025115  2669.52175274
0.32600002 44858.12885457  2420.32045696
0.32700002 44233.38277465  2829.16729624
0.32800002 43619.28030553  2583.13390201
0.32900002 43013.01131999  2342.05857728
0.33000002 42417.91471749  2737.86443509
0.33100002 41831.33595543  2499.84075508
0.33200002 41255.95680587  2266.80865404
0.33300002 40689.27170037  2853.94565221
0.33400002 40132.73122779  2823.33777558
0.33500002 39585.48336136  1995.10845589
0.33600002 39047.23142934  2171.22140645
0.33700002 38518.31779567  2929.31820708
0.33800002 37999.72323962  2318.74322189
0.33900002 37489.58660591  2294.36280894
0.34000002 36988.88987084  2081.17998714
0.34100002 36497.66870157  2059.56354237
0.34200002 36016.24069384  2408.94637289
0.34300002 35543.22975133  2017.43381623
0.34400002 35080.13723328  2178.47662536
0.34500002 34625.77538678  2156.49339322
0.34600002 34181.13688304  2312.86673673
0.34700002 33744.34383426  2289.89128104
0.34800002 33317.45035354  1918.58546948
0.34900002 32899.10220228  2245.36383165
0.35000002 32490.05368037  2394.84197020
0.35100002 32090.54056504  1694.38062208
0.35200002 31698.33559365  1678.42694918
0.35300002 31316.25764981  1829.18269596
0.35400002 30942.25690797  2306.74536175
0.35500002 30577.42371894  1796.11795432
0.35600002 30220.90389347  1941.99537618
0.35700002 29872.90138003  2085.42734412
0.35800002 29533.99476513  1749.44626278
0.35900002 29204.04741809  1734.72049880
0.36000002 28882.27701718  1720.37291202
0.36100002 28568.42469802  2171.77174841
0.36200002 28264.55918524  1539.00532053
0.36300002 27967.52331681  1679.72952997
0.36400002 27679.46307609  1515.45067520
0.36500002 27398.93435522  2256.30235103
0.36600002 27127.49094484  1792.04213670
0.36700002 26863.63634802  2372.59647464
0.36800002 26608.74607830  1472.79416520
0.36900002 26361.57870765  2194.60153137
0.37000002 26121.78803108  1889.78084463
0.37100002 25889.96919369  1444.66034944
0.37200002 25666.81047516  1866.87554834
0.37300002 25450.95715768  1427.79876418
0.37400002 25242.68959318  1561.89149257
0.37500002 25042.33890503  1694.86557738
0.37600002 24849.73466339  1826.82833032
0.37700002 24664.46210299  1398.47506749
0.37800002 24486.51567128  1948.88187460
0.37900002 24316.85570127  1801.87909282
0.38000002 24153.68114705  1518.42123724
0.38100002 23997.03402186  2062.54517189
0.38200002 23848.76038805  1644.13361904
0.38300002 23706.83547192  1775.16792423
0.38400002 23572.23114444  1497.42605439
0.38500002 23443.82168209  1900.35627558
0.38600002 23323.37608785  1489.31425065
0.38700002 23208.59926739  1620.88864962
0.38800002 23100.51079605  1752.28932945
0.38900002 22998.99339436  1749.07353050
0.39000002 22904.48954524  1746.35288811
0.39100002 22815.43729347  1609.85733170
0.39200002 22733.49666504  1340.13969190
0.39300002 22656.86892000  1740.72732159
0.39400002 22587.66861876  2007.47914360
0.39500002 22522.97287682  1739.22404795
0.39600002 22464.41539478  1337.75600014
0.39700002 22411.14086962  2675.89034661
0.39800002 22364.56890747  2409.33512255
0.39900002 22322.50812190  1339.35055077
0.40000002 22286.20441981  1876.72136311
0.40100002 22254.86516551  1744.55896298
0.40200002 22229.21505631  1612.50733658
0.40300002 22208.43017588  1614.99711891
0.40400002 22192.53886538  1483.01647994
0.40500002 22181.08318357  1485.91083287
0.40600002 22175.32998531  2030.70593962
0.40700002 22173.49125520  1764.12304785
0.40800002 22176.13572790  2176.80958619
0.40900002 22182.88587105  1773.52180942
0.41000002 22194.52792753  2189.26833850
0.41100002 22210.10619216  1647.10155325
0.41200002 22228.70012425  1514.77484174
0.41300002 22252.79933982  1520.08879493
0.41400002 22279.71113768  1664.29450084
0.41500002 22310.36090430  1670.59990367
0.41600002 22343.57967285  1956.62736466
0.41700002 22381.71745189  1543.66712580
0.41800002 22423.45446522  1550.24559791
0.41900002 22466.61070023  2406.17412001
0.42000002 22513.39586193  1563.89311765
0.42100002 22563.84794148  1713.94997085
0.42200002 22616.66684911  2296.04412732
0.42300002 22671.89877671  1586.12611358
0.42400002 22729.55405295  1593.91005349
0.42500002 22790.32266134  1601.93185577
0.42600002 22852.10466330  2049.14832226
0.42700002 22917.26775072  1618.41752525
0.42800002 22983.86128121  1922.71500659
0.42900002 23053.17331772  2081.70164924
0.43000002 23124.14283101  1644.47349535
0.43100002 23195.41497134  1803.67555364
0.43200002 23269.63362359  2267.04416321
0.43300002 23344.50313015  2127.61811611
0.43400002 23421.45094485  1528.24974657
0.43500002 23498.89952935  1844.19372246
0.43600002 23578.36950106  1700.11841344
0.43700002 23657.99725720  2331.49574018
0.43800002 23738.12649918  1563.15570405
0.43900002 23820.19366102  2672.62585542
0.44000002 23902.13434433  1739.23888799
0.44100002 23985.06295304  1749.23072406
0.44200002 24068.27513224  2399.00543750
0.44300002 24151.90942397  2573.62759018
0.44400002 24235.66440966  2103.04987881
0.44500002 24319.07767674  1789.64101104
0.44600002 24402.43250218  1963.41981217
0.44700002 24486.85299687  1645.51659937
0.44800002 24569.84638977  2316.69092588
0.44900002 24653.22000029  1996.91091466
0.45000002 24736.62787747  2175.46284178
0.45100002 24818.53941717  1850.96675745
0.45200002 24900.40816443  2368.77594094
0.45300002 24981.21369870  2211.58695356
0.45400002 25061.56908958  2052.54260571
0.45500002 25141.41077552  1719.67257855
0.45600002 25219.74399959  2074.57623973
0.45700002 25297.51768730  2606.90932123
0.45800002 25373.74970787  2271.07757524
0.45900002 25448.83138067  2458.35722788
0.46000002 25523.13251866  1941.41716704
0.46100002 25595.25749319  2838.00228535
0.46200002 25666.62833193  1960.80216435
0.46300002 25736.47487276  2149.51048325
0.46400002 25804.16717756  1799.84074594
0.46500002 25871.41901927  2170.09473019
0.46600002 25935.80762821  2725.20511570
0.46700002 25998.55957172  2555.13855581
0.46800002 26060.24507645  2566.67365923
0.46900002 26119.20535538  2209.68487780
0.47000002 26176.42169468  2404.17356450
0.47100002 26231.88648903  2600.10471203
0.47200002 26285.44195255  2051.44741442
0.47300002 26336.76625469  1872.54416946
0.47400002 26385.27538862  2255.94115265
0.47500002 26432.13644090  2075.98009447
0.47600002 26477.46545741  3031.14038923
0.47700002 26519.24837069  2662.00227762
0.47800002 26558.87239866  2289.90608675
0.47900002 26597.16617096  2106.49566058
0.48000002 26631.95820768  2305.79505091
0.48100002 26665.88014079  2891.91483834
0.48200002 26695.01457184  2320.86467688
0.48300002 26722.51948499  2328.06600788
0.48400002 26748.08588192  2918.88501022
0.48500002 26770.70851897  2537.06016660
0.48600002 26791.11122130  1957.09076748
0.48700002 26808.76371368  3336.08271466
0.48800002 26823.48571585  2754.50387873
0.48900002 26835.67888809  2366.90699012
0.49000002 26845.25179766  3163.44462179
0.49100002 26853.25077507  2576.30100148
0.49200002 26857.07339823  2383.29680633
0.49300002 26858.98217926  2388.30080859
0.49400002 26857.74524026  2193.60644648
0.49500002 26854.15745744  3196.71905526
0.49600002 26848.07688956  2001.52422699
0.49700002 26839.03614589  2205.36370465
0.49800002 26827.59046286  2208.84976546
0.49900002 26812.98131714  3820.85001881
0.50000002 26796.32871667  2215.11861837
