# SAXS profile: number of points = 501, q_min = 0, q_max = 0.5, delta_q = 0.001
#    q    intensity    error
0.00000000 1646666.22097350 444.59987966
0.00100000 1646585.59310513 740.96353449
0.00200000 1646343.64162686 814.94012841
0.00300000 1645940.60194195 1283.83371525
0.00400000 1645376.33355724 1604.24198618
0.00500000 1644651.33487322 1776.22351197
0.00600000 1643765.50694060 2243.74000832
0.00700000 1642719.43925543 2365.51609084
0.00800000 1641512.90640690 3324.06377582
0.00900000 1640147.18850387 2952.26506551
0.01000000 1638621.58258030 2974.09830080
0.01100000 1636937.42307942 3535.78498780
0.01200000 1635094.60947008 4782.65194239
0.01300000 1633094.28514863 5144.24722510
0.01400000 1630936.40563761 4770.48919797
0.01500000 1628622.55194484 5081.30258833
0.01600000 1626151.97639293 4146.68772517
0.01700000 1623526.89685506 5698.57966359
0.01800000 1620747.32536349 5081.04309365
0.01900000 1617813.84502619 5824.13010489
0.02000000 1614727.79533086 5595.03206392
0.02100000 1611491.04671108 7445.08897335
0.02200000 1608102.01685848 6657.54265226
0.02300000 1604564.20939438 8664.64712513
0.02400000 1600876.75652055 6603.61692176
0.02500000 1597042.56653889 6851.31292336
0.02600000 1593061.36676504 6451.89883050
0.02700000 1588935.47792806 7340.88224425
0.02800000 1584664.51333416 12407.92370843
0.02900000 1580251.14139241 7111.13046277
0.03000000 1575696.57941371 8059.68837417
0.03100000 1571001.26008188 12819.37087213
0.03200000 1566166.42711870 7752.52417130
0.03300000 1561196.13489069 9554.52078600
0.03400000 1556088.41304460 8986.41099997
0.03500000 1550846.35391379 13399.31311657
0.03600000 1545471.13150376 13723.78428198
0.03700000 1539964.76950514 8777.79959213
0.03800000 1534328.61203151 13463.73419367
0.03900000 1528564.65303703 9171.38834295
0.04000000 1522672.84712364 10300.88228812
0.04100000 1516657.06389531 11465.92793468
0.04200000 1510518.18814987 10717.12704212
0.04300000 1504257.08350313 13899.33609675
0.04400000 1497877.31065558 15166.00847473
0.04500000 1491380.04050863 13377.67958495
0.04600000 1484765.21605610 15701.39288970
0.04700000 1478037.42924783 11706.05698407
0.04800000 1471196.73765042 14057.28548231
0.04900000 1464246.83869246 13178.22216165
0.05000000 1457187.46692667 16721.22696163
0.05100000 1450023.18481986 15834.25391586
0.05200000 1442752.15263791 12616.86816278
0.05300000 1435380.57912621 13951.89987951
0.05400000 1427908.14463761 12958.26701688
0.05500000 1420337.30382469 13123.91729956
0.05600000 1412669.56934174 12078.32538150
0.05700000 1404909.36426978 13444.98324365
0.05800000 1397056.33304418 14836.73894969
0.05900000 1389112.25703424 17502.81525611
0.06000000 1381081.45763475 15164.27511329
0.06100000 1372965.17798973 15322.29210240
0.06200000 1364765.46958157 15476.44114848
0.06300000 1356485.63342699 15626.71522771
0.06400000 1348123.99468204 15773.05147543
0.06500000 1339686.85385006 14589.19052088
0.06600000 1331175.50260602 14716.14586986
0.06700000 1322590.78520631 17537.55463257
0.06800000 1313936.16311085 19038.93589467
0.06900000 1305214.76459878 13704.75566993
0.07000000 1296426.25845490 16568.32835892
0.07100000 1287574.42959073 16686.96538908
0.07200000 1278661.39096695 15401.47717571
0.07300000 1269689.93111953 25368.40601242
0.07400000 1260662.30291122 18437.18704412
0.07500000 1251579.91692839 17121.61406611
0.07600000 1242444.02450046 15785.25207130
0.07700000 1233259.94207941 17314.97039867
0.07800000 1224027.76052091 15955.20260663
0.07900000 1214749.55211238 14576.99530906
0.08000000 1205429.46349478 17575.16240222
0.08100000 1196068.16020826 30894.44202769
0.08200000 1186667.60823019 16251.41365731
0.08300000 1177231.40704529 20766.36299489
0.08400000 1167760.85132067 19355.63701917
0.08500000 1158258.43926403 14941.53456794
0.08600000 1148726.10800724 14990.87641334
0.08700000 1139167.35927862 18044.41181830
0.08800000 1129581.77485202 21111.88436348
0.08900000 1119975.13907839 18143.59810527
0.09000000 1110346.59516630 27281.21712478
0.09100000 1100699.07687186 16708.61277191
0.09200000 1091034.57171508 18263.91958867
0.09300000 1081358.42712347 18296.58544673
0.09400000 1071666.63650285 18325.50034545
0.09500000 1061965.52318502 16821.53467791
0.09600000 1052255.80874316 18372.38728430
0.09700000 1042542.11591361 16857.90680686
0.09800000 1032824.10924151 16871.18261770
0.09900000 1023104.76050570 19950.54376799
0.10000000 1013384.60484080 24564.44397654
0.10100000 1003666.31285765 18427.31437074
0.10200000 993952.52051965 32248.79104512
0.10300000 984244.32781680 16889.63345984
0.10400000 974545.01810398 15349.08475724
0.10500000 964857.23521834 26080.09229500
0.10600001 955178.05799995 16863.66940748
0.10700001 945514.84556570 19912.54358465
0.10800001 935866.33829352 18361.69842145
0.10900001 926236.42152273 29037.51318141
0.11000001 916624.78548498 15261.80339669
0.11100001 907034.38113791 22857.26748064
0.11200001 897466.71891812 21296.88624252
0.11300001 887923.25690149 21256.88377101
0.11400001 878406.72715489 16667.76843256
0.11500001 868918.21308491 18143.01314353
0.11600001 859459.01918169 27150.31169450
0.11700001 850031.98496399 21063.79357941
0.11800001 840635.93880616 22508.02832162
0.11900001 831274.25953432 19451.81858932
0.12000001 821947.66648944 19393.85610436
0.12100001 812660.61958690 16358.85904292
0.12200001 803411.44320722 16305.23600805
0.12300001 794202.85461725 22158.26068779
0.12400001 785035.25754037 20607.17648139
0.12500001 775909.77997108 16131.16508571
0.12600001 766830.81075403 16068.94039657
0.12700001 757796.49973729 16004.66282869
0.12800001 748809.01667889 17387.34618674
0.12900001 739870.05105628 23083.94668095
0.13000001 730981.02490508 17236.53337970
0.13100001 722141.80652473 20017.77182046
0.13200001 713354.43943278 17077.70608507
0.13300001 704620.42502815 24076.88105827
0.13400001 695939.88557579 18320.61835152
0.13500001 687315.20780167 23836.09253039
0.13600001 678746.17111627 16737.88136893
0.13700001 670234.70717707 15261.24500204
0.13800001 661779.81600211 19317.35374003
0.13900001 653385.39820047 13721.09400927
0.14000001 645049.76739498 16371.36386857
0.14100001 636776.22588681 16276.00110129
0.14200001 628563.60773822 13482.69002190
0.14300001 620414.25680020 14741.04343687
0.14400001 612325.46910649 15981.69549753
0.14500001 604303.07691430 17204.50941132
0.14600001 596344.68649534 19724.10143630
0.14700001 588452.68425592 14370.01522746
0.14800001 580624.25233117 12976.95265184
0.14900001 572863.64238180 19334.14884259
0.15000001 565169.90079145 15361.31862830
0.15100001 557543.53451681 16525.59114284
0.15200001 549986.66015203 12622.19444609
0.15300001 542498.05219070 15038.04671636
0.15400001 535077.13641085 13684.59840950
0.15500001 527727.26213388 12348.81851671
0.15600001 520445.56537576 15933.44173596
0.15700001 513237.06989865 12163.71913069
0.15800001 506096.15125095 12070.39377704
0.15900001 499028.38490516 14372.01816364
0.16000001 492029.45008477 16635.51649260
0.16100001 485104.37971800 14145.64438031
0.16200001 478250.47846652 12862.54722555
0.16300001 471467.90670324 18556.97768387
0.16400001 464757.88833326 17254.13741893
0.16500001 458119.33771457 13688.60645717
0.16600001 451553.47083305 12442.55647626
0.16700001 445059.47817061 12337.04931738
0.16800001 438638.05294938 14455.31771747
0.16900001 432289.87807652 13228.07089375
0.17000001 426012.89131347 13112.67741381
0.17100001 419809.04495371 15163.50341977
0.17200001 413677.44376747 15028.90224178
0.17300001 407617.88770463 14894.35832011
0.17400001 401631.68233192 10542.83215911
0.17500001 395716.30145795 12536.29302225
0.17600001 389871.52809533 12421.30747176
0.17700001 384101.68694945 15383.27328889
0.17800001 378401.43390108 12192.09477615
0.17900001 372772.51550007 14090.80175146
0.18000001 367215.71518339 10966.89785197
0.18100001 361730.54854851 10862.76888603
0.18200001 356313.91616221 14671.22619102
0.18300001 350968.11905783 10655.39259795
0.18400001 345692.79276197 9592.97545232
0.18500001 340487.25852319 9499.59496158
0.18600001 335351.42033629 10347.26856332
0.18700001 330283.88624504 11176.80723858
0.18800001 325283.77831469 13832.69332637
0.18900001 320355.16015130 12782.17149396
0.19000001 315490.27787367 9038.79688815
0.19100001 310695.70136392 9842.84028428
0.19200001 305966.31363636 13286.58779747
0.19300001 301305.34193040 9644.78445093
0.19400001 296708.56849825 9546.59864254
0.19500001 292178.15827932 13744.06121494
0.19600001 287711.74079445 9352.07057647
0.19700001 283311.55274037 14304.40097385
0.19800001 278974.06161688 11658.32658593
0.19900001 274700.54747100 8241.01681360
0.20000001 270488.34634333 12232.83604151
0.20100001 266340.38328135 9684.13679380
0.20200001 262252.76362247 13575.51495054
0.20300001 258226.85255411 7901.74206163
0.20400001 254262.28470334 11727.84843627
0.20500001 250356.54627054 9283.22117450
0.20600001 246509.85496348 12246.61017346
0.20700001 242722.79342451 9087.54181537
0.20800001 238992.89421021 9740.15586396
0.20900001 235323.19423866 8153.94906582
0.21000001 231707.30476295 7333.53654242
0.21100001 228149.21913035 10157.20371585
0.21200001 224645.42576319 11483.87470791
0.21300001 221196.90047127 10650.63126121
0.21400001 217802.88958843 11941.04398622
0.21500001 214463.64213635 9033.20903385
0.21600001 211175.61378415 8935.89651975
0.21700001 207940.65345337 9519.52356517
0.21800001 204757.37128334 10089.41994702
0.21900001 201624.45737502 11976.49333434
0.22000001 198541.16356030 8556.13184819
0.22100001 195509.02481421 8463.58608440
0.22200001 192525.17889486 6439.96753854
0.22300001 189589.16119830 8281.25495272
0.22400001 186700.27983015 7561.36169067
0.22500001 183860.46364507 8726.01801722
0.22600001 181064.83770469 7398.30961847
0.22700001 178315.69623264 6098.39709954
0.22800001 175611.12535215 8445.13941756
0.22900001 172949.85051574 7756.80116246
0.23000001 170332.95796279 8262.85218154
0.23100001 167759.97437774 5838.04738444
0.23200001 165227.36048835 8662.04478326
0.23300001 162737.48344359 8568.12890853
0.23400001 160287.60767570 8475.20765669
0.23500001 157877.66296611 5588.86953333
0.23600001 155507.69634024 7739.61841291
0.23700001 153176.96590183 6015.25973547
0.23800001 150883.92577682 7572.86459293
0.23900001 148628.67982800 8561.01236302
0.24000001 146409.86326556 5292.71680740
0.24100001 144228.59634409 7329.69761291
0.24200001 142082.89187492 6732.59814996
0.24300001 139971.77719604 5635.26401648
0.24400001 137895.43913439 7094.72067907
0.24500001 135852.15627764 6015.53376454
0.24600001 133842.86383904 5950.65400778
0.24700001 131866.46752021 5395.97610619
0.24800001 129921.96408230 6793.61982325
0.24900001 128007.87565576 4800.29556418
0.25000001 126126.12437075 4748.64880721
0.25100001 124273.66153771 5167.29909120
0.25200001 122452.93473884 5111.79800251
0.25300001 120659.98281527 5056.86011903
0.25400001 118896.82846559 5457.36468477
0.25500001 117160.20572971 7198.32338060
0.25600001 115452.60151366 4895.76779882
0.25700001 113771.17114955 7044.71125089
0.25800001 112116.65074993 4791.30529649
0.25900001 110488.87797602 5601.78637843
0.26000001 108886.14190831 5115.47118889
0.26100001 107307.87244650 6747.51933870
0.26200001 105755.90507035 5006.48478292
0.26300001 104226.39744307 4127.36553404
0.26400001 102721.88930604 4491.51482244
0.26500001 101240.16646086 4847.37939952
0.26600001 99781.02437986  4395.85323706
0.26700001 98344.51842548  5139.48477612
0.26800001 96930.34062414  4693.36731512
0.26900001 95536.91398146  3869.24519935
0.27000001 94165.17857497  6124.50350434
0.27100001 92813.84465163  3786.80504099
0.27200001 91483.53185084  3746.25080658
0.27300001 90172.96484521  4447.33083663
0.27400001 88880.55075485  4032.95518136
0.27500001 87609.51819563  4352.44106994
0.27600001 86354.92225306  5382.07078413
0.27700001 85120.75457972  4614.39632415
0.27800001 83903.67615114  3862.50591442
0.27900001 82704.93668086  4168.32900599
0.28000001 81523.17091759  3779.82199849
0.28100001 80358.80325077  3399.17753839
0.28200001 79211.65133777  4035.04171012
0.28300001 78080.92290114  3658.87222032
0.28400001 76965.75822209  4606.40084762
0.28500001 75867.21104863  5207.52561286
0.28600001 74784.15912662  4185.29566362
0.28700001 73717.14392214  3503.03884499
0.28800001 72663.70514355  3464.96894378
0.28900001 71626.92230350  4050.50264799
0.29000001 70604.02627507  3698.23907134
0.29100001 69596.14919353  3657.97377476
0.29200001 68601.97895687  3919.57425324
0.29300001 67622.08220290  2982.13396631
0.29400001 66655.22160512  4719.18991303
0.29500001 65703.34006962  3208.95128090
0.29600001 64763.30400892  2885.20533018
0.29700001 63837.21791457  3424.22853103
0.29800001 62924.00664441  2822.14183160
0.29900001 62023.97261909  3349.29467998
0.30000001 61135.64782759  3864.38448212
0.30100001 60260.80377772  2729.81454036
0.30200001 59397.17224006  4319.36256978
0.30300001 58546.56701232  3737.61301501
0.30400001 57707.51361780  3696.16642220
0.30500001 56880.82998787  5482.74346210
0.30600001 56064.58367338  4647.19356070
0.30700001 55260.85764032  2553.05174385
0.30800001 54468.10419282  2777.05642375
0.30900001 53687.00769800  2746.09057376
0.31000001 52916.85314367  3209.14271083
0.31100001 52157.35096828  3173.25338315
0.31200001 51409.72650054  2655.05545083
0.31300001 50671.98713731  2625.31577788
0.31400001 49946.50931221  2359.97267674
0.31500001 49230.11833440  3500.26157930
0.31600002 48525.61070754  2999.61076791
0.31700002 47830.50465765  3422.27277029
0.31800002 47145.83674136  2707.11407387
0.31900002 46472.02684035  3122.92035154
0.32000002 45808.49826348  2426.24722541
0.32100002 45154.62852126  2617.16239301
0.32200002 44511.85866755  2372.25962001
0.32300002 43877.27760770  2558.92295125
0.32400002 43253.88614421  2108.62704938
0.32500002 42640.14266009  2502.12368977
0.32600002 42036.33069520  3505.19960100
0.32700002 41442.13147678  2242.84826173
0.32800002 40858.63600483  3226.19805171
0.32900002 40282.67879781  2592.19050339
0.33000002 39717.81196133  2563.58629444
0.33100002 39161.51216542  3315.41377692
0.33200002 38616.10313127  2700.42421985
0.33300002 38079.22436492  3052.43076964
0.33400002 37552.44512228  2830.51568513
0.33500002 37034.55024104  2239.84970465
0.33600002 36525.58755473  2400.27909983
0.33700002 36026.02196558  2009.17134017
0.33800002 35536.35699521  2168.42860654
0.33900002 35055.10005970  1966.59120648
0.34000002 34583.13472177  1768.92742479
0.34100002 34120.24108545  2450.51583081
0.34200002 33667.32943912  2598.27627252
0.34300002 33222.55657017  2057.14080025
0.34400002 32787.51568117  2036.10482023
0.34500002 32360.87671122  2015.43549703
0.34600002 31943.85087218  2826.55177829
0.34700002 31534.53151762  1810.71288550
0.34800002 31134.93188679  2444.87064220
0.34900002 30743.71371078  1775.44955089
0.35000002 30361.63482717  2237.95620910
0.35100002 29988.84202418  1741.75202726
0.35200002 29623.16436406  2039.11061558
0.35300002 29267.44569873  1864.92172825
0.35400002 28919.80190461  1847.97542923
0.35500002 28581.08936183  2289.34536632
0.35600002 28250.25116940  1512.80102177
0.35700002 27927.98092106  1949.65244044
0.35800002 27614.39274968  1933.14565601
0.35900002 27309.74870795  2064.61710011
0.36000002 27013.06379536  2194.13621071
0.36100002 26724.11492575  1596.23146012
0.36200002 26444.83803626  2303.87439885
0.36300002 26172.42410244  1857.71875079
0.36400002 25908.66391041  1702.19929954
0.36500002 25652.22127318  2112.46052191
0.36600002 25404.68613323  1957.93925303
0.36700002 25164.56955931  1944.71802766
0.36800002 24933.15292522  1656.06009574
0.36900002 24709.40175928  1645.64623512
0.37000002 24492.87314092  1771.93699132
0.37100002 24284.04655597  1626.05983441
0.37200002 24083.58556610  1751.71967913
0.37300002 23890.33483758  2144.39655660
0.37400002 23704.45267599  1466.71307881
0.37500002 23526.33706244  1592.26256781
0.37600002 23355.81358533  1717.00271706
0.37700002 23192.21551530  2103.99789122
0.37800002 23036.07977818  1440.56131717
0.37900002 22887.84332541  1826.44998389
0.38000002 22745.87028693  1689.90451302
0.38100002 22610.35768272  1425.13091226
0.38200002 22483.06228177  1679.14758606
0.38300002 22361.63212739  1416.83307871
0.38400002 22247.61983472  1670.24013822
0.38500002 22139.64778850  1281.88566768
0.38600002 22039.31077133  1663.19666615
0.38700002 21944.55509521  1404.89048375
0.38800002 21856.30771557  1402.84717718
0.38900002 21774.49578544  1528.56967655
0.39000002 21699.53230635  1527.21315607
0.39100002 21629.78353595  1653.38073182
0.39200002 21566.69327956  1525.62795488
0.39300002 21509.14026967  1398.30927518
0.39400002 21458.61146337  1907.13418416
0.39500002 21412.66575974  1907.86860958
0.39600002 21372.61260204  1400.01305483
0.39700002 21337.52576454  1910.77552274
0.39800002 21309.08234168  1657.95323015
0.39900002 21284.94208961  1787.93522024
0.40000002 21266.54240815  1662.93736239
0.40100002 21252.85876709  1409.70218881
0.40200002 21244.68558334  2054.78608698
0.40300002 21241.14518359  1930.82018867
0.40400002 21242.37810031  1290.47453074
0.40500002 21248.01069566  1811.60547775
0.40600002 21259.18491739  1946.80995105
0.40700002 21274.16662730  1692.57277706
0.40800002 21293.41592585  1436.98624184
0.40900002 21316.49215366  1442.06076252
0.41000002 21344.49137642  2105.42072913
0.41100002 21376.13250521  1453.14955656
0.41200002 21410.85421093  1326.40248122
0.41300002 21450.77724225  1731.72132882
0.41400002 21493.48318636  1337.96939175
0.41500002 21539.77188057  1747.30637774
0.41600002 21588.57897351  1755.47538241
0.41700002 21642.08626059  1492.65476012
0.41800002 21699.04170156  1636.54180268
0.41900002 21757.28438700  2193.13437013
0.42000002 21819.10365069  1791.23939908
0.42100002 21884.37111860  2216.44921192
0.42200002 21952.07294622  1532.14500388
0.42300002 22021.87932397  1820.76906878
0.42400002 22094.13557744  1690.20145177
0.42500002 22169.21835303  2266.58099182
0.42600002 22245.32933501  1709.77609371
0.42700002 22324.73261435  1576.57269193
0.42800002 22405.41955296  1874.32546152
0.42900002 22488.80003406  1450.52767093
0.43000002 22573.58684824  1459.38245890
0.43100002 22658.68358345  1761.93931894
0.43200002 22746.59810448  1920.60910197
0.43300002 22835.04011941  2378.49789155
0.43400002 22925.43849520  1645.47342597
0.43500002 23016.24036126  1655.78841005
0.43600002 23108.90305892  1666.26753403
0.43700002 23201.82597702  2438.97606228
0.43800002 23295.06365299  1687.37801567
0.43900002 23390.17177706  2161.25197462
0.44000002 23485.03028713  2019.59527525
0.44100002 23580.77527790  1719.74602252
0.44200002 23676.69856939  2517.30671119
0.44300002 23773.08692997  1583.28766457
0.44400002 23869.40996027  2389.92478553
0.44500002 23965.32525985  1923.93640304
0.44600002 24061.10455666  2097.28627807
0.44700002 24157.77744631  2272.76380986
0.44800002 24253.06281433  2123.47701534
0.44900002 24348.54093884  2465.28988689
0.45000002 24444.03057346  1653.63874666
0.45100002 24537.90084417  1996.40370730
0.45200002 24631.71680019  2008.47028307
0.45300002 24724.40690207  1852.10540881
0.45400002 24816.47878123  1693.72475709
0.45500002 24907.93509442  2044.44340944
0.45600002 24997.88983717  1884.96597251
0.45700002 25087.17108791  2412.88422959
0.45800002 25174.85888702  2253.27585147
0.45900002 25261.31050475  3137.45491339
0.46000002 25346.91524486  1752.73927225
0.46100002 25430.28531330  1938.55074131
0.46200002 25512.85531018  2126.24146232
0.46300002 25593.69357007  1959.45327259
0.46400002 25672.33058410  2148.77417173
0.46500002 25750.47962181  2339.94619414
0.46600002 25825.74969756  2532.73139288
0.46700002 25899.23981752  2545.37740991
0.46800002 25971.55792016  2557.93886079
0.46900002 26041.20569866  1835.90508877
0.47000002 26108.98058345  3320.27921817
0.47100002 26174.85176148  2038.49755180
0.47200002 26238.76176228  2233.96828232
0.47300002 26300.29256893  1869.95089028
0.47400002 26359.06593684  2253.70024442
0.47500002 26416.05624944  2829.15975841
0.47600002 26471.41408167  2272.83572078
0.47700002 26523.17739335  1901.71190924
0.47800002 26572.73422488  2672.95146237
0.47900002 26620.77006998  3066.71285742
0.48000002 26665.31371877  2116.29272360
0.48100002 26708.77708843  2703.46254503
0.48200002 26747.54625048  2906.78972655
0.48300002 26784.50055724  3305.74321546
0.48400002 26819.42494733  2146.22458314
0.48500002 26851.26659122  2153.20317001
0.48600002 26880.90027377  2356.37982969
0.48700002 26907.66904699  2363.56976112
0.48800002 26931.36760666  2568.04067986
0.48900002 26952.51869805  2575.31328367
0.49000002 26970.96091411  1986.41136548
0.49100002 26987.64703935  2390.02613509
0.49200002 27000.07803101  2795.31821105
0.49300002 27010.53821874  3602.66575839
0.49400002 27017.64206521  2607.87802396
0.49500002 27022.50113099  2412.56901534
0.49600002 27024.66440965  2014.68882724
0.49700002 27023.74023758  2624.27553887
0.49800002 27020.36737207  2831.46443114
0.49900002 27013.70472062  2026.02795008
0.50000002 27004.84000239  2232.35520462
