# SAXS profile: number of points = 501, q_min = 0, q_max = 0.5, delta_q = 0.001
#    q    intensity    error
0.00000000 1646666.22097351 246.99993315
0.00100000 1646585.56343360 642.16838499
0.00200000 1646343.51917315 963.11098921
0.00300000 1645940.31670055 1283.83349276
0.00400000 1645375.83153435 1480.83830465
0.00500000 1644650.54040831 2072.25976294
0.00600000 1643764.38342255 1898.54794015
0.00700000 1642717.91329556 1971.26157788
0.00800000 1641510.89606481 2437.64378357
0.00900000 1640144.63971750 2706.23877122
0.01000000 1638618.46912414 2974.09264988
0.01100000 1636933.66006569 3830.42493133
0.01200000 1635090.12141566 3826.11105186
0.01300000 1633089.02127850 3772.43580554
0.01400000 1630930.32710017 4403.51207838
0.01500000 1628615.51759282 4690.41289953
0.01600000 1626143.99218207 6220.00104815
0.01700000 1623517.95095401 5698.54826348
0.01800000 1620737.24588441 6466.74190207
0.01900000 1617802.68440008 5824.08992664
0.02000000 1614715.44606339 7120.89543926
0.02100000 1611477.39562179 7976.81346998
0.02200000 1608087.02902853 7767.06070308
0.02300000 1604547.85724802 5776.37254902
0.02400000 1600859.04536748 7804.18820202
0.02500000 1597023.32740579 6228.39126134
0.02600000 1593040.61986199 8387.35924720
0.02700000 1588913.13158169 6673.43545829
0.02800000 1584640.55493501 8961.14274911
0.02900000 1580225.43612921 9955.42070471
0.03000000 1575669.17629140 11722.97921046
0.03100000 1570972.03777189 7540.66612827
0.03200000 1566135.33340590 12403.79241187
0.03300000 1561163.05986666 7961.93197237
0.03400000 1556053.44396485 8169.28095775
0.03500000 1550809.37672656 9211.80812314
0.03600000 1545432.19471245 11150.29380015
0.03700000 1539923.58884397 11410.83432106
0.03800000 1534285.29329433 10770.68325739
0.03900000 1528519.18741301 10088.22710411
0.04000000 1522625.11321154 18728.28976035
0.04100000 1516607.09684195 12421.01269906
0.04200000 1510465.82456399 13639.50702859
0.04300000 1504202.35992314 13898.83045085
0.04400000 1497820.14433071 13143.37237691
0.04500000 1491320.36505083 14406.15539577
0.04600000 1484703.10058306 16747.45175311
0.04700000 1477972.78366633 11705.54499104
0.04800000 1471129.48185279 11894.08241419
0.04900000 1464177.08494577 12079.46151307
0.05000000 1457115.06289697 13376.31690028
0.05100000 1449948.18657418 16964.39457319
0.05200000 1442674.34797921 11469.26160092
0.05300000 1435299.91794840 12788.52286509
0.05400000 1427824.80112535 18847.28825378
0.05500000 1420251.21793512 13123.12186590
0.05600000 1412580.43866860 15700.83230847
0.05700000 1404817.49431346 12221.91277103
0.05800000 1396961.53401956 16072.04319934
0.05900000 1389014.59224926 17501.58467977
0.06000000 1380981.01157234 15163.17221547
0.06100000 1372861.75824694 16597.89943285
0.06200000 1364658.83805253 15475.23194688
0.06300000 1356376.00228649 14323.33125384
0.06400000 1348011.37111851 22343.28952121
0.06500000 1339571.16733610 21218.80828317
0.06600000 1331056.64571026 18727.96788140
0.06700000 1322468.78473066 16187.01868264
0.06800000 1313811.17571970 14957.74093573
0.06900000 1305086.45432492 23295.79430038
0.07000000 1296294.90045664 22088.86613817
0.07100000 1287440.05813839 15294.78860706
0.07200000 1278523.82793650 16799.80388610
0.07300000 1269549.23734381 15501.19691429
0.07400000 1260518.25276091 19853.16341139
0.07500000 1251432.57970609 15692.96528508
0.07600000 1242293.68863306 15783.34205402
0.07700000 1233106.38127676 15870.07987116
0.07800000 1223870.91139833 27555.45486238
0.07900000 1214589.47936664 18947.59676683
0.08000000 1205266.22633519 16108.38387063
0.08100000 1195901.84738045 20593.43077810
0.08200000 1186498.07509469 14771.90172810
0.08300000 1177058.65736537 16314.03375673
0.08400000 1167584.87445647 19352.72020251
0.08500000 1158079.36946367 14939.22456741
0.08600000 1148543.72873254 19485.04527280
0.08700000 1138981.76813837 21048.38406358
0.08800000 1129392.98019648 16585.13669309
0.08900000 1119783.12800304 16628.78023189
0.09000000 1110151.32417844 18184.27954426
0.09100000 1100500.91168629 16705.60462425
0.09200000 1090833.36015679 18260.55130703
0.09300000 1081153.72483859 18293.12188390
0.09400000 1071459.09543235 18321.95139298
0.09500000 1061754.83920424 18347.12448381
0.09600000 1052042.16480841 15307.21421752
0.09700000 1042325.35554383 16854.40179152
0.09800000 1032604.28064148 18401.00914620
0.09900000 1022881.94169257 15343.22984687
0.10000000 1013158.79584563 16884.29212679
0.10100000 1003437.54996765 21493.63333119
0.10200000 993720.83854517 18423.58521320
0.10300000 984009.83071834 18420.66489757
0.10400000 974307.62427097 16879.88038461
0.10500000 964616.98000263 19938.63391475
0.10600001 954934.88799323 15326.70567347
0.10700001 945269.04292233 19907.36698074
0.10800001 935617.74832969 16827.08599562
0.10900001 925985.19654744 15278.75646214
0.11000001 916370.72842658 16783.33068112
0.11100001 906777.65934674 16757.25193355
0.11200001 897207.35198608 16728.43186531
0.11300001 887661.33782970 19732.71246899
0.11400001 878142.28530043 16662.75064813
0.11500001 868651.31201395 16625.98689483
0.11600001 859189.65574458 19602.41291892
0.11700001 849760.12400666 15040.75490326
0.11800001 840361.91280530 18000.55302009
0.11900001 830997.86805896 19445.35102849
0.12000001 821668.83810480 17895.94813691
0.12100001 812379.73345910 20813.16975169
0.12200001 803128.01409591 17781.25506978
0.12300001 793917.53033722 20673.61346401
0.12400001 784747.78259029 14714.02161686
0.12500001 775620.36251081 19056.99320487
0.12600001 766539.34014147 20443.60516495
0.12700001 757503.19960094 20361.68696485
0.12800001 748513.73937809 15932.11569353
0.12900001 739573.10777204 18748.17916566
0.13000001 730682.15858045 15793.69560215
0.13100001 721841.25740566 25726.42362662
0.13200001 713052.24948752 17070.47165744
0.13300001 704316.63338250 18403.79449789
0.13400001 695634.27894378 16903.91377528
0.13500001 687008.15013551 16817.96030825
0.13600001 678437.93510271 15336.09024611
0.13700001 669925.00718204 16640.93796308
0.13800001 661468.74925679 19308.27370130
0.13900001 653072.83411722 13714.53016321
0.14000001 644736.30394138 16363.40816574
0.14100001 636461.50859375 14912.29384966
0.14200001 628247.80801083 13475.91611743
0.14300001 620097.43032494 16072.92615214
0.14400001 612007.69197366 14642.28472114
0.14500001 603984.58162511 15872.71555386
0.14600001 596025.38484411 14456.59639137
0.14700001 588132.60843277 14362.19897549
0.14800001 580303.32755966 15563.73597943
0.14900001 572542.18832215 14170.41982954
0.15000001 564847.65477283 14073.17998268
0.15100001 557220.87945658 13975.10031619
0.15200001 549663.47851162 16399.21065522
0.15300001 542174.59047527 13776.65699408
0.15400001 534753.29203419 17406.22047713
0.15500001 527403.10311037 14809.47983424
0.15600001 520121.35888805 13473.74443789
0.15700001 512912.93493648 14587.24455807
0.15800001 505771.77181639 18093.98599074
0.15900001 498704.18259756 14362.68113674
0.16000001 491705.04086115 14249.61275677
0.16100001 484780.31646487 20026.27581849
0.16200001 477926.41390593 16359.42192026
0.16300001 471144.25074798 12749.16402710
0.16400001 464434.64594308 13793.70963570
0.16500001 457796.39130090 15958.78295418
0.16600001 451230.95128504 11303.33586336
0.16700001 444737.52658541 13448.86343893
0.16800001 438316.85917776 12222.46619527
0.16900001 431969.52086497 14319.79029283
0.17000001 425693.33147942 12010.93791484
0.17100001 419490.07692442 18398.83564272
0.17200001 413359.49867291 13944.68334624
0.17300001 407300.75367500 12756.66020753
0.17400001 401315.61284503 13694.89593509
0.17500001 395401.15502291 12526.30918271
0.17600001 389557.77124990 10342.75931516
0.17700001 383789.01829954 12296.60072709
0.17800001 378089.95560812 11166.88736632
0.17900001 372462.43794856 13073.43218950
0.18000001 366907.22137914 17930.75675576
0.18100001 361423.35554013 10853.54387955
0.18200001 356008.16487765 9772.42458752
0.18300001 350664.13492318 10646.16363919
0.18400001 345390.27191325 10543.03854821
0.18500001 340186.54648350 14236.80764291
0.18600001 335052.44168460 12217.68786323
0.18700001 329986.83193676 13958.44365039
0.18800001 324988.40455506 11977.44821576
0.18900001 320061.89742630 9121.76450763
0.19000001 315199.02401755 11739.58820421
0.19100001 310406.47026091 11621.61879569
0.19200001 305679.25754038 9734.35641634
0.19300001 301020.50276044 10511.63645310
0.19400001 296425.96921456 10404.55201109
0.19500001 291897.64058229 12014.50745411
0.19600001 287433.61264072 11891.12911688
0.19700001 283035.79550837 8406.16352385
0.19800001 278700.71631502 8319.21677516
0.19900001 274429.70671036 9056.18074944
0.20000001 270220.21593011 13035.42383254
0.20100001 266074.79616796 9674.48004591
0.20200001 261989.77035203 9573.10666112
0.20300001 257966.62647634 9472.53497193
0.20400001 254004.60396751 10934.89871765
0.20500001 250101.71155244 12365.02920361
0.20600001 246258.08851354 9175.57681173
0.20700001 242473.74297429 8321.69925224
0.20800001 238746.70198031 8233.18040697
0.20900001 235080.06101266 8145.52449914
0.21000001 231467.15588615 10256.31016216
0.21100001 227912.15328439 7972.36749877
0.21200001 224411.60220434 8603.94123526
0.21300001 220966.10384644 12058.12085695
0.21400001 217575.24018236 9823.52255866
0.21500001 214239.10592035 9717.88630398
0.21600001 210954.35144703 8239.87735709
0.21700001 207722.58287616 10188.79317180
0.21800001 204542.61707738 7391.14781755
0.21900001 201412.97117342 9305.27970818
0.22000001 198332.96856312 8547.15968436
0.22100001 195304.37996497 10405.81785656
0.22200001 192323.88694447 10293.17491597
0.22300001 189391.52051882 7636.26646840
0.22400001 186506.02712474 6924.03658442
0.22500001 183669.73292694 6849.04466472
0.22600001 180877.52828794 8622.43218123
0.22700001 178132.03310011 6701.32740213
0.22800001 175430.91377333 8436.47304232
0.22900001 172773.31831229 8344.95166912
0.23000001 170160.01949572 7075.25394523
0.23100001 167590.72025896 6415.37307491
0.23200001 165061.66014445 8653.35794232
0.23300001 162575.46261699 6847.67880929
0.23400001 160129.30225379 9031.29307425
0.23500001 157722.96766437 7258.41131521
0.23600001 155356.78433098 7179.81412744
0.23700001 153029.73620765 7648.42657741
0.23800001 150740.36272329 7025.25493700
0.23900001 148488.83685601 5345.59837966
0.24000001 146273.78791104 5816.57745141
0.24100001 144096.25129475 8369.11067107
0.24200001 141954.35190230 6209.08364591
0.24300001 139846.92365011 6653.91694202
0.24400001 137774.29413176 5063.20554885
0.24500001 135734.89825788 5509.47978091
0.24600001 133729.20318727 6441.06737621
0.24700001 131756.61484368 6371.75019526
0.24800001 129815.88234864 7272.93515264
0.24900001 127905.55842737 6235.39626831
0.25000001 126027.41415756 7117.39855126
0.25100001 124178.80965997 6102.14699538
0.25200001 122361.73363927 5107.99081243
0.25300001 120572.54063580 4593.81401556
0.25400001 118812.99936954 6816.89616134
0.25500001 117080.17103554 10790.10907314
0.25600001 115376.18649750 5782.07785989
0.25700001 113698.51803699 8360.25242681
0.25800001 112047.59358843 4353.04921687
0.25900001 110423.45451049 6459.77239451
0.26000001 108824.38005061 5538.61708474
0.26100001 107249.72339547 5900.88006043
0.26200001 105701.30844475 4169.91681545
0.26300001 104175.32226169 5362.94584379
0.26400001 102674.26278449 4897.56256656
0.26500001 101196.17732756 4037.72766643
0.26600001 99740.60606736  4793.53375443
0.26700001 98307.54909172  4347.16002654
0.26800001 96896.72413906  4300.76130443
0.26900001 95506.75718105  5415.23338842
0.27000001 94138.44768001  3826.72807928
0.27100001 92790.46088907  6057.36157349
0.27200001 91463.51444870  5992.68975027
0.27300001 90156.29639704  3705.42395727
0.27400001 88867.13565880  7331.53903881
0.27500001 87599.41605290  4351.93919547
0.27600001 86347.95444147  5022.86074757
0.27700001 85117.01426493  5324.06949424
0.27800001 83903.14961218  3862.48167520
0.27900001 82707.43223700  4168.45478203
0.28000001 81528.77623115  3780.08188886
0.28100001 80367.43396470  3739.49687936
0.28200001 79223.33903941  4708.24326195
0.28300001 78095.39883319  3659.55056253
0.28400001 76983.27838330  4607.44942931
0.28500001 75887.67886938  3581.13973535
0.28600001 74807.42530702  3542.50579309
0.28700001 73743.21719391  4141.41927363
0.28800001 72692.57458123  5987.32418878
0.28900001 71658.54301596  3428.86144561
0.29000001 70638.31787452  5241.71662599
0.29100001 69633.06455102  3354.92120887
0.29200001 68641.44055166  3921.82889156
0.29300001 67664.10864596  4177.58226555
0.29400001 66699.77786730  4427.19796551
0.29500001 65750.31689744  3795.10847097
0.29600001 64812.68229165  3176.14564605
0.29700001 63888.95683127  3141.42015610
0.29800001 62978.09293440  3954.39464255
0.29900001 62080.31590953  3072.97578299
0.30000001 61194.17191706  3039.20869214
0.30100001 60321.53618028  3552.33543382
0.30200001 59460.03710991  3783.44234041
0.30300001 58611.42889597  2939.94941260
0.30400001 57774.46269114  3964.77268988
0.30500001 56949.73527818  3659.59016223
0.30600001 56135.44617936  2843.54116084
0.30700001 55333.54180755  2812.05072779
0.30800001 54542.68643633  3033.66436321
0.30900001 53763.26537323  3249.98954568
0.31000001 52994.90437168  2966.65488718
0.31100001 52237.04939879  2689.16343037
0.31200001 51490.99515681  4593.25444043
0.31300001 50754.87614326  2868.66573544
0.31400001 50030.87104581  2836.75052261
0.31500001 49315.93105188  2805.09029104
0.31600002 48612.76714627  2542.69090598
0.31700002 47919.14588205  2514.31770348
0.31800002 47235.71711119  2486.25208787
0.31900002 46563.20152384  2905.54391266
0.32000002 45900.91694685  3315.19388346
0.32100002 45248.16436652  2622.58373086
0.32200002 44606.47765481  2377.30233918
0.32300002 43972.95784857  2991.92019369
0.32400002 43350.52458086  3381.34107742
0.32500002 42737.74681540  3970.76424464
0.32600002 42134.75594305  2480.05185224
0.32700002 41541.50766330  3270.14763811
0.32800002 40958.71519914  2021.31269079
0.32900002 40383.54283315  1998.98546490
0.33000002 39819.49132483  2174.74162169
0.33100002 39263.73134697  1955.33391367
0.33200002 38718.89297164  2127.40967507
0.33300002 38182.64254426  2678.13067488
0.33400002 37656.32128403  2270.67628096
0.33500002 37138.83166701  3556.41468885
0.33600002 36630.34274733  2221.99669628
0.33700002 36130.97911634  2015.02480074
0.33800002 35641.76787891  1993.62238072
0.33900002 35160.72572807  2689.79564558
0.34000002 34688.98319433  1774.34157442
0.34100002 34226.23276355  2106.96698871
0.34200002 33773.46400128  1911.40928567
0.34300002 33328.77002209  1891.74107605
0.34400002 32893.79001601  2723.60594231
0.34500002 32467.14308470  1685.04480590
0.34600002 32050.00823556  1835.02330844
0.34700002 31640.64468376  1816.80590379
0.34800002 31240.92969126  1962.55529615
0.34900002 30849.50440086  2429.39858663
0.35000002 30467.15792875  1924.91512911
0.35100002 30094.15533176  1747.86862445
0.35200002 29728.17042780  2675.98138780
0.35300002 29372.08191516  1715.62338592
0.35400002 29024.09849397  1545.53331801
0.35500002 28684.90519972  2297.66101532
0.35600002 28353.70409987  1670.17501911
0.35700002 28030.89222394  1655.78488209
0.35800002 27716.84669230  1641.80749158
0.35900002 27411.60967971  1628.24969210
0.36000002 27114.33624546  2055.53792813
0.36100002 26824.74829317  1602.24229144
0.36200002 26544.83318379  2168.04935298
0.36300002 26271.73886141  1577.88071076
0.36400002 26007.20706798  2420.62091251
0.36500002 25750.05918359  1413.67831614
0.36600002 25501.73258889  1825.03157917
0.36700002 25260.79526809  2231.03354376
0.36800002 25028.59718288  1523.86621166
0.36900002 24804.01550726  1927.27209621
0.37000002 24586.59534467  1641.89291489
0.37100002 24376.75110802  1768.28960914
0.37200002 24175.39503097  2164.18146569
0.37300002 23981.14386323  1614.41068135
0.37400002 23794.33580371  2543.01975949
0.37500002 23615.21870067  1598.27807737
0.37600002 23443.63122765  1458.31114960
0.37700002 23278.99209660  1451.91080584
0.37800002 23121.83082287  2366.05706019
0.37900002 22972.47850240  1309.43133667
0.38000002 22829.47326507  1565.64535069
0.38100002 22692.84682772  1430.33020331
0.38200002 22564.36598535  1555.58746472
0.38300002 22441.86043995  1551.18146709
0.38400002 22326.66211140  1418.30127782
0.38500002 22217.52116643  1672.31289742
0.38600002 22115.98957448  2182.51653455
0.38700002 22019.98266627  1666.03196746
0.38800002 21930.54955320  1407.61238976
0.38900002 21847.53355452  1405.88885084
0.39000002 21771.27484243  1404.57386300
0.39100002 21700.37203578  1403.58012977
0.39200002 21636.06405500  1658.07984741
0.39300002 21577.25261748  2040.34510417
0.39400002 21525.52759835  1530.46508475
0.39500002 21478.13671600  1275.80138137
0.39600002 21436.96938685  1404.22874621
0.39700002 21400.56211815  1533.13634278
0.39800002 21370.78608425  1406.94576852
0.39900002 21345.49082551  2177.24016736
0.40000002 21325.71242843  1411.01582968
0.40100002 21310.77438806  2056.06361037
0.40200002 21301.41592922  1287.67065393
0.40300002 21296.59135354  1806.80289604
0.40400002 21296.57474610  2070.02716340
0.40500002 21300.92368814  1556.67157689
0.40600002 21310.76279646  1951.53319555
0.40700002 21324.51732081  1566.07262624
0.40800002 21342.50542378  2094.98043166
0.40900002 21364.36350641  2365.03515222
0.41000002 21391.09945067  1582.51361234
0.41100002 21421.50470676  1456.23395896
0.41200002 21455.08500125  1860.79961033
0.41300002 21493.76144051  2002.14397305
0.41400002 21535.24169457  1474.62574491
0.41500002 21580.28882251  1750.59311223
0.41600002 21627.92575436  1488.10950204
0.41700002 21680.29330466  1495.28990007
0.41800002 21736.00167662  1502.71854712
0.41900002 21793.14944243  1922.15587190
0.42000002 21853.82873889  1932.09709036
0.42100002 21917.92130440  1803.62582960
0.42200002 21984.52780225  1673.90202618
0.42300002 22053.32946053  2805.18364030
0.42400002 22124.48456792  1410.43595804
0.42500002 22198.46763896  1560.33036428
0.42600002 22273.49939768  1997.26478563
0.42700002 22351.84560180  2008.98397789
0.42800002 22431.50523462  1876.50765932
0.42900002 22513.91413039  1452.14753022
0.43000002 22597.74689896  1753.13328750
0.43100002 22681.81934121  1469.78196296
0.43200002 22768.83595120  1774.60315813
0.43300002 22856.36555957  2083.12925581
0.43400002 22945.76905130  1946.37495201
0.43500002 23035.77635132  1807.84781372
0.43600002 23127.56432377  1819.21429592
0.43700002 23219.64903934  1830.63721701
0.43800002 23311.96680298  1842.11170407
0.43900002 23406.28390496  1853.77777312
0.44000002 23500.31294686  1554.54577510
0.44100002 23595.36156846  2033.68430996
0.44200002 23690.53367892  1731.65964132
0.44300002 23786.15416275  2693.06850193
0.44400002 23881.80808033  1912.93291789
0.44500002 23976.99545551  2566.49771519
0.44600002 24072.13561435  2421.05515415
0.44700002 24168.17223429  2111.33162645
0.44800002 24262.88768992  1960.92667603
0.44900002 24357.75250979  1972.97804680
0.45000002 24452.60617337  1654.21888603
0.45100002 24545.93467553  2496.32167481
0.45200002 24639.19079380  1841.65640316
0.45300002 24731.42950921  2189.47355822
0.45400002 24823.06309780  2202.42637773
0.45500002 24914.00653434  2044.94175325
0.45600002 25003.57105873  2056.79385277
0.45700002 25092.40452330  2068.61792694
0.45800002 25179.74211570  2773.80052293
0.45900002 25265.81811663  2092.00983921
0.46000002 25351.07510638  2103.63231203
0.46100002 25434.12119705  2643.87702374
0.46200002 25516.38762173  2126.53584518
0.46300002 25596.92033470  1959.70031370
0.46400002 25675.36200693  2507.19921881
0.46500002 25753.29360384  2880.24849316
0.46600002 25828.29138223  2171.12627649
0.46700002 25901.60851669  2363.78090527
0.46800002 25973.75502880  2375.42987874
0.46900002 26043.23150458  1836.04790810
0.47000002 26110.89256377  1844.73464706
0.47100002 26176.67315205  1853.30854701
0.47200002 26240.45333163  2234.11230255
0.47300002 26301.97113357  2057.07725986
0.47400002 26360.72794588  2629.48273723
0.47500002 26417.72448646  2074.84817951
0.47600002 26473.01391372  1894.14423531
0.47700002 26524.84497128  2092.01462204
0.47800002 26574.41784027  2291.24641479
0.47900002 26622.50225696  2491.86632936
0.48000002 26667.11663300  2116.43581189
0.48100002 26710.64935780  2317.41604813
0.48200002 26749.57243961  2519.40859964
0.48300002 26786.67338611  1944.71258001
0.48400002 26821.77470787  2341.54104298
0.48500002 26853.75345928  2153.40259197
0.48600002 26883.55364988  2356.61242465
0.48700002 26910.50985316  2560.80423901
0.48800002 26934.45083216  1975.64206219
0.48900002 26955.77977456  2971.87486101
0.49000002 26974.49027852  1986.67130318
0.49100002 26991.41583280  2191.16324117
0.49200002 27004.12925051  2396.34654328
0.49300002 27014.89535247  2402.16460861
0.49400002 27022.28443302  2407.68565711
0.49500002 27027.46681551  2614.09671431
0.49600002 27029.98106316  2418.10222053
0.49700002 27029.35031659  2221.00182079
0.49800002 27026.32338310  2022.92040112
0.49900002 27020.02085906  2229.15182654
0.50000002 27011.51646602  2232.90711451
