# SAXS profile: number of points = 501, q_min = 0, q_max = 0.5, delta_q = 0.001
#    q    intensity    error
0.00000000 1682732.95097188 277.65093691
0.00100000 1682651.03887877 706.71345311
0.00200000 1682405.24774161 908.49886255
0.00300000 1681995.79479734 1614.71602053
0.00400000 1681422.53548899 1891.60042430
0.00500000 1680686.01592759 1966.40271647
0.00600000 1679786.12164701 1940.15304949
0.00700000 1678723.41302282 2215.91499728
0.00800000 1677497.69034474 2491.08417534
0.00900000 1676110.21290866 3268.41505489
0.01000000 1674560.35627123 4420.83953145
0.01100000 1672849.37482448 4215.58060810
0.01200000 1670977.23282763 6190.97091906
0.01300000 1668945.04794107 5607.65560841
0.01400000 1666752.81821040 3750.19400722
0.01500000 1664402.09682287 4394.02173127
0.01600000 1661892.08936893 5085.39002080
0.01700000 1659225.20379619 6271.87155170
0.01800000 1656401.33660732 5192.81842393
0.01900000 1653421.10237088 6448.34259021
0.02000000 1650285.75236758 6238.08042613
0.02100000 1646997.29541571 6522.10958555
0.02200000 1643554.19020232 7371.34087795
0.02300000 1639959.81852332 8265.39786159
0.02400000 1636213.45740297 7976.54096855
0.02500000 1632317.95305287 7639.24836918
0.02600000 1628273.14843044 7913.40786332
0.02700000 1624081.06415221 8185.36893823
0.02800000 1619741.71275162 7750.46445095
0.02900000 1615257.71182740 10176.12405174
0.03000000 1610630.13990666 9736.25964327
0.03100000 1605859.38293174 11562.18808912
0.03200000 1600947.06825645 10302.09485873
0.03300000 1595896.96343883 9766.88986650
0.03400000 1590706.96072864 9186.33312207
0.03500000 1585380.56726479 9417.16100442
0.03600000 1579918.91506490 11399.11549899
0.03700000 1574323.88686436 11665.74054118
0.03800000 1568596.90910302 11929.18004581
0.03900000 1562739.92535138 14064.65997950
0.04000000 1556752.94009438 14361.04653785
0.04100000 1550640.08808166 10745.93630866
0.04200000 1544401.95330189 15938.22889750
0.04300000 1538039.61444704 11166.16811920
0.04400000 1531556.39468899 11371.80675869
0.04500000 1524953.77439404 11574.39968545
0.04600000 1518231.73509907 11773.88765302
0.04700000 1511394.64719082 11970.24616246
0.04800000 1504442.88377628 15480.71799435
0.04900000 1497379.96720883 12353.38530449
0.05000000 1490205.57240394 11400.07315975
0.05100000 1482924.52419595 15036.85537582
0.05200000 1475534.85666023 11730.50265711
0.05300000 1468042.98816013 17836.72313766
0.05400000 1460448.29203686 13253.56886830
0.05500000 1452753.54400434 13423.44337279
0.05600000 1444959.95473328 12354.40818948
0.05700000 1437072.80908202 15003.04082714
0.05800000 1429090.52785541 15176.94211447
0.05900000 1421015.90705162 14068.05813687
0.06000000 1412853.06634344 20684.16985761
0.06100000 1404603.03198390 16981.65145026
0.06200000 1396267.97413933 17153.15286410
0.06300000 1387851.11951799 15988.04564437
0.06400000 1379351.49200134 16138.41321116
0.06500000 1370774.54219539 13570.66860254
0.06600000 1362121.99989428 16427.19208733
0.06700000 1353394.85687003 19326.47946056
0.06800000 1344596.53810399 18091.54726704
0.06900000 1335729.58838200 16830.19360158
0.07000000 1326794.75069924 15543.40123232
0.07100000 1317795.11232719 18501.84424366
0.07200000 1308733.20012194 15763.69213395
0.07300000 1299611.34731226 17310.82395731
0.07400000 1290432.33456220 18872.57377742
0.07500000 1281197.48265835 16066.21718560
0.07600000 1271907.78990750 17628.64279456
0.07700000 1262569.06385527 17726.47048770
0.07800000 1253181.23409096 17820.23798448
0.07900000 1243746.15369940 17909.94545331
0.08000000 1234268.27739831 16495.99630127
0.08100000 1224748.33177934 16570.84570645
0.08200000 1215188.48860397 21180.73635028
0.08300000 1205591.53971856 16709.49952471
0.08400000 1195959.79609589 16773.33692756
0.08500000 1186294.93918313 15303.20543387
0.08600000 1176599.85808458 19961.01752960
0.08700000 1166877.44203144 21563.89614133
0.08800000 1157127.75081814 18537.18743868
0.08900000 1147355.75477479 23233.95512548
0.09000000 1137561.57353156 15527.71620813
0.09100000 1127747.58427863 20231.79261247
0.09200000 1117916.22196186 17154.42523203
0.09300000 1108072.34244228 18748.58491516
0.09400000 1098212.54612605 18779.43542134
0.09500000 1088342.64769180 25075.41578143
0.09600000 1078464.04192618 25106.64407625
0.09700000 1068581.10684305 15708.14300908
0.09800000 1058693.13670482 20438.07196504
0.09900000 1048803.77110618 17305.26303699
0.10000000 1038912.79206748 17313.48249401
0.10100000 1029023.61663262 17318.46828245
0.10200000 1019138.48289925 15745.69030141
0.10300000 1009258.94205894 15744.44023675
0.10400000 999388.09671351 17314.39959012
0.10500000 989528.22994987 20453.54947539
0.10600001 979676.87720316 15723.81461897
0.10700001 969841.71536597 21996.01113958
0.10800001 960020.87112830 15696.34198164
0.10900001 950218.37848594 20382.18517782
0.11000001 940434.49364568 17224.05856185
0.11100001 930671.81875151 17198.81602013
0.11200001 920931.74295900 15609.79377802
0.11300001 911215.92030747 15581.79297086
0.11400001 901526.93967173 17106.47448572
0.11500001 891866.39082529 17070.32352420
0.11600001 882235.04503449 21676.51607728
0.11700001 872636.05235003 18534.79062481
0.11800001 863068.23981182 16946.34568685
0.11900001 853534.81824860 21509.07843298
0.12000001 844036.62726612 21446.97170909
0.12100001 834578.72831852 21381.90802678
0.12200001 825158.64987477 15224.17780742
0.12300001 815779.79049386 16690.85529988
0.12400001 806441.68660443 18144.93880354
0.12500001 797146.60754271 16572.67875173
0.12600001 787898.04071545 22514.18757439
0.12700001 778694.57740396 19436.21756796
0.12800001 769538.14772231 16379.62024623
0.12900001 760431.18282530 16311.24964039
0.13000001 751374.33456345 17717.40764411
0.13100001 742367.36410458 22048.31175321
0.13200001 733413.57167154 17557.92173350
0.13300001 724513.46822921 17475.26567752
0.13400001 715667.09027806 14492.25926138
0.13500001 706877.03157515 15862.32133643
0.13600001 698143.51931707 17216.21999812
0.13700001 689468.15094669 18553.58881684
0.13800001 680849.54051420 19873.99902478
0.13900001 672292.72057924 18353.59213734
0.14000001 663794.88597408 15443.18875050
0.14100001 655360.05497529 19542.83776106
0.14200001 646986.57911133 15265.64905414
0.14300001 638677.64055894 13795.43768677
0.14400001 630429.31896546 17825.38983457
0.14500001 622248.66762548 14989.97111021
0.14600001 614132.38012731 14895.78158269
0.14700001 606083.46978986 14800.55903051
0.14800001 598099.01372936 20051.27038127
0.14900001 590183.04494572 14607.03105158
0.15000001 582334.53758520 14508.86568851
0.15100001 574554.81104890 17029.80540304
0.15200001 566845.00265376 14310.00276724
0.15300001 559204.74953466 18084.68245335
0.15400001 551632.46066513 20520.72850514
0.15500001 544132.44206548 19099.04961784
0.15600001 536701.46568912 15167.18413619
0.15700001 529344.68896571 13800.01669265
0.15800001 522056.14490306 14941.24757233
0.15900001 514841.86985769 17298.68764373
0.16000001 507697.24704132 15939.15582323
0.16100001 500627.43423746 12165.24722622
0.16200001 493629.82280333 12069.24973728
0.16300001 486704.49818676 14367.51746473
0.16400001 479852.68091245 11876.35441326
0.16500001 473073.31593673 20025.19440902
0.16600001 466368.11931724 11682.52194046
0.16700001 459734.84846610 17377.97809251
0.16800001 453175.47319373 12636.79866667
0.16900001 446690.99967414 13668.74523544
0.17000001 440278.19070135 12422.44973722
0.17100001 433939.69531679 14554.33806820
0.17200001 427674.10569065 12207.95792343
0.17300001 421482.13800701 12100.75275363
0.17400001 415363.96388091 22896.93959027
0.17500001 409317.93869156 11886.59350098
0.17600001 403343.84749307 18204.92541640
0.17700001 397445.44828679 12734.15276455
0.17800001 391617.81120057 14720.91421833
0.17900001 385862.21832570 12501.93646426
0.18000001 380180.31163904 10321.89594856
0.18100001 374570.65572528 14316.09113806
0.18200001 369030.72722688 14181.85151725
0.18300001 363562.89591498 12041.20368152
0.18400001 358166.10485617 13914.75383100
0.18500001 352840.58723143 10828.67813370
0.18600001 347585.68537636 9749.77893542
0.18700001 342399.98356910 10621.24799211
0.18800001 337282.78350482 11474.36083695
0.18900001 332238.29579513 11362.55025305
0.19000001 327258.58907194 13126.34262788
0.19100001 322350.15722574 14853.89594681
0.19200001 317507.93088639 10111.04053684
0.19300001 312735.47332123 12740.84378515
0.19400001 308027.85777533 9009.81526568
0.19500001 303387.92249564 9811.56587716
0.19600001 298812.74128726 9712.90861454
0.19700001 294305.04570706 11363.11835174
0.19800001 289861.06273338 9517.58844464
0.19900001 285481.94092933 10277.35035916
0.20000001 281165.43580812 10172.56594830
0.20100001 276913.79858545 15102.87928865
0.20200001 272723.79807000 10795.77205685
0.20300001 268596.59455172 12328.58427263
0.20400001 264531.12073243 10574.63205110
0.20500001 260525.90814614 8855.27603645
0.20600001 256580.98685693 8763.52402033
0.20700001 252696.12501032 9460.94336760
0.20800001 248869.82777055 10142.69031024
0.20900001 245104.44467689 9264.94844675
0.21000001 241393.96225579 9932.15504653
0.21100001 237742.24747803 12096.32612352
0.21200001 234145.96391296 10473.34946095
0.21300001 230605.48954217 9623.16753353
0.21400001 227120.65128204 7324.64135013
0.21500001 223691.40463018 8697.12222320
0.21600001 220314.56055092 9322.61107047
0.21700001 216991.49102382 7095.62209196
0.21800001 213721.02987335 9126.95701227
0.21900001 210501.66501203 8335.86632861
0.22000001 207332.94774748 7560.39629709
0.22100001 204216.27002941 8160.48253623
0.22200001 201148.99201386 6728.43410101
0.22300001 198130.25590152 8654.32998700
0.22400001 195159.41390753 7245.29358392
0.22500001 192238.38622531 7168.56976132
0.22600001 189362.55384139 9026.91336849
0.22700001 186534.21952544 6379.47060945
0.22800001 183750.83013602 7574.20957639
0.22900001 181011.88438682 8742.87442934
0.23000001 178318.08261744 9268.08278235
0.23100001 175668.85237751 6724.60398704
0.23200001 173060.93997787 9072.72020742
0.23300001 170496.54180585 9575.08624066
0.23400001 167972.48906173 6513.13357141
0.23500001 165489.64454114 6444.16706322
0.23600001 163047.44151305 6375.97050193
0.23700001 160644.78683171 5735.01916115
0.23800001 158280.99493758 5674.37393690
0.23900001 155955.69118399 5614.40514818
0.24000001 153667.33083671 6110.58169975
0.24100001 151417.43359643 6595.74371945
0.24200001 149203.79240868 5982.32633960
0.24300001 147025.27996848 5919.23805153
0.24400001 144881.96837230 7454.17762536
0.24500001 142772.83926661 5268.31801815
0.24600001 140697.87183065 7297.99895709
0.24700001 138657.00201675 5158.04071903
0.24800001 136648.38520922 6124.58091481
0.24900001 134670.62637756 6565.19334649
0.25000001 132725.93132945 5496.84470605
0.25100001 130811.42405715 5439.13926962
0.25200001 128929.18832479 5382.14922125
0.25300001 127074.84936390 5809.86238778
0.25400001 125251.35336089 6707.21028980
0.25500001 123454.64079833 5214.72427404
0.25600001 121687.90615866 5629.28280524
0.25700001 119947.68642607 5570.37082118
0.25800001 118234.73718729 7808.81358700
0.25900001 116549.56014289 6363.60628489
0.26000001 114889.32859183 5847.29265535
0.26100001 113254.75830702 5786.18587569
0.26200001 111646.38392270 5725.78507040
0.26300001 110061.37566764 4794.27375094
0.26400001 108501.45647313 5175.51971866
0.26500001 106965.25439884 4694.70523771
0.26600001 105451.87616339 5912.68697627
0.26700001 103961.85763223 5850.97362441
0.26800001 102494.45044392 5376.34665245
0.26900001 101048.16374526 6138.67623802
0.27000001 99624.14760856  5264.63832951
0.27100001 98220.97888826  4408.15774111
0.27200001 96839.17605960  5551.79022623
0.27300001 95477.60848663  4316.54288396
0.27400001 94134.67182536  4271.36093622
0.27500001 92813.29555264  4226.71767950
0.27600001 91509.06670127  4562.64228166
0.27700001 90225.72275352  4891.13666195
0.27800001 88959.65332812  4839.85016837
0.27900001 87712.24601455  4052.30595766
0.28000001 86482.28702139  6196.88856981
0.28100001 85270.16293944  5410.39209458
0.28200001 84075.59685140  4282.81110631
0.28300001 82897.90093212  5297.17612028
0.28400001 81736.03180499  4193.05863006
0.28500001 80591.14197157  6223.24827760
0.28600001 79462.07212673  4447.09507706
0.28700001 78349.49836898  4061.63818770
0.28800001 77250.65262921  4018.57913998
0.28900001 76169.12693434  3644.69289632
0.29000001 75101.47995268  3605.99773062
0.29100001 74049.26171677  3567.69359839
0.29200001 73011.04176699  3529.71898131
0.29300001 71987.64440003  3492.12079515
0.29400001 70977.48142136  3454.82907172
0.29500001 69982.37211771  3417.93921602
0.29600001 68999.78377794  3073.94051282
0.29700001 68030.98930265  3345.08390236
0.29800001 67075.76907244  6016.69677062
0.29900001 66133.99207701  3571.23574122
0.30000001 65203.96998791  3238.35532275
0.30100001 64287.93961535  4368.36570366
0.30200001 63383.27233758  4033.07780977
0.30300001 62491.97366316  3989.48778752
0.30400001 61612.52602042  3100.65051877
0.30500001 60745.76606278  3067.05387371
0.30600001 59889.56475142  2757.91458737
0.30700001 59046.17127067  4637.48651115
0.30800001 58214.21099123  3777.52033006
0.30900001 57393.93769443  2668.81822914
0.31000001 56585.15505849  4223.51617353
0.31100001 55787.01698550  2871.91577038
0.31200001 55001.05796815  2840.52977325
0.31300001 54225.31075530  2554.01225750
0.31400001 53461.92812215  2526.07622337
0.31500001 52707.84503824  2748.18717041
0.31600002 51966.12339515  2718.08821288
0.31700002 51234.11617632  2688.25420306
0.31800002 50512.52882356  3142.13200425
0.31900002 49802.20969006  3107.65803180
0.32000002 49102.48128485  2364.28458581
0.32100002 48412.47146450  2805.98697895
0.32200002 47733.91472266  3006.52076117
0.32300002 47063.98083473  2973.50244994
0.32400002 46405.37494599  3845.84563076
0.32500002 45756.33743340  2908.73050837
0.32600002 45117.64033450  2434.32239952
0.32700002 44488.97539878  2845.51500125
0.32800002 43871.14903006  2165.04130715
0.32900002 43261.20148579  2783.85844744
0.33000002 42662.35682679  2118.18611675
0.33100002 42072.32912274  2933.28292534
0.33200002 41493.51181421  2901.64141857
0.33300002 40923.54047272  2050.26947477
0.33400002 40363.76973793  2636.76338300
0.33500002 39813.27751987  2407.90713843
0.33600002 39271.84807687  2382.23041716
0.33700002 38740.03650725  2749.76792151
0.33800002 38218.47374857  1943.40948215
0.33900002 37705.41551981  2115.27391084
0.34000002 37201.92968477  2283.45455219
0.34100002 36707.94914153  2824.67682021
0.34200002 36223.84550740  1863.71693962
0.34300002 35748.19333135  2766.91029489
0.34400002 35282.61286183  2191.05036249
0.34500002 34825.74518113  2168.94751260
0.34600002 34378.72968256  2863.06074356
0.34700002 33939.59692364  2480.30586065
0.34800002 33510.41688329  2105.12448831
0.34900002 33089.79961235  1737.21456193
0.35000002 32678.63615382  1892.58330249
0.35100002 32277.01775336  2556.33992714
0.35200002 31882.82033104  2025.83449978
0.35300002 31498.73837050  1839.84139536
0.35400002 31122.70444577  2154.46931730
0.35500002 30756.14265593  1806.61590518
0.35600002 30397.77530337  1627.80094460
0.35700002 30048.06330459  2259.01350624
0.35800002 29707.38455916  2079.66555457
0.35900002 29375.82278979  2538.07120925
0.36000002 29052.47207010  2831.74458680
0.36100002 28737.09432987  2184.59401443
0.36200002 28431.72289898  1857.72886221
0.36300002 28133.30663973  2611.33364599
0.36400002 27843.92393551  1524.45490768
0.36500002 27561.98691068  2874.99099083
0.36600002 27289.35777045  1802.73505971
0.36700002 27024.28593834  2088.43691624
0.36800002 26768.32317027  1629.78943342
0.36900002 26520.01079123  2060.60493609
0.37000002 26279.25796019  1462.44077476
0.37100002 26046.49258217  1889.41266141
0.37200002 25822.25323575  2022.65719177
0.37300002 25605.70583192  1867.42421478
0.37400002 25396.65414194  1857.13042210
0.37500002 25195.53352983  1847.33660592
0.37600002 25002.29869412  1979.43208138
0.37700002 24816.39083051  1547.79836942
0.37800002 24637.87860898  1540.72981180
0.37900002 24467.77102298  1534.12931582
0.38000002 24304.16189268  1944.57608515
0.38100002 24147.13821427  1521.99419375
0.38200002 23998.63156695  2205.95431814
0.38300002 23856.43061619  1786.36960917
0.38400002 23721.62666623  1643.90880585
0.38500002 23593.16338885  1639.25306992
0.38600002 23472.62783939  1498.84472169
0.38700002 23357.89813649  1631.31568314
0.38800002 23249.92150367  1899.28617761
0.38900002 23148.65055450  1354.19612159
0.39000002 23054.32302980  1487.34972073
0.39100002 22965.57438141  1755.48858888
0.39200002 22884.01426251  1349.01270469
0.39300002 22807.82923395  1752.32560306
0.39400002 22739.13536085  1482.02321736
0.39500002 22675.05841715  1750.96809393
0.39600002 22617.11643319  1885.58908637
0.39700002 22564.54284548  1751.23425321
0.39800002 22518.84590442  1617.30358948
0.39900002 22477.53759045  2157.84371092
0.40000002 22442.27747502  1754.87397030
0.40100002 22411.97144401  1486.58613631
0.40200002 22387.39507903  2029.97714497
0.40300002 22367.72426929  1626.58098593
0.40400002 22353.12661710  2036.92875949
0.40500002 22342.95840335  1496.75485436
0.40600002 22338.65986279  1500.15277416
0.40700002 22338.31252678  1503.81527056
0.40800002 22342.45133571  1507.78039983
0.40900002 22350.89153067  1512.03788369
0.41000002 22364.25377938  2068.13446624
0.41100002 22381.53511822  1659.81472301
0.41200002 22402.04691686  1804.14893393
0.41300002 22428.05429818  1671.33868549
0.41400002 22456.98976895  2656.10059078
0.41500002 22489.67839071  1824.36279750
0.41600002 22525.06945786  1549.83747749
0.41700002 22565.33046290  2122.26943060
0.41800002 22609.48114122  1563.10655276
0.41900002 22654.91150106  1569.98544142
0.42000002 22704.15847078  2150.65151305
0.42100002 22757.15459211  1584.58074933
0.42200002 22812.52337708  1592.20014455
0.42300002 22870.39799739  2036.38033418
0.42400002 22930.77242876  2046.57153624
0.42500002 22994.42775618  1910.14720422
0.42600002 23058.98980685  1476.92836711
0.42700002 23127.10094913  2672.56791233
0.42800002 23196.56385991  2089.77853717
0.42900002 23268.97406141  1650.93378789
0.43000002 23343.23352094  1810.96814237
0.43100002 23417.64055121  2124.44845148
0.43200002 23495.09025225  1526.00618420
0.43300002 23573.33455737  2762.32347433
0.43400002 23653.58794286  1852.07602369
0.43500002 23734.46212970  1862.68067621
0.43600002 23817.39154057  1717.35309842
0.43700002 23900.59134342  1727.29581824
0.43800002 23984.34470093  1895.24300808
0.43900002 24069.97803974  2065.20421368
0.44000002 24155.62929784  2077.26343991
0.44100002 24242.26239164  2410.89310910
0.44200002 24329.25383341  2101.68269200
0.44300002 24416.76619990  1788.77237658
0.44400002 24504.40465518  3107.77126767
0.44500002 24591.67969636  2796.81186441
0.44600002 24679.02844765  2151.14761658
0.44700002 24767.33078287  1830.80117823
0.44800002 24854.35435646  2343.51718333
0.44900002 24941.83794778  2188.64638364
0.45000002 25029.19882740  2709.16060947
0.45100002 25115.23894886  2043.37593772
0.45200002 25201.28135660  2054.91257920
0.45300002 25286.17987123  1721.98893084
0.45400002 25370.66373499  2424.16703477
0.45500002 25454.72148812  2263.43394200
0.45600002 25537.26215170  2275.75322451
0.45700002 25619.22280604  2112.04882823
0.45800002 25699.72281686  1946.36859978
0.45900002 25778.89204844  2312.36672634
0.46000002 25857.50275191  2682.06960006
0.46100002 25933.76310545  2695.81480258
0.46200002 26009.42245257  1986.98992244
0.46300002 26083.44819197  1996.94888822
0.46400002 26155.32643378  2189.20092627
0.46500002 26226.72159047  2016.57271867
0.46600002 26295.33548918  2026.18717215
0.46700002 26362.16347345  1850.62396355
0.46800002 26428.02089638  2416.97476563
0.46900002 26491.08653068  2614.67036450
0.47000002 26552.43748180  2626.30171580
0.47100002 26611.98997790  2072.54187771
0.47200002 26669.54894970  2081.42504643
0.47300002 26724.86864298  2280.16590069
0.47400002 26777.37384721  2861.83196556
0.47500002 26828.13755179  2681.74075679
0.47600002 26877.30505371  2307.68552129
0.47700002 26922.90395078  2316.44676572
0.47800002 26966.35573959  2131.28602690
0.47900002 27008.48264199  2527.99409511
0.48000002 27046.78826293  1951.42586567
0.48100002 27084.38588360  2154.02131142
0.48200002 27117.18578784  3143.42432552
0.48300002 27148.12346000  2365.14462794
0.48400002 27177.14597590  2767.99244885
0.48500002 27203.08279603  2578.03627878
0.48600002 27226.85308879  1988.92171241
0.48700002 27247.63175659  2393.43208695
0.48800002 27265.54370490  2799.89881577
0.48900002 27280.78585189  3208.22056825
0.49000002 27293.37242554  3015.23546164
0.49100002 27304.31005196  2619.57563056
0.49200002 27310.90494008  3029.46227408
0.49300002 27315.57689773  2833.71808169
0.49400002 27316.92482336  2028.28176428
0.49500002 27315.96815049  2845.23137742
0.49600002 27312.31953959  3257.81362911
0.49700002 27305.59769845  2855.61954267
0.49800002 27296.47890848  2451.76985178
0.49900002 27283.92276948  2046.29430471
0.50000002 27269.46506684  2254.23043661
