# SAXS profile: number of points = 501, q_min = 0, q_max = 0.5, delta_q = 0.001
#    q    intensity    error
0.00000000 1664650.74656090 299.63713438
0.00100000 1664569.25164608 599.24494482
0.00200000 1664324.70363173 823.84075438
0.00300000 1663917.32266685 1198.02051500
0.00400000 1663346.98634453 1497.01234459
0.00500000 1662614.18543798 1645.98810873
0.00600000 1661718.86091261 1919.28536249
0.00700000 1660661.54296779 2192.07332782
0.00800000 1659442.04836555 2464.27154586
0.00900000 1658061.61683853 2984.51103789
0.01000000 1656519.64636986 3279.90904144
0.01100000 1654817.38241375 2978.67141803
0.01200000 1652954.76257569 3545.58812118
0.01300000 1650932.92947801 5200.43895722
0.01400000 1648751.89439689 3709.69192685
0.01500000 1646413.11961759 7112.50499346
0.01600000 1643915.98278667 5030.38313220
0.01700000 1641262.74481313 4874.55057076
0.01800000 1638453.25910308 8405.26559742
0.01900000 1635488.31529509 6378.40471746
0.02000000 1632369.10966049 5656.15922083
0.02100000 1629097.46690055 5913.62407296
0.02200000 1625672.00816800 7291.13928789
0.02300000 1622096.19965689 8759.31987686
0.02400000 1618369.14923631 7282.66150363
0.02500000 1614493.71369193 9444.78865645
0.02600000 1610469.83059488 6522.40311223
0.02700000 1606299.54552355 8095.75008023
0.02800000 1601982.68860254 6968.62501500
0.02900000 1597521.87760971 7188.84877931
0.03000000 1592918.41023197 9629.19223246
0.03100000 1588172.65834984 11434.84366627
0.03200000 1583285.83804273 10972.17136299
0.03300000 1578262.13959687 12073.70592452
0.03400000 1573099.51717076 13214.03655394
0.03500000 1567801.03609899 8466.12598588
0.03600000 1562368.26388195 9538.25869180
0.03700000 1556802.59149591 12423.28525468
0.03800000 1551105.90285043 9073.96995161
0.03900000 1545280.08595050 11126.01713409
0.04000000 1539324.91811176 13253.58815910
0.04100000 1533244.61970077 10625.38570719
0.04200000 1527039.72611192 9849.40669036
0.04300000 1520711.46602511 12044.03536998
0.04400000 1514263.03327735 11243.40354425
0.04500000 1507695.98313916 14564.34387386
0.04600000 1501010.25698712 13756.75964480
0.04700000 1494210.14709595 16137.47033916
0.04800000 1487296.04826060 12024.78910968
0.04900000 1480271.55489056 12212.24089630
0.05000000 1473136.37173322 12396.44314539
0.05100000 1465895.33225866 12577.38253668
0.05200000 1458546.17168424 20871.79668945
0.05300000 1451095.41751122 16455.42280169
0.05400000 1443542.80014775 13100.15152225
0.05500000 1435890.76553344 16886.07619040
0.05600000 1428140.48231374 13431.66186294
0.05700000 1420297.43774830 14827.90594224
0.05800000 1412360.04650044 18749.08049273
0.05900000 1404330.74958199 16430.67053752
0.06000000 1396214.09227585 16607.96740353
0.06100000 1388010.65797876 15490.19966692
0.06200000 1379722.87830111 16949.89635223
0.06300000 1371354.10435062 19747.50002595
0.06400000 1362903.00943724 17274.79645250
0.06500000 1354375.44728874 22794.13984413
0.06600000 1345772.92671489 13525.01854630
0.06700000 1337096.19593673 16366.05820418
0.06800000 1328349.14355866 15123.25570732
0.06900000 1319533.99639214 16626.12913296
0.07000000 1310651.61537311 18145.97246459
0.07100000 1301705.00308923 19681.78056856
0.07200000 1292696.62231028 15570.53154516
0.07300000 1283629.19070871 18522.77008982
0.07400000 1274504.85132433 15771.99827428
0.07500000 1265325.36255848 18752.12275208
0.07600000 1256091.78900592 17409.43301179
0.07700000 1246809.52276237 16046.43931035
0.07800000 1237478.76294506 14664.12402859
0.07900000 1228101.31067767 19158.38134517
0.08000000 1218681.70076993 17768.38003076
0.08100000 1209220.62085046 16360.75576772
0.08200000 1199719.81800739 19417.46616562
0.08300000 1190182.85847194 16495.93519261
0.08400000 1180611.31843293 18063.35401989
0.08500000 1171007.49957484 16616.59719904
0.08600000 1161373.55055429 22733.88831949
0.08700000 1151713.07855092 19763.39735598
0.08800000 1142025.54297383 16770.64588618
0.08900000 1132316.37404749 21400.78047469
0.09000000 1122585.48270267 15323.29255871
0.09100000 1112835.42029283 15357.12952154
0.09200000 1103068.23852883 16926.58291555
0.09300000 1093289.01444199 18498.45099364
0.09400000 1083494.53036134 16983.77756161
0.09500000 1073690.29642877 18553.36919435
0.09600000 1063877.70817973 17027.36351984
0.09700000 1054060.98102748 21692.57600937
0.09800000 1044239.99811485 26361.83999188
0.09900000 1034417.91772344 17067.89644501
0.10000000 1024594.66343815 18627.13185729
0.10100000 1014773.57361501 17078.64004718
0.10200000 1004957.13390520 18631.90613898
0.10300000 995146.41904637 15524.28486740
0.10400000 985344.80401263 23278.77208995
0.10500000 975554.58295713 18613.58231858
0.10600001 965773.35427460 17050.72937202
0.10700001 956008.43030586 20133.53848968
0.10800001 946258.48273542 20112.72499708
0.10900001 936527.27482096 26269.59129512
0.11000001 926814.46509084 16974.60772713
0.11100001 917123.43709974 21570.74425599
0.11200001 907455.46228893 16919.50789090
0.11300001 897811.99472118 19958.36158231
0.11400001 888195.62531050 16853.51278380
0.11500001 878608.06671775 18345.33729691
0.11600001 869050.00815833 19827.37686983
0.11700001 859524.42686422 21299.01630077
0.11800001 850030.51487241 24276.87264816
0.11900001 840571.30530920 24208.45473316
0.12000001 831147.30551948 24136.51888923
0.12100001 821763.93067910 18045.93676782
0.12200001 812418.50002452 19485.85864109
0.12300001 803114.64137361 23900.69285335
0.12400001 793851.98842788 16373.19803279
0.12500001 784632.31582521 16312.50661466
0.12600001 775459.42621224 19204.25359512
0.12700001 766331.93657082 19127.64603822
0.12800001 757251.75902646 17583.38667329
0.12900001 748221.03373816 18967.40409924
0.13000001 739240.55368321 15978.68532102
0.13100001 730310.38709841 18798.19025001
0.13200001 721433.24803678 18710.37216985
0.13300001 712610.02190914 21485.19317344
0.13400001 703840.57139874 19953.88113989
0.13500001 695127.98497830 15598.67271836
0.13600001 686471.87698372 15517.69751089
0.13700001 677874.02893219 16838.39167266
0.13800001 669333.15904708 25120.07464359
0.13900001 660853.86920087 15265.72509844
0.14000001 652434.11371238 13798.98215578
0.14100001 644077.11450799 16462.61182325
0.14200001 635781.77289117 20456.27950760
0.14300001 627550.69758675 14910.60527796
0.14400001 619380.71946384 16165.83754055
0.14500001 611278.20414254 17403.09129288
0.14600001 603240.38112770 15961.74123762
0.14700001 595269.81146724 17179.48756941
0.14800001 587363.60921154 17065.85047079
0.14900001 579526.13078113 14343.27241356
0.15000001 571756.13696447 20720.44338124
0.15100001 564054.68681282 18004.62645261
0.15200001 556423.46785280 16600.89494673
0.15300001 548861.50979359 15214.44176943
0.15400001 541367.93144391 16362.84650007
0.15500001 533946.34048860 18741.51743562
0.15600001 526593.81294118 13641.41336805
0.15700001 519315.51322241 18461.66736639
0.15800001 512105.39373212 19541.94274717
0.15900001 504969.48214236 18178.90221518
0.16000001 497903.05884168 12024.35943861
0.16100001 490911.67493493 14314.98511683
0.16200001 483992.05418179 11833.60628336
0.16300001 477145.02124903 16432.87530758
0.16400001 470371.42127799 15134.20119410
0.16500001 463669.91474739 15008.99584897
0.16600001 457042.36229279 12593.80288757
0.16700001 450487.24013128 14757.96268349
0.16800001 444005.56447432 12381.09574996
0.16900001 437598.55349830 13390.51636932
0.17000001 431263.23132743 15486.66336824
0.17100001 425001.99434488 12061.55716907
0.17200001 418813.83193617 15215.50723276
0.17300001 412698.75317749 12925.72555993
0.17400001 406657.69891990 13877.19463101
0.17500001 400688.39968182 12693.80910142
0.17600001 394791.05152752 12578.04349572
0.17700001 388969.04441050 12462.56877153
0.17800001 383217.59768068 10289.39298372
0.17900001 377538.31993924 12232.24214380
0.18000001 371932.24995797 14137.14548867
0.18100001 366398.27464328 11002.94070728
0.18200001 360934.03125286 11889.16755109
0.18300001 355541.53000208 12756.83069910
0.18400001 350220.01550956 10690.46647845
0.18500001 344969.46677513 10587.11343549
0.18600001 339789.26620982 12390.41617771
0.18700001 334678.29348632 11325.51398665
0.18800001 329635.33779509 11214.19472162
0.18900001 324664.95923188 11103.54213034
0.19000001 319759.04055508 13741.64541713
0.19100001 314924.18007872 10883.78017778
0.19200001 310155.37926436 16162.19757715
0.19300001 305455.87040676 11555.39612351
0.19400001 300821.25225969 12318.63086214
0.19500001 296253.59401181 11322.81289819
0.19600001 291750.82727626 8621.23735342
0.19700001 287315.01990012 10239.90779315
0.19800001 282942.80019923 8445.84298509
0.19900001 278635.17264194 8359.05557431
0.20000001 274389.78841148 9927.42301391
0.20100001 270208.94010394 9006.06439931
0.20200001 266089.48340917 8912.66766803
0.20300001 262032.39264325 9621.82991263
0.20400001 258036.97979020 10315.02875466
0.20500001 254101.37501482 8636.90614499
0.20600001 250225.68356023 10100.36019433
0.20700001 246409.80833420 9225.58366012
0.20800001 242652.07289944 9128.57141399
0.20900001 238955.04715305 9785.20964348
0.21000001 235312.48492615 11916.22479997
0.21100001 231728.32197525 8105.85708589
0.21200001 228199.31393806 8020.06526750
0.21300001 224725.70752509 9377.80421836
0.21400001 221307.46871807 10705.74930537
0.21500001 217944.42566315 8473.67967040
0.21600001 214633.27147378 6986.31331677
0.21700001 211375.52024097 7603.17782254
0.21800001 208170.29775086 8889.91298577
0.21900001 205015.62414984 9471.72228356
0.22000001 201911.22595186 9370.70043950
0.22100001 198858.54931926 7284.18900599
0.22200001 195854.67561721 7206.47313009
0.22300001 192899.13629043 8425.83467159
0.22400001 189991.21877619 8977.08551167
0.22500001 187132.53564077 6343.79325820
0.22600001 184318.63808426 6903.65491591
0.22700001 181551.74399041 8071.79091952
0.22800001 178829.63470826 7985.63771554
0.22900001 176151.41331744 9115.83607027
0.23000001 173517.96406559 6613.63751313
0.23100001 170928.62051994 7137.97953049
0.23200001 168380.14162951 8827.32934240
0.23300001 165874.81763949 7568.86828686
0.23400001 163409.70887074 7488.25026316
0.23500001 160984.90615379 7978.41232633
0.23600001 158600.48523541 6765.89702015
0.23700001 156255.34107421 6136.14753421
0.23800001 153948.36981492 7174.76411458
0.23900001 151679.57007276 6006.51125899
0.24000001 149447.36885272 5942.77490352
0.24100001 147253.06393573 6414.34376845
0.24200001 145094.64509157 6346.44007650
0.24300001 142970.81079584 5756.00511492
0.24400001 140881.90740704 5695.15137633
0.24500001 138826.65717505 7684.05583813
0.24600001 136805.17459844 5068.63195864
0.24700001 134817.17153673 5516.71892026
0.24800001 132861.05712858 8436.01322146
0.24900001 130935.70111764 5892.10682903
0.25000001 129042.52061403 5830.14135716
0.25100001 127179.12057423 7691.79357622
0.25200001 125347.51526040 6184.01995794
0.25300001 123543.64908297 6589.81855385
0.25400001 121769.78874721 5123.46410394
0.25500001 120022.59772290 5069.75476768
0.25600001 118304.64458660 5016.70869105
0.25700001 116612.81774937 6318.08276459
0.25800001 114947.98119152 5805.44806476
0.25900001 113310.27843618 6186.74149534
0.26000001 111697.29843814 5684.83427299
0.26100001 110109.03432812 4760.01377923
0.26200001 108546.99768477 4282.17926128
0.26300001 107007.57380732 4661.25013561
0.26400001 105492.95891353 4193.34531523
0.26500001 104001.48247140 4979.59121636
0.26600001 102532.52768070 4927.71351351
0.26700001 101086.13000250 6095.49392759
0.26800001 99662.16580064  4423.50543839
0.26900001 98258.81580485  6367.17156546
0.27000001 96877.26926299  4725.67341828
0.27100001 95516.04113929  5066.17106177
0.27200001 94175.92572144  3856.50434080
0.27300001 92855.32757233  4197.98955821
0.27400001 91553.11856558  4531.87958347
0.27500001 90271.98144330  4484.71225034
0.27600001 89007.31793818  5547.38135303
0.27700001 87763.16881702  4025.69674416
0.27800001 86535.93938220  4345.83508145
0.27900001 85326.90291669  5375.59513817
0.28000001 84134.89896058  3900.91477493
0.28100001 82960.13027151  4211.05641189
0.28200001 81802.65033289  4514.27947228
0.28300001 80661.28335606  4467.02208368
0.28400001 79535.60624810  5100.22099206
0.28500001 78426.36892761  4037.38966349
0.28600001 77332.50916591  3994.99761260
0.28700001 76254.60868902  3623.61917642
0.28800001 75190.26050334  4237.34733123
0.28900001 74142.45091519  3225.19676747
0.29000001 73108.26984262  3191.17612968
0.29100001 72089.05047776  4104.75072850
0.29200001 71083.45523509  3748.94160656
0.29300001 70091.99170106  4327.47977247
0.29400001 69113.58386212  3364.10385373
0.29500001 68149.86610025  4538.78129713
0.29600001 67197.95928368  3592.40307336
0.29700001 66259.72269365  3554.17169353
0.29800001 65334.46551503  3809.32619218
0.29900001 64422.17427665  3768.69737359
0.30000001 63521.37956201  3441.58850759
0.30100001 62634.02012885  2837.32124616
0.30200001 61757.67906640  3368.26397574
0.30300001 60894.20534213  3054.45348456
0.30400001 60042.30205940  3571.01608404
0.30500001 59202.59621517  3260.87915391
0.30600001 58373.14420540  3494.50844330
0.30700001 57556.00081296  2659.08736345
0.30800001 56749.92509082  2893.39506774
0.30900001 55955.00155511  2862.09846505
0.31000001 55171.28853361  3345.86295153
0.31100001 54397.95501543  3054.98929831
0.31200001 53636.26116789  2770.04483917
0.31300001 52884.50540718  2739.94635487
0.31400001 52144.65567879  2463.83509748
0.31500001 51413.83258242  4874.03155959
0.31600002 50694.83074539  2892.64717929
0.31700002 49985.28558540  2384.29823532
0.31800002 49285.72068793  3537.48276987
0.31900002 48597.09735580  3965.52333200
0.32000002 47918.62976656  3691.65141201
0.32100002 47249.67681469  2510.37544803
0.32200002 46591.62826393  3611.78319404
0.32300002 45941.86873810  3572.43988223
0.32400002 45303.12234949  3091.93824676
0.32500002 44673.73861948  3058.36429071
0.32600002 44054.18052788  2160.85765721
0.32700002 43444.39533228  2778.70365703
0.32800002 42845.02698719  2960.16305472
0.32900002 42253.24063677  2718.99616373
0.33000002 41672.45337479  2482.84488964
0.33100002 41099.94535478  2456.13285071
0.33200002 40538.36226058  2632.35867805
0.33300002 39985.26627642  3004.89290297
0.33400002 39442.07909286  2378.35748193
0.33500002 38907.86544767  2941.43476714
0.33600002 38382.43373413  2134.25532886
0.33700002 37866.19593710  1919.81622493
0.33800002 37360.03761463  2089.73380294
0.33900002 36862.09737950  2067.96376092
0.34000002 36373.29351259  2790.74107692
0.34100002 35893.71298942  1841.34756356
0.34200002 35423.97817940  2004.82014001
0.34300002 34962.29918628  2706.08208518
0.34400002 34510.35451588  1964.50202385
0.34500002 34066.84578436  2298.49019393
0.34600002 33632.86121323  1925.64955996
0.34700002 33206.55140489  2080.05847852
0.34800002 32790.06501051  2059.87198152
0.34900002 32381.63875633  3230.06861893
0.35000002 31982.52498489  1852.26802223
0.35100002 31592.73054762  1668.09625192
0.35200002 31210.04710111  1983.08648673
0.35300002 30837.26721554  2292.44255338
0.35400002 30472.47054202  1947.19095986
0.35500002 30116.74414006  2412.35131988
0.35600002 29768.92074901  1594.12578161
0.35700002 29429.63471682  1738.40860506
0.35800002 29099.05471101  1723.68258745
0.35900002 28777.42788501  2020.17553321
0.36000002 28463.85576098  1695.44964871
0.36100002 28157.97728592  1834.77388686
0.36200002 27861.90063321  2730.74501041
0.36300002 27572.55308016  1656.00761643
0.36400002 27292.09641181  1793.09081919
0.36500002 27018.84944580  1631.66839532
0.36600002 26754.73590851  1914.70276599
0.36700002 26497.98605735  1608.95778962
0.36800002 26250.08703382  1452.94238615
0.36900002 26009.85498249  1443.54701991
0.37000002 25776.86224314  2008.27543249
0.37100002 25551.65050328  1425.78216562
0.37200002 25334.85047899  1559.23344659
0.37300002 25125.52396525  1550.49615734
0.37400002 24923.59404174  1822.53790064
0.37500002 24729.46806607  1813.16468450
0.37600002 24542.98926386  1526.69671948
0.37700002 24363.67442204  2072.13060775
0.37800002 24191.76614443  1925.42275865
0.37900002 24027.88963692  2191.34363870
0.38000002 23870.52283813  1773.46057827
0.38100002 23719.62861784  1630.96174103
0.38200002 23576.97324558  1489.94689484
0.38300002 23440.56661989  1620.21204152
0.38400002 23311.42756320  1750.10550722
0.38500002 23188.53323007  2148.18582020
0.38600002 23073.38814394  2009.11536781
0.38700002 22963.99253372  1336.50442878
0.38800002 22861.24757871  1467.34924536
0.38900002 22764.99189179  1464.92729764
0.39000002 22675.68765235  1994.89371573
0.39100002 22591.89591849  1461.24389724
0.39200002 22514.92653501  1327.25498212
0.39300002 22443.47706275  1459.05051297
0.39400002 22379.31346803  1591.16926296
0.39500002 22319.78997754  1723.53426372
0.39600002 22266.35078761  1458.55737745
0.39700002 22218.02812243  1459.05797593
0.39800002 22176.47688248  2123.61952688
0.39900002 22139.37913452  1726.87165431
0.40000002 22108.19501143  1462.78879224
0.40100002 22081.90382126  1464.69274986
0.40200002 22061.30066151  2000.40853226
0.40300002 22045.47757587  1469.55160483
0.40400002 22034.68937850  1472.46818748
0.40500002 22028.21823439  1743.97412025
0.40600002 22027.60865214  1479.26412912
0.40700002 22030.92157640  2022.43869654
0.40800002 22038.62704946  1622.48380026
0.40900002 22050.52717213  1762.93973094
0.41000002 22067.37310167  1904.63506265
0.41100002 22088.04057015  1911.05736068
0.41200002 22111.96455192  1369.83626890
0.41300002 22141.23661202  1512.46794463
0.41400002 22173.48114113  1518.32919308
0.41500002 22209.47327803  1524.45831804
0.41600002 22248.12708542  1809.10653967
0.41700002 22291.61736596  1397.68447507
0.41800002 22338.82055796  1684.79392631
0.41900002 22387.39103463  1551.44627221
0.42000002 22439.75640626  1558.77775262
0.42100002 22495.76214421  1851.17635456
0.42200002 22554.33835631  1860.39468748
0.42300002 22615.16323155  1869.82178459
0.42400002 22678.64696786  1445.76381271
0.42500002 22745.19142635  2470.81026173
0.42600002 22812.74869253  1607.27228529
0.42700002 22883.90790947  1762.97634889
0.42800002 22956.38147137  1920.41618299
0.42900002 23031.78545007  1634.10525512
0.43000002 23108.81484380  2091.57893063
0.43100002 23186.27143923  1652.71750651
0.43200002 23266.66404344  2266.75485185
0.43300002 23347.82024444  1823.93180393
0.43400002 23431.00057594  2140.42200404
0.43500002 23514.82184480  1999.23024799
0.43600002 23600.64305029  1547.02222526
0.43700002 23686.77603179  2489.95401446
0.43800002 23773.46803021  1878.57953277
0.43900002 23862.04649721  1889.87417214
0.44000002 23950.68199024  1901.20522648
0.44100002 24040.25765011  1753.25607351
0.44200002 24130.21694387  1763.79829110
0.44300002 24220.72666641  1935.72056691
0.44400002 24311.28365410  1622.77826082
0.44500002 24401.57805226  1632.46564906
0.44600002 24491.93298538  1970.62102139
0.44700002 24583.23491053  1982.39215713
0.44800002 24673.33173756  1827.92386841
0.44900002 24763.84562491  2005.87159068
0.45000002 24854.31261576  2353.95205940
0.45100002 24943.37480350  1860.27698101
0.45200002 25032.48666480  2041.14905938
0.45300002 25120.55550326  2052.85189302
0.45400002 25208.09409095  2752.72400519
0.45500002 25295.25094607  2422.27334540
0.45600002 25380.97572017  2435.81235531
0.45700002 25466.17479736  2099.43154979
0.45800002 25549.80030322  1759.10383425
0.45900002 25632.28146074  2299.21575600
0.46000002 25714.01839091  1778.12445600
0.46100002 25793.63182474  1966.24864719
0.46200002 25872.53702928  2156.21733821
0.46300002 25949.90718879  2347.94771372
0.46400002 26025.08211845  2541.34938931
0.46500002 26099.76738059  2736.56073956
0.46600002 26171.72651067  2566.66134055
0.46700002 26242.01049558  2763.28383615
0.46800002 26311.15560894  2221.18786178
0.46900002 26377.73276063  2045.59327254
0.47000002 26442.51935660  1868.16408109
0.47100002 26505.55912445  2439.57177744
0.47200002 26566.55858132  2261.87690482
0.47300002 26625.34012394  1893.06177254
0.47400002 26681.38211919  2471.36313593
0.47500002 26735.74077924  2672.50477496
0.47600002 26788.43632848  2491.72652320
0.47700002 26837.61038235  2116.68243118
0.47800002 26884.60242237  1931.65877560
0.47900002 26930.32605675  1938.98356799
0.48000002 26972.36195659  1946.05600741
0.48100002 27013.52725690  2539.00154722
0.48200002 27050.05331027  2351.73174626
0.48300002 27084.70422080  1966.34961963
0.48400002 27117.44682506  2564.63265504
0.48500002 27147.00709849  1979.01691128
0.48600002 27174.49386881  3374.66468106
0.48700002 27199.09297415  2588.26581010
0.48800002 27220.81037835  2795.30515025
0.48900002 27239.73903380  2202.33300527
0.49000002 27256.11920316  2208.15460191
0.49100002 27270.85630046  3220.14286460
0.49200002 27281.26581183  2219.19467266
0.49300002 27289.71984906  2628.81883767
0.49400002 27294.88473598  3242.63246034
0.49500002 27297.72105517  2234.04559705
0.49600002 27297.97573760  2645.58344402
0.49700002 27295.10560702  2650.62783114
0.49800002 27289.79697180  3268.22624026
0.49900002 27281.20130069  2455.30823345
0.50000002 27270.49832919  3279.00487454
