# SAXS profile: number of points = 501, q_min = 0, q_max = 0.5, delta_q = 0.001
#    q    intensity    error
0.00000000 1664650.74656090 249.69761198
0.00100000 1664569.37488322 599.24498919
0.00200000 1664325.19934871 1123.41954513
0.00300000 1663918.43664726 998.35109755
0.00400000 1663348.96465773 1871.26765634
0.00500000 1662617.28892089 2094.89786696
0.00600000 1661723.30649506 2093.77145143
0.00700000 1660667.57032273 2192.08128393
0.00800000 1659449.92927548 2688.30899893
0.00900000 1658071.59059433 2984.52899065
0.01000000 1656531.94347184 3553.26117218
0.01100000 1654832.27695248 4468.04734231
0.01200000 1652972.44004472 3545.62603935
0.01300000 1650953.70601312 3467.00293554
0.01400000 1648775.95442568 4822.66988049
0.01500000 1646440.68842624 5532.04095945
0.01600000 1643947.32008121 5030.47902433
0.01700000 1641298.06464702 4874.65547067
0.01800000 1638492.85766659 5603.64582537
0.01900000 1635532.37884980 6378.57656533
0.02000000 1632417.77394304 6684.75108669
0.02100000 1629151.06045460 9139.53786352
0.02200000 1625730.81257684 7291.40302567
0.02300000 1622160.31347565 6423.75513376
0.02400000 1618438.88937778 7282.97533429
0.02500000 1614569.26530620 6296.82042227
0.02600000 1610551.27286921 7827.27954415
0.02700000 1606387.21109942 10120.23989344
0.02800000 1602076.85448691 9756.64849126
0.02900000 1597622.66155839 8627.16276852
0.03000000 1593026.02424891 11111.35702987
0.03100000 1588287.27962665 11435.66893950
0.03200000 1583407.82464296 10189.22982087
0.03300000 1578391.48454473 11269.71571919
0.03400000 1573236.41530894 8259.49156147
0.03500000 1567945.83746998 10160.28949599
0.03600000 1562520.93128604 13007.98735410
0.03700000 1556963.68767888 13312.04014530
0.03800000 1551275.19267824 11797.44838630
0.03900000 1545457.93750866 11127.29766537
0.04000000 1539511.42048728 10414.79524221
0.04100000 1533439.99134102 13524.94135073
0.04200000 1527244.11765954 11820.87001909
0.04300000 1520924.93435527 13049.53654250
0.04400000 1514485.98557360 12267.33705287
0.04500000 1507928.43393769 12485.64801315
0.04600000 1501252.29896959 13758.97795967
0.04700000 1494461.94956309 12912.15184474
0.04800000 1487557.70260521 10933.54962287
0.04900000 1480543.24965386 12214.48237820
0.05000000 1473418.34318208 11271.65085022
0.05100000 1466187.49064701 13723.51555175
0.05200000 1458848.75861036 12757.63298857
0.05300000 1451408.62519884 14107.69249460
0.05400000 1443866.65180037 14294.28051942
0.05500000 1436225.53143908 14477.15403225
0.05600000 1428486.15146148 15877.62431441
0.05700000 1420653.75270993 14831.62587061
0.05800000 1412727.39259724 13752.90180909
0.05900000 1404709.43026545 17699.33964801
0.06000000 1396603.65952433 15334.70889800
0.06100000 1388411.74981318 16785.89883967
0.06200000 1380135.19847212 13042.27823520
0.06300000 1371778.06204027 14485.97701244
0.06400000 1363338.27378098 21268.07806562
0.06500000 1354822.51417015 14754.01786947
0.06600000 1346231.29224359 14882.58763209
0.06700000 1337566.28028521 15007.49436714
0.06800000 1328830.93325070 16504.08096351
0.06900000 1320027.41449876 18018.37505151
0.07000000 1311156.71960055 16756.58366118
0.07100000 1302222.07829000 21095.99865639
0.07200000 1293225.52239625 19825.14818708
0.07300000 1284169.93383708 22806.85909358
0.07400000 1275057.32368931 18647.71423287
0.07500000 1265889.63723874 17317.37104913
0.07600000 1256667.99453854 21771.77402605
0.07700000 1247397.52293243 17513.46204315
0.07800000 1238078.49424883 14671.23084487
0.07900000 1228712.84083234 19167.92121603
0.08000000 1219305.06772970 16296.01299467
0.08100000 1209855.56066637 14881.22409440
0.08200000 1200366.61483581 16439.02156158
0.08300000 1190841.23000663 16505.06022251
0.08400000 1181281.37699290 19579.73974270
0.08500000 1171689.11807276 19649.22743252
0.08600000 1162066.80951025 19714.46434897
0.08700000 1152417.67863004 18254.29688668
0.08800000 1142741.39622369 18306.71802726
0.08900000 1133043.81172309 19884.91982973
0.09000000 1123323.85922808 18400.04567851
0.09100000 1113585.12028840 16904.22292016
0.09200000 1103829.11840826 20017.94200291
0.09300000 1094060.95598387 16968.88622471
0.09400000 1084277.24288028 16996.04658092
0.09500000 1074483.84031575 24756.10884448
0.09600000 1064681.96016819 18589.34789838
0.09700000 1054876.04529929 17057.34645440
0.09800000 1045065.54928241 18623.06896383
0.09900000 1035253.50549178 21740.32463761
0.10000000 1025440.68349976 15535.42708561
0.10100000 1015629.57398951 15539.13321287
0.10200000 1005823.12249969 17093.96477092
0.10300000 996022.30410754 17091.74354249
0.10400000 986230.38108033 24853.00677244
0.10500000 976449.59417324 17078.10420560
0.10600001 966677.70961720 23272.76695410
0.10700001 956922.18774984 18602.56820525
0.10800001 947181.16090503 26326.90160634
0.10900001 937458.80208229 18561.68515485
0.11000001 927754.88299949 16991.83148193
0.11100001 918072.41855999 18508.34082942
0.11200001 908412.63928594 20016.87344900
0.11300001 898777.38453228 15369.09399909
0.11400001 889169.23774882 24541.07211737
0.11500001 879589.39633348 19896.31308194
0.11600001 870038.82096456 25957.60944586
0.11700001 860520.84681405 15231.21970592
0.11800001 851034.05446538 18229.15030521
0.11900001 841581.73423342 15148.47192972
0.12000001 832164.84228057 18124.55111863
0.12100001 822787.91709710 16562.72155140
0.12200001 813448.83926812 16508.94497070
0.12300001 804151.20745449 28418.70501037
0.12400001 794894.48553709 16394.69953668
0.12500001 785680.47796521 17819.23407990
0.12600001 776512.88761043 16271.82832666
0.12700001 767390.86184619 19154.07681434
0.12800001 758315.80876918 20542.77622772
0.12900001 749289.47230889 18994.48901828
0.13000001 740313.62496083 21820.74512424
0.13100001 731388.00390018 15929.63147583
0.13200001 722514.78968438 17297.00488043
0.13300001 713695.32762561 17214.33211386
0.13400001 704929.49032057 14274.82285199
0.13500001 696220.05658298 15623.17880633
0.13600001 687567.02502373 16955.40363655
0.13700001 678971.96042134 21082.08036517
0.13800001 670433.89209810 19569.96623318
0.13900001 661956.61706351 18071.41649805
0.14000001 653539.01001664 23497.99621333
0.14100001 645183.65896458 19239.37761771
0.14200001 636889.86356189 17759.67468306
0.14300001 628659.94867767 21726.48885109
0.14400001 620490.97344273 14845.24723987
0.14500001 612389.09322154 17434.71830645
0.14600001 604351.64168631 13325.95432783
0.14700001 596381.24067681 15887.59700115
0.14800001 588474.88744299 21043.86296778
0.14900001 580637.15430469 15677.20390589
0.15000001 572866.35192628 16868.05052835
0.15100001 565164.07386279 14174.31564129
0.15200001 557531.51649475 12795.34890733
0.15300001 549968.14491703 16515.54417121
0.15400001 542472.73555048 15134.99003609
0.15500001 535049.19555167 13772.16694345
0.15600001 527694.39069047 14912.64418471
0.15700001 520413.40354628 17267.31754463
0.15800001 513200.33730784 19583.72579599
0.15900001 506061.36781593 14574.56808103
0.16000001 498991.68610162 15665.84472463
0.16100001 491996.59257431 14346.62131669
0.16200001 485073.31950995 15418.05618845
0.16300001 478221.91908768 12940.68574141
0.16400001 471443.70377564 12835.05544123
0.16500001 464737.45583644 13886.35583599
0.16600001 458105.06740782 13770.63897643
0.16700001 451544.41785626 14792.59582740
0.16800001 445057.40237245 13538.64681942
0.16900001 438644.47334460 15659.60843782
0.17000001 432303.17275146 12197.43459514
0.17100001 426035.62410945 13190.06354528
0.17200001 419840.83750173 18521.27942102
0.17300001 413718.97557818 11877.87234978
0.17400001 407670.89385537 12841.63376290
0.17500001 401694.37785833 11665.20528393
0.17600001 395789.25358540 11559.02569688
0.17700001 389959.54270848 11453.11231029
0.17800001 384200.13309777 14442.08368528
0.17900001 378512.49150930 14307.77285486
0.18000001 372897.93937035 12149.01543855
0.18100001 367355.38603037 17048.96427100
0.18200001 361881.79874708 12913.75259831
0.18300001 356480.29005061 13774.39905825
0.18400001 351149.21834173 11693.26952318
0.18500001 345889.04170220 10615.33519133
0.18600001 340698.91714123 10512.26558503
0.18700001 335577.83495675 10409.62493216
0.18800001 330524.50912418 10307.40730402
0.18900001 325543.58526724 9277.99261848
0.19000001 320627.01675077 12860.35024951
0.19100001 315781.15553103 10913.39725081
0.19200001 311001.28142889 9003.48752279
0.19300001 306290.34705876 14260.87923292
0.19400001 301644.19934121 14116.94919625
0.19500001 297064.92699672 10480.45111970
0.19600001 292550.11103262 9509.34180849
0.19700001 288102.30255625 13690.62206446
0.19800001 283717.77396909 11009.66873917
0.19900001 279397.79245598 10058.32100377
0.20000001 275139.81076369 9954.55882389
0.20100001 270946.32779826 9851.60894435
0.20200001 266813.84763914 9749.37845352
0.20300001 262743.63322664 10451.94222376
0.20400001 258735.01015190 11138.54271351
0.20500001 254786.04748387 8660.17816332
0.20600001 250896.97923074 10127.45704535
0.20700001 247067.44629983 8479.35515782
0.20800001 243296.04423530 9152.79761679
0.20900001 239585.06474622 9811.00886514
0.21000001 235928.41173960 8960.56150146
0.21100001 232330.08551475 10343.33589608
0.21200001 228786.90209364 9502.66442769
0.21300001 225299.05510906 8678.52001308
0.21400001 221866.21751372 12163.81595025
0.21500001 218488.68047448 7786.93694026
0.21600001 215162.98492753 10505.33323576
0.21700001 211890.74966148 8314.59340983
0.21800001 208670.52681439 6854.82712995
0.21900001 205501.00657283 8815.99359881
0.22000001 202381.73295915 8050.74571777
0.22100001 199314.10798970 8628.30814285
0.22200001 196295.11603820 6566.07194195
0.22300001 193324.52164497 7145.27465787
0.22400001 190401.29604610 8353.85725905
0.22500001 187527.48540000 8900.05487794
0.22600001 184698.34979658 6917.87701877
0.22700001 181916.30945201 6843.69188522
0.22800001 179178.69974291 9847.66180357
0.22900001 176485.31668400 7915.36682760
0.23000001 173836.37239297 9637.48894124
0.23100001 171231.72648141 10130.06941772
0.23200001 168668.05797536 7073.93868604
0.23300001 166147.18010120 7581.29618657
0.23400001 163666.75714730 7500.02950099
0.23500001 161226.57109199 5707.42088660
0.23600001 158826.82854557 9598.69983714
0.23700001 156466.42052559 6144.43662466
0.23800001 154144.10814568 6078.67319224
0.23900001 151860.09696681 7107.05287421
0.24000001 149612.69380957 6490.19896445
0.24100001 147403.03938954 6420.87669952
0.24200001 145229.48959901 6881.69969017
0.24300001 143090.65228777 6808.25355790
0.24400001 140986.67192038 7253.76461343
0.24500001 138916.42633637 5638.61801172
0.24600001 136880.07979323 5578.54791587
0.24700001 134877.13088122 6522.65835798
0.24800001 132906.34777319 5460.45755658
0.24900001 130966.04174867 5893.47215750
0.25000001 129058.32717437 5344.95087279
0.25100001 127180.48259874 5768.90696360
0.25200001 125334.30604857 5232.08085353
0.25300001 123516.27588597 5647.16440068
0.25400001 121728.03202296 4656.09744516
0.25500001 119966.71423434 5528.06645346
0.25600001 118234.64162851 5013.74021547
0.25700001 116529.06192319 4960.64240077
0.25800001 114850.33039747 5800.51621117
0.25900001 113198.85426169 5297.70663011
0.26000001 111572.35904135 4368.05806315
0.26100001 109970.72236075 4754.03455260
0.26200001 108395.35216125 4703.81652961
0.26300001 106842.91808229 6769.56761001
0.26400001 105315.10910585 4604.90336355
0.26500001 103810.83038027 5384.66802662
0.26600001 102329.10021115 4508.10872312
0.26700001 100870.31027424 5271.48266438
0.26800001 99433.86656727  4413.37237643
0.26900001 98018.17722530  4366.71000203
0.27000001 96624.59363851  4713.34790073
0.27100001 95251.49375966  5440.76558102
0.27200001 93899.59216746  4998.74502559
0.27300001 92567.34133620  5326.32507255
0.27400001 91253.74019132  5646.32544155
0.27500001 89961.35990695  5586.60071461
0.27600001 88685.57058242  4053.37419530
0.27700001 87430.62018014  5104.19984768
0.27800001 86192.70863632  3967.88152986
0.27900001 84973.20149424  3925.76209483
0.28000001 83770.84197949  4943.31761917
0.28100001 82586.07441582  4541.40844707
0.28200001 81418.51216782  3456.21600511
0.28300001 80267.59228223  4103.27951168
0.28400001 79132.27002331  3721.19517397
0.28500001 78013.73704406  4016.14737312
0.28600001 76910.81939672  3311.01093175
0.28700001 75823.95496702  4585.83301346
0.28800001 74750.87020817  4860.67556536
0.28900001 73694.61206853  6090.85997577
0.29000001 72652.19061990  5391.15606014
0.29100001 71624.79389585  4078.31595748
0.29200001 70611.42908751  3724.04694635
0.29300001 69612.37420109  3683.88701710
0.29400001 68626.39159341  3340.38976893
0.29500001 67655.40667835  4505.85029807
0.29600001 66696.63528023  5051.26991206
0.29700001 65751.31261894  4408.62571980
0.29800001 64819.60421572  5523.60283472
0.29900001 63901.02941013  4025.76504341
0.30000001 62994.02737347  2844.18047055
0.30100001 62100.71075008  4219.74349523
0.30200001 61218.75374858  3617.11023647
0.30300001 60349.71273727  3577.53114043
0.30400001 59492.55230324  3266.14127607
0.30500001 58647.78357498  3499.51341159
0.30600001 57813.41971010  2662.30810369
0.30700001 56991.76056227  2633.01946263
0.30800001 56181.17307482  3385.19674389
0.30900001 55382.16923144  2575.27099119
0.31000001 54594.45454287  3310.88085251
0.31100001 53817.37662314  3526.11468329
0.31200001 53052.07950421  2988.95430078
0.31300001 52297.01411824  3448.46527423
0.31400001 51554.06734268  2679.52277700
0.31500001 50820.24708206  3613.31973861
0.31600002 50098.61101993  5240.81594694
0.31700002 49386.50808952  2591.31020215
0.31800002 48684.77013753  2329.56636138
0.31900002 47993.99202981  2764.45407181
0.32000002 47313.60426225  2733.78018372
0.32100002 46642.88877309  2703.42196130
0.32200002 45983.44745701  2673.47776174
0.32300002 45332.37581767  3084.41499668
0.32400002 44692.59008382  2832.39303068
0.32500002 44062.37222352  3447.44016601
0.32600002 43442.09327884  2983.16868672
0.32700002 42831.78444672  2318.05628402
0.32800002 42232.17870776  2917.82136509
0.32900002 41640.28904563  2061.19440536
0.33000002 41059.45428494  2242.46220196
0.33100002 40487.18346763  2217.88801538
0.33200002 39925.92088462  1994.29984263
0.33300002 39373.46494518  2761.65496203
0.33400002 38831.04647850  2341.51221354
0.33500002 38297.90054302  2702.29999029
0.33600002 37773.42955481  2864.17043163
0.33700002 37258.55943534  2266.81086340
0.33800002 36753.84103953  2242.71948644
0.33900002 36257.35135705  2773.68751017
0.34000002 35770.51202275  2561.52648726
0.34100002 35292.71195563  2172.61945088
0.34200002 34824.96750549  2150.09359562
0.34300002 34365.45279131  1950.58319281
0.34400002 33915.93606847  2106.17972960
0.34500002 33474.74499868  1911.07328248
0.34600002 33043.47610670  1891.90431409
0.34700002 32620.05125359  2043.32010730
0.34800002 32206.25379464  1685.99746600
0.34900002 31801.00182250  2003.46320970
0.35000002 31404.92697213  1818.81643173
0.35100002 31018.41978476  1965.32717065
0.35200002 30639.15258812  1784.57752702
0.35300002 30269.91063102  2410.99849595
0.35400002 29908.58749424  1911.15883140
0.35500002 29556.56353501  2367.48085129
0.35600002 29212.54602108  1720.76510487
0.35700002 28877.13679100  2015.91301486
0.35800002 28550.66560361  1691.19875713
0.35900002 28233.14769476  1677.04905250
0.36000002 27923.61157576  1814.47636614
0.36100002 27622.02585772  1799.85129014
0.36200002 27330.30329950  1636.94859366
0.36300002 27045.29751002  1919.67530819
0.36400002 26769.41294006  1612.18797068
0.36500002 26500.65977414  1600.37491957
0.36600002 26241.18690997  1589.03514860
0.36700002 25989.04607586  1864.97403474
0.36800002 25746.02092525  1710.05079086
0.36900002 25510.50795068  1698.99991000
0.37000002 25282.45957535  1688.36273042
0.37100002 25062.05516327  1818.00156766
0.37200002 24850.22967189  1529.40745760
0.37300002 24645.93872905  1520.90095102
0.37400002 24449.00392416  1512.78218947
0.37500002 24259.90695457  1641.91058046
0.37600002 24078.48719999  1497.80236723
0.37700002 23904.27589265  1626.44700878
0.37800002 23737.42222059  1349.47251717
0.37900002 23578.77318453  1478.38914870
0.38000002 23426.56131436  1338.82804254
0.38100002 23280.71056467  1333.98477855
0.38200002 23143.32838073  1462.54270631
0.38300002 23012.07246349  1458.04498036
0.38400002 22888.12977722  1321.78955725
0.38500002 22770.32516827  1318.40188970
0.38600002 22660.49117756  1446.98573269
0.38700002 22556.13664896  1575.32065819
0.38800002 22458.55333102  1834.63930853
0.38900002 22367.47403160  1701.04648069
0.39000002 22283.20907050  1306.91027390
0.39100002 22204.51353225  1697.31309482
0.39200002 22132.69124331  1435.19443167
0.39300002 22066.18474644  1434.52273833
0.39400002 22007.04835114  1434.30944424
0.39500002 21952.57211505  1434.38112995
0.39600002 21903.92787031  1565.25475977
0.39700002 21860.57144144  1305.07617689
0.39800002 21823.90712605  1698.00917439
0.39900002 21791.62699422  1438.24744976
0.40000002 21765.12929538  1832.84162480
0.40100002 21743.63781433  1311.14142233
0.40200002 21727.66056960  1970.15571549
0.40300002 21716.40568016  1842.41994520
0.40400002 21710.18292220  1450.78304251
0.40500002 21708.16344607  1454.22993815
0.40600002 21712.04078448  1458.07216797
0.40700002 21719.57534988  1329.23807439
0.40800002 21731.67527588  1999.85751202
0.40900002 21747.77396999  1872.48342754
0.41000002 21768.74411762  2415.67764919
0.41100002 21793.51369706  1885.57489441
0.41200002 21821.38351448  1487.01825005
0.41300002 21854.63543610  1628.60750987
0.41400002 21890.75999336  1635.23984899
0.41500002 21930.48045674  2189.53927255
0.41600002 21972.86955120  1649.28366666
0.41700002 22019.96711152  1518.71720364
0.41800002 22070.74583669  1525.86108572
0.41900002 22122.78665054  2229.97700004
0.42000002 22178.54618402  1540.63278368
0.42100002 22237.73543936  1829.94333602
0.42200002 22299.52625613  1556.39550880
0.42300002 22363.43790545  1849.00913364
0.42400002 22429.83780345  1715.88267327
0.42500002 22499.39399475  1869.02474771
0.42600002 22569.76355496  1590.15276662
0.42700002 22643.69181814  1599.09759197
0.42800002 22718.75669447  2046.73288759
0.42900002 22796.61815595  2205.57291110
0.43000002 22876.25230215  2070.52969398
0.43100002 22955.97533577  1933.81145392
0.43200002 23038.62250548  1645.99446290
0.43300002 23121.95947500  1505.23963315
0.43400002 23207.28273797  1514.27527041
0.43500002 23292.97124053  2285.04058698
0.43600002 23380.75418372  1685.86936031
0.43700002 23468.68148337  2467.02791444
0.43800002 23556.99848279  1551.22842360
0.43900002 23647.20083675  2185.00146086
0.44000002 23737.27231055  1570.22063776
0.44100002 23828.33972924  1579.81899892
0.44200002 23919.63480924  1589.45980840
0.44300002 24011.31897462  1918.98470339
0.44400002 24103.09371709  2091.54605642
0.44500002 24194.31960016  2427.90008694
0.44600002 24285.69367319  1954.02700555
0.44700002 24377.79283813  2621.10041017
0.44800002 24468.76385445  1812.76845607
0.44900002 24559.85477178  1989.34833079
0.45000002 24650.90018503  1667.63347655
0.45100002 24740.44476791  2012.88268171
0.45200002 24829.96349430  2024.63531928
0.45300002 24918.33111277  2375.71380088
0.45400002 25006.21577126  2389.34403018
0.45500002 25093.54338582  1888.03829383
0.45600002 25179.28554478  2071.24812708
0.45700002 25264.47820419  2082.80368187
0.45800002 25347.98913001  2094.25096118
0.45900002 25430.34850170  2807.51060765
0.46000002 25511.93451492  2116.98042638
0.46100002 25591.20785618  2128.16494618
0.46200002 25669.77326398  1961.04242144
0.46300002 25746.56002865  1791.96066292
0.46400002 25821.28115768  2341.34477994
0.46500002 25895.44261702  2353.11898214
0.46600002 25966.74294044  1818.97042919
0.46700002 26036.31541926  2010.52437197
0.46800002 26104.72599242  2203.76107273
0.46900002 26170.38601333  2767.51845208
0.47000002 26234.31166195  2038.79962744
0.47100002 26296.31907709  2420.31332257
0.47200002 26356.40703756  2617.98203513
0.47300002 26414.11646897  2441.45690094
0.47400002 26469.00985075  2640.28385776
0.47500002 26522.19444759  2083.05325065
0.47600002 26573.76454847  1901.35294356
0.47700002 26621.63981176  2481.40316447
0.47800002 26667.46715607  2299.26912718
0.47900002 26711.81905633  2500.22638218
0.48000002 26752.44603983  2123.20798059
0.48100002 26792.27347300  2130.78961030
0.48200002 26827.35212743  1943.64175376
0.48300002 26860.45479331  2535.08984355
0.48400002 26891.76557864  2934.56405787
0.48500002 26919.86004754  2551.19525763
0.48600002 26945.74779636  2755.74175776
0.48700002 26968.79771865  2368.93930389
0.48800002 26988.96327894  2177.60460538
0.48900002 27006.34391100  2381.95964586
0.49000002 27021.15880404  2189.11928427
0.49100002 27034.20903233  2593.66213750
0.49200002 27042.99499725  2399.79548981
0.49300002 27049.83634767  2204.83226521
0.49400002 27053.42925701  2209.58893930
0.49500002 27054.57184532  3019.29036106
0.49600002 27053.11978435  2621.85322818
0.49700002 27048.68909073  3030.80575628
0.49800002 27041.73930303  2226.48171106
0.49900002 27031.49151416  2838.30674353
0.50000002 27019.18746556  2233.54123772
