# SAXS profile: number of points = 501, q_min = 0, q_max = 0.5, delta_q = 0.001
#    q    intensity    error
0.00000000 1664650.74656090 299.63713438
0.00100000 1664569.23927675 499.37078364
0.00200000 1664324.65241894 973.62995250
0.00300000 1663917.21566210 998.35036496
0.00400000 1663346.79317470 1372.26115651
0.00500000 1662613.89485882 2543.79935982
0.00600000 1661718.42317276 1919.28485690
0.00700000 1660660.95156583 1992.79322470
0.00800000 1659441.26977949 2912.31955142
0.00900000 1658060.62422064 3730.63656397
0.01000000 1656518.42701181 3006.58107485
0.01100000 1654815.91952624 3276.53566332
0.01200000 1652953.01550271 4190.23607802
0.01300000 1650930.90590846 3813.65056085
0.01400000 1648749.50741534 5935.49848982
0.01500000 1646410.44713389 4346.52377398
0.01600000 1643912.92465219 5030.37377431
0.01700000 1641259.28530800 5760.82034985
0.01800000 1638449.41386699 5136.53914360
0.01900000 1635484.03310554 5887.74278485
0.02000000 1632364.34815990 6170.33751516
0.02100000 1629092.21623895 6451.20546879
0.02200000 1625666.31992199 7291.11377610
0.02300000 1622089.95647030 8175.33375274
0.02400000 1618362.43482446 7282.63128878
0.02500000 1614486.41586686 9444.74596417
0.02600000 1610461.87811320 7826.84508562
0.02700000 1606291.02108216 6746.42259754
0.02800000 1601973.61230379 9756.01974634
0.02900000 1597512.10605725 7188.80480733
0.03000000 1592908.07753692 9629.12977132
0.03100000 1588161.60154390 8385.49364199
0.03200000 1583274.18434699 10188.36984553
0.03300000 1578249.81140225 8853.98185014
0.03400000 1573086.38341291 9910.44467277
0.03500000 1567787.28642764 11005.86725895
0.03600000 1562353.67069081 12139.48858228
0.03700000 1556787.34025150 9761.05707480
0.03800000 1551089.86472226 11796.03896713
0.03900000 1545263.25943289 10198.73798456
0.04000000 1539307.35082209 13253.43690473
0.04100000 1533226.21470992 12557.12328070
0.04200000 1527020.52534412 9849.28284541
0.04300000 1520691.33252713 11040.21958661
0.04400000 1514242.15635840 13287.47553914
0.04500000 1507674.27423805 12483.54357074
0.04600000 1500987.70617566 13756.55296660
0.04700000 1494186.73165399 13985.58845872
0.04800000 1487271.77220910 16397.17205153
0.04900000 1480246.48697437 14432.40391979
0.05000000 1473110.39509506 14650.08356142
0.05100000 1465868.32466994 12577.15081156
0.05200000 1458518.41055829 13914.26628515
0.05300000 1451066.76363736 15279.73373341
0.05400000 1443513.20372877 13099.88293474
0.05500000 1435860.30095536 15679.59521787
0.05600000 1428109.16320220 18315.50087275
0.05700000 1420265.19711031 16063.20012912
0.05800000 1412326.89524005 14998.91232778
0.05900000 1404296.74360203 18958.00692408
0.06000000 1396179.04182756 14052.54271251
0.06100000 1387974.69701451 12908.16528545
0.06200000 1379686.10948599 13038.03434409
0.06300000 1371316.53226495 19746.95898789
0.06400000 1362864.45369296 15945.51485393
0.06500000 1354336.14223906 14748.72127890
0.06600000 1345732.58930792 16229.53578641
0.06700000 1337055.05740662 19093.14711331
0.06800000 1328306.92282699 16497.57275375
0.06900000 1319491.03550326 18011.05347788
0.07000000 1310607.74884876 16749.56781464
0.07100000 1301660.36463652 15463.72585617
0.07200000 1292651.21869301 18400.89096012
0.07300000 1283582.87123384 15672.54759211
0.07400000 1274457.59109931 15771.41342897
0.07500000 1265277.44032839 20193.82889418
0.07600000 1256043.04133248 23211.67649200
0.07700000 1246759.91679448 17504.51005255
0.07800000 1237428.13173170 14663.52404868
0.07900000 1228049.99522687 17683.92076071
0.08000000 1218629.63993398 16286.98590176
0.08100000 1209167.79728947 19334.59398580
0.08200000 1199666.25488119 22403.76836121
0.08300000 1190128.49029087 22493.42952216
0.08400000 1180556.25566450 15052.09296625
0.08500000 1170951.74136536 15105.27817273
0.08600000 1161317.13752172 19701.74616308
0.08700000 1151655.88822153 25843.15934523
0.08800000 1141967.68506877 21343.37703630
0.08900000 1132258.00326018 15285.48376197
0.09000000 1122526.22436120 18386.98041877
0.09100000 1112775.57458511 16891.93401580
0.09200000 1103007.75098429 16925.65473414
0.09300000 1093228.08886130 16955.96845504
0.09400000 1083432.97522571 18526.70474707
0.09500000 1073628.17338699 17006.27106579
0.09600000 1063814.89351674 15478.50742828
0.09700000 1053997.68294908 20141.89666808
0.09800000 1044176.18746929 21708.42395817
0.09900000 1034353.55677113 20169.89530548
0.10000000 1024529.90813756 18625.95460587
0.10100000 1014708.27270984 20182.54849342
0.10200000 1004891.34034011 17078.12913237
0.10300000 995080.38490419 17075.58020820
0.10400000 985278.21587736 17069.94589313
0.10500000 975487.57957132 15510.25324493
0.10600001 965705.98442944 15499.58177940
0.10700001 955940.72931115 15486.24054359
0.10800001 946190.37759940 15470.21340180
0.10900001 936458.71471979 15451.56952011
0.11000001 926745.72341592 21602.44382964
0.11100001 917054.35320026 16947.16524490
0.11200001 907386.05630409 16918.21381625
0.11300001 897742.24995647 16886.53251671
0.11400001 888125.77483945 15320.17033732
0.11500001 878537.85252587 19872.52715989
0.11600001 868979.61286059 21350.83009343
0.11700001 859453.88279027 21297.26821854
0.11800001 849959.72358257 18206.13813662
0.11900001 840500.37378754 18154.80892893
0.12000001 831076.24609073 15084.03457708
0.12100001 821692.58003386 19548.06739988
0.12200001 812347.05250867 20982.92535483
0.12300001 803043.22256179 19417.58603639
0.12400001 793780.48869115 17860.06183707
0.12500001 784560.69215426 22242.29667064
0.12600001 775387.69681001 16248.24995233
0.12700001 766260.18328623 17654.63545491
0.12800001 757179.91126072 16116.57517075
0.12900001 748149.07751901 21883.36154884
0.13000001 739168.63720041 18882.06372729
0.13100001 730238.53087174 17350.46831137
0.13200001 721361.29930303 18708.50617935
0.13300001 712538.10822250 17186.41998055
0.13400001 703768.81341038 21376.97871517
0.13500001 695056.10255833 18432.88870892
0.13600001 686400.23958059 15516.07814731
0.13700001 677802.31401074 15433.55941777
0.13800001 669261.54702692 13954.10391353
0.13900001 660782.29207030 16651.71454544
0.14000001 652362.64959132 13797.47068955
0.14100001 644005.62662619 16460.78459290
0.14200001 635710.55355482 16363.19042028
0.14300001 627479.51022156 16264.26967209
0.14400001 619309.59452688 17510.97961124
0.14500001 611207.13395923 16062.52423815
0.14600001 603169.56088389 14629.87838939
0.14700001 595199.15600754 15856.10626408
0.14800001 587293.05454864 14438.60042727
0.14900001 579455.58672804 15645.30157982
0.15000001 571685.79253411 18128.15733660
0.15100001 563984.49620557 18002.38596832
0.15200001 556353.32072937 14045.14024456
0.15300001 548791.61526511 12677.08691084
0.15400001 541298.14794450 16360.73729370
0.15500001 533876.62800383 18739.07052729
0.15600001 526524.31552241 13639.61303733
0.15700001 519246.07977551 20920.42554153
0.15800001 512036.13984437 15875.68126519
0.15900001 504900.41231844 20599.93779492
0.16000001 497834.10365574 15629.50242202
0.16100001 490842.80490197 13120.22879436
0.16200001 483923.39881350 13015.12042548
0.16300001 477076.43931541 11736.08096119
0.16400001 470302.90350979 13967.99689366
0.16500001 463601.56060580 17315.51910612
0.16600001 456974.18709828 12591.92432000
0.16700001 450419.05652219 12485.61683630
0.16800001 443937.57394603 15755.34524326
0.16900001 437530.51529444 12272.73153350
0.17000001 431195.12785234 16590.23332750
0.17100001 424934.18152885 10963.30240115
0.17200001 418745.97093525 11953.10430481
0.17300001 412630.94758960 12923.60188882
0.17400001 406589.94482951 17076.77848931
0.17500001 400620.67653516 12691.66363203
0.17600001 394723.22845659 10479.90221048
0.17700001 388901.28020264 15575.49700776
0.17800001 383149.85414626 11316.33147670
0.17900001 377470.52747803 15287.55708495
0.18000001 371864.32284139 11105.72852624
0.18100001 366330.53302962 11000.90642652
0.18200001 360866.02030060 11886.92727022
0.18300001 355473.38029613 10792.17233561
0.18400001 350151.94632572 13603.40375739
0.18500001 344901.13180863 10585.01623527
0.18600001 339720.81746559 11435.00325612
0.18700001 334609.70680353 11323.19301319
0.18800001 329566.52696371 11211.85377702
0.18900001 324595.95248294 9250.98508285
0.19000001 319689.88923645 10075.02733532
0.19100001 314854.86196363 12694.94863421
0.19200001 310085.86862761 10772.38358513
0.19300001 305385.97393526 12441.42516601
0.19400001 300750.98147122 11436.05661084
0.19500001 296183.11248114 8707.78391843
0.19600001 291680.04319027 11204.88938866
0.19700001 287243.91554038 11090.48810312
0.19800001 282871.34175407 13509.93592064
0.19900001 278563.23445329 8356.89742855
0.20000001 274317.50598714 9097.74051603
0.20100001 270136.28668980 10640.66883561
0.20200001 266016.43983069 8910.22107326
0.20300001 261958.82879429 11222.31675597
0.20400001 257962.89187790 7932.35930017
0.20500001 254026.79153250 10204.25669818
0.20600001 250150.57413151 8543.89326331
0.20700001 246334.13308813 10759.87544190
0.20800001 242576.03654566 11407.13865778
0.20900001 238878.31423979 9029.60070510
0.21000001 235235.17173235 9678.75159846
0.21100001 231650.49993714 8103.13487086
0.21200001 228120.62430428 10203.83600751
0.21300001 224646.45139923 7932.26657391
0.21400001 221227.49077842 8561.50429788
0.21500001 217863.83191630 11999.94042928
0.21600001 214551.91605775 8380.39823743
0.21700001 211293.63451869 6909.30217543
0.21800001 208087.38458478 8202.80508817
0.21900001 204932.03079887 8115.30880334
0.22000001 201826.74791398 7359.61271066
0.22100001 198773.39013978 9266.81588648
0.22200001 195768.65709489 7858.15426736
0.22300001 192812.16943756 7126.33811938
0.22400001 189903.34279506 8332.00955912
0.22500001 187043.86038033 7608.94460008
0.22600001 184228.95110699 10036.79373093
0.22700001 181461.25043633 8688.36508176
0.22800001 178738.17953151 9209.48513588
0.22900001 176059.00035035 7288.84295920
0.23000001 173424.40816864 7210.98723267
0.23100001 170834.20538305 7728.53981703
0.23200001 168284.74420053 8822.32813195
0.23300001 165778.34547396 9310.11232213
0.23400001 163312.17970906 6332.43006771
0.23500001 160886.32093920 7403.98883980
0.23600001 158500.95589288 6198.18017335
0.23700001 156154.67635609 6132.19443054
0.23800001 153846.57571973 6066.94000047
0.23900001 151576.73873630 6548.11542313
0.24000001 149343.42842567 5938.64171225
0.24100001 147147.93349760 6409.76428635
0.24200001 144988.48696087 6341.79671965
0.24300001 142863.43570574 7320.32279183
0.24400001 140773.43278389 7760.13584929
0.24500001 138716.98397489 6654.25403605
0.24600001 136694.39079001 7090.33838569
0.24700001 134705.15122177 5512.13504875
0.24800001 132748.00530499 5949.76587923
0.24900001 130821.11259769 5396.37114994
0.25000001 128926.93328948 6795.73897518
0.25100001 127062.34581659 5763.54827891
0.25200001 125229.49971553 6178.19766075
0.25300001 123424.46589306 6583.46132220
0.25400001 121649.45252374 5118.40095709
0.25500001 119901.04895983 6445.88069705
0.25600001 118181.77914381 4555.90780155
0.25700001 116488.82522383 5409.74129935
0.25800001 114822.72230968 5799.12186463
0.25900001 113183.75021292 5738.41640731
0.26000001 111569.42638936 6115.12054974
0.26100001 109980.20473396 6051.11115078
0.26200001 108416.90050779 5132.45631289
0.26300001 106876.18965363 4655.52704160
0.26400001 105360.37488744 5444.49762993
0.26500001 103867.76813719 7045.35104612
0.26600001 102397.48578352 4921.22339963
0.26700001 100950.10830618 5681.47236432
0.26800001 99524.84916014  5220.57620974
0.26900001 98120.33572457  4768.64854187
0.27000001 96737.68282074  4325.62569203
0.27100001 95375.31041880  5447.83798893
0.27200001 94034.03096781  4235.76312540
0.27300001 92712.24444799  4572.56811257
0.27400001 91408.92624983  3770.61838625
0.27500001 90126.53295986  5969.98182579
0.27600001 88860.95689608  4061.39022714
0.27700001 87615.66749969  5115.00291071
0.27800001 86387.39638591  5061.43779379
0.27900001 85177.21949919  3935.18772711
0.28000001 83984.20932234  3893.92804952
0.28100001 82808.48343003  3853.07891636
0.28200001 81649.85750575  4505.84759971
0.28300001 80507.62929040  4115.55020411
0.28400001 79380.84679164  3732.88449706
0.28500001 78270.62702559  4029.37206999
0.28600001 77175.90716036  3654.66525656
0.28700001 76097.07198421  3944.87239838
0.28800001 75031.77152797  3252.62744969
0.28900001 73983.07865634  3540.09048127
0.29000001 72948.00491808  4776.27084809
0.29100001 71927.89246963  3465.48602322
0.29200001 70921.55475111  4363.80347040
0.29300001 69929.40630856  3700.66435702
0.29400001 68950.10813923  3356.14667255
0.29500001 67985.53037871  3622.26923004
0.29600001 67033.04026813  3583.58650237
0.29700001 66093.93219987  3545.27869103
0.29800001 65168.07376456  4676.46119472
0.29900001 64255.13557963  4626.36998074
0.30000001 63353.70846386  3432.50408707
0.30100001 62465.66248172  3395.63357326
0.30200001 61588.82821317  3638.97608725
0.30300001 60724.68427233  4153.56860086
0.30400001 59872.24817668  3560.90212889
0.30500001 59032.03726617  3251.48476655
0.30600001 58202.08870123  3216.24757390
0.30700001 57384.61000430  2916.28601848
0.30800001 56578.02203545  3146.86973460
0.30900001 55782.77983967  2853.28932389
0.31000001 54998.71435171  3078.82817517
0.31100001 54225.01449933  2537.73079872
0.31200001 53462.97338125  3514.12140673
0.31300001 52710.81180169  2979.21522409
0.31400001 51970.80101530  2455.62046424
0.31500001 51239.75921938  2914.51764239
0.31600002 50520.52783063  2642.47633330
0.31700002 49810.83118579  3326.36746408
0.31800002 49111.16478892  3054.96015034
0.31900002 48422.39594680  2556.70262705
0.32000002 47743.68107667  2988.51585850
0.32100002 47074.75873173  2728.45314528
0.32200002 46416.71277145  2473.77882429
0.32300002 45766.90528774  2891.55321300
0.32400002 45128.23299989  2200.00146292
0.32500002 44498.91571343  2393.59678957
0.32600002 43879.47572773  2367.51722500
0.32700002 43269.77522717  2554.64765038
0.32800002 42670.65275083  2737.53585686
0.32900002 42078.97774820  3124.36424575
0.33000002 41498.25817692  3296.62178568
0.33100002 40925.94087483  2241.92314729
0.33200002 40364.60192482  2217.83315778
0.33300002 39811.79458793  3390.77070562
0.33400002 39269.04430605  2367.92348379
0.33500002 38735.07707637  2342.69757252
0.33600002 38209.97333792  1931.51424370
0.33700002 37694.23103653  1911.09760406
0.33800002 37188.26295385  2269.22791291
0.33900002 36690.84197302  2245.47963509
0.34000002 36202.58745630  2222.11492330
0.34100002 35723.47145869  2382.39842441
0.34200002 35254.12514380  2357.97227191
0.34300002 34793.00345617  1974.85096970
0.34400002 34341.59906265  2310.33118636
0.34500002 33898.63620508  2111.20716284
0.34600002 33465.22543479  1916.05157301
0.34700002 33039.55828426  2242.06453136
0.34800002 32623.59813689  2390.98362069
0.34900002 32215.97677549  2198.74051906
0.35000002 31817.52764386  2680.30865566
0.35100002 31428.41545255  1991.30449739
0.35200002 31046.38857656  2630.25016478
0.35300002 30674.43293731  2280.33745256
0.35400002 30310.37460330  1775.43027648
0.35500002 29955.35849527  1919.53946329
0.35600002 29608.23747852  1744.07331128
0.35700002 29269.76935956  1571.78668906
0.35800002 28940.09958690  1714.26688023
0.35900002 28619.33486162  1699.98857130
0.36000002 28306.51361007  1686.07756305
0.36100002 28001.43497199  1672.52579010
0.36200002 27706.27178422  2112.04919815
0.36300002 27417.77780333  2245.51610846
0.36400002 27138.28499625  1931.56752610
0.36500002 26865.89106375  2212.40623390
0.36600002 26602.67983060  1757.37311285
0.36700002 26346.85906455  1890.65069603
0.36800002 26099.90393787  1878.01867681
0.36900002 25860.57758495  1578.78833635
0.37000002 25628.54339932  1996.71991082
0.37100002 25404.23692665  1559.31213642
0.37200002 25188.54364542  1832.08880884
0.37300002 24980.18840374  1541.52749942
0.37400002 24779.06049214  1672.58666245
0.37500002 24585.97935271  1525.31423130
0.37600002 24400.50456124  2069.77289746
0.37700002 24222.21111427  2060.09915286
0.37800002 24051.21550182  1640.77399926
0.37900002 23888.40545883  1497.80309322
0.38000002 23731.98896547  1763.16820372
0.38100002 23581.99294320  1351.24825966
0.38200002 23440.39926180  1750.64630180
0.38300002 23304.84132638  1610.83070879
0.38400002 23176.84043356  2275.38641736
0.38500002 23054.82000501  1468.36155568
0.38600002 22940.75999000  1997.56677076
0.38700002 22832.28828043  1328.83924087
0.38800002 22730.53281374  1724.22464827
0.38900002 22635.27859714  2118.66217707
0.39000002 22546.84977838  1719.08464280
0.39100002 22464.00100601  1452.97165391
0.39200002 22388.03487924  1847.68460612
0.39300002 22317.51761934  1450.86188917
0.39400002 22254.24312173  1845.98955441
0.39500002 22195.66170998  1450.26460484
0.39600002 22143.03231943  1846.06469193
0.39700002 22095.70420731  1319.11360367
0.39800002 22055.09884679  1583.99727422
0.39900002 22018.92206788  1321.13538667
0.40000002 21988.56552226  1587.13473459
0.40100002 21963.06489821  1456.81016372
0.40200002 21943.33462099  1459.12210476
0.40300002 21928.33079602  1461.74260012
0.40400002 21918.36949284  1731.00331271
0.40500002 21912.82177382  1467.94000018
0.40600002 21912.98060695  1471.56628238
0.40700002 21916.98522841  1475.45151548
0.40800002 21925.50584358  2017.69477086
0.40900002 21938.12812631  1484.11443806
0.41000002 21955.66956006  1624.28051101
0.41100002 21977.11762821  1494.00452716
0.41200002 22001.67896276  1635.60489159
0.41300002 22031.67651590  1778.61732940
0.41400002 22064.59505019  1510.87321765
0.41500002 22101.27657633  1930.76761319
0.41600002 22140.51671134  1661.86726310
0.41700002 22184.71987208  1530.08020208
0.41800002 22232.43755959  1816.50139688
0.41900002 22281.65170477  1684.49294870
0.42000002 22334.52860753  1692.51065808
0.42100002 22391.13771272  1700.83090125
0.42200002 22450.17568335  1851.80282899
0.42300002 22511.58093744  2147.60492320
0.42400002 22575.58138965  1727.03205814
0.42500002 22642.57971875  2170.29136888
0.42600002 22710.58479919  1454.61302532
0.42700002 22782.12609657  1608.87382118
0.42800002 22854.98125848  1764.86173641
0.42900002 22930.81929633  2070.65308058
0.43000002 23008.25705345  1933.72905569
0.43100002 23086.04865882  1795.17122878
0.43200002 23166.74928966  2106.55261273
0.43300002 23248.25093302  1967.49956970
0.43400002 23331.74875442  1979.11568188
0.43500002 23415.85003780  1531.39666504
0.43600002 23501.96209541  1848.66442603
0.43700002 23588.33133552  2014.67947484
0.43800002 23675.17970218  1870.81278872
0.43900002 23763.98353838  2666.31907936
0.44000002 23852.83740348  1735.65179592
0.44100002 23942.58997694  1746.13316977
0.44200002 24032.69607762  1916.36727605
0.44300002 24123.36726617  2088.60123688
0.44400002 24214.02192916  2101.17185248
0.44500002 24304.47437339  1788.56635390
0.44600002 24394.87529124  1962.81175895
0.44700002 24486.26121488  1810.02451478
0.44800002 24576.43063383  1655.22268163
0.44900002 24666.88167480  2830.52480633
0.45000002 24757.38843872  2009.80488870
0.45100002 24846.51977819  1853.05353288
0.45200002 24935.59472429  2033.24849018
0.45300002 25023.69517434  2044.93646656
0.45400002 25111.19300044  2570.75850526
0.45500002 25198.27956563  2240.63112517
0.45600002 25283.92959744  2079.85614726
0.45700002 25369.00828781  1917.13604717
0.45800002 25452.53125882  2102.88823227
0.45900002 25534.97647747  2114.29615254
0.46000002 25616.60295329  2125.66581381
0.46100002 25696.11617255  2314.96321570
0.46200002 25774.92200502  2148.08210171
0.46300002 25852.01362734  2339.09030386
0.46400002 25927.10978911  1989.25759285
0.46500002 26001.62180124  2181.01614006
0.46600002 26073.39643911  2191.72980855
0.46700002 26143.55301788  3119.97176503
0.46800002 26212.56071182  2028.45910683
0.46900002 26278.94009824  2223.19843768
0.47000002 26343.45680199  2977.86449804
0.47100002 26406.25398019  2430.43173153
0.47200002 26467.08413114  2441.19162054
0.47300002 26525.69938273  2074.57504705
0.47400002 26581.46239477  2462.10807101
0.47500002 26635.55455265  2282.13442224
0.47600002 26688.07358819  2291.43810689
0.47700002 26737.03390682  2300.45450638
0.47800002 26783.88750369  2886.63361253
0.47900002 26829.28995841  1931.70896857
0.48000002 26871.16246877  3102.00714243
0.48100002 26912.10176000  2334.89405937
0.48200002 26948.32637570  2147.64697231
0.48300002 26982.68486417  2938.41452099
0.48400002 27015.19465340  2554.96215545
0.48500002 27044.63869057  1971.55425399
0.48600002 27071.86378174  3164.15958879
0.48700002 27096.27341349  1983.44730788
0.48800002 27117.70732895  2386.90071223
0.48900002 27136.54207771  2393.44312470
0.49000002 27152.71707326  2599.73701941
0.49100002 27167.20907275  2205.43413707
0.49200002 27177.40325865  2411.72287949
0.49300002 27185.71218285  2618.79977871
0.49400002 27190.66292040  2422.68818105
0.49500002 27193.40812740  2832.46552481
0.49600002 27193.41755620  2635.45018738
0.49700002 27190.46155853  2640.46584711
0.49800002 27185.02518275  2645.23900080
0.49900002 27176.31477237  2038.22370454
0.50000002 27165.44340543  2449.77980243
