# SAXS profile: number of points = 501, q_min = 0, q_max = 0.5, delta_q = 0.001
#    q    intensity    error
0.00000000 1682732.95097188 378.61491397
0.00100000 1682650.97011602 656.23389393
0.00200000 1682404.97020546 757.08226057
0.00300000 1681995.16613455 1816.55484414
0.00400000 1681421.43149873 1513.27934585
0.00500000 1680684.28196780 1815.13909637
0.00600000 1679783.61739541 2116.52744409
0.00700000 1678719.99407744 2014.46407661
0.00800000 1677493.20917458 2944.00070640
0.00900000 1676104.56812258 3771.23543949
0.01000000 1674553.38855043 2763.01321041
0.01100000 1672840.99173785 5420.00504921
0.01200000 1670967.25035309 4235.90216536
0.01300000 1668933.36771571 4906.66431749
0.01400000 1666739.29394800 4875.21265092
0.01500000 1664386.51750550 5991.79172983
0.01600000 1661874.43092792 5509.11398480
0.01700000 1659205.28616407 5823.81081568
0.01800000 1656378.99582908 7081.02052580
0.01900000 1653396.29016731 4960.18909432
0.02000000 1650258.29084544 8317.30216210
0.02100000 1646966.98582267 7608.98781948
0.02200000 1643521.01774557 8505.22165325
0.02300000 1639923.58593955 6494.09769592
0.02400000 1636174.15149441 6749.21868266
0.02500000 1632275.32888234 8912.22370272
0.02600000 1628227.05731636 8572.61584887
0.02700000 1624031.51288183 7503.02593316
0.02800000 1619688.57428501 11273.03299400
0.02900000 1615200.68146399 7268.40340031
0.03000000 1610569.30061901 10484.80662897
0.03100000 1605794.71897842 9249.37800691
0.03200000 1600878.25690455 11886.52160499
0.03300000 1595823.87858104 9766.44258715
0.03400000 1590629.59758508 10020.96692716
0.03500000 1585298.79677614 9416.67528769
0.03600000 1579832.68200528 10521.68614840
0.03700000 1574232.96753478 9870.44116293
0.03800000 1568501.17546496 10093.30553123
0.03900000 1562639.49290799 13126.17234830
0.04000000 1556647.57644872 11488.05964654
0.04100000 1550529.65564043 15629.33965353
0.04200000 1544286.34855446 12948.84163336
0.04300000 1537918.78335873 16240.42310612
0.04400000 1531430.34280586 14472.01741162
0.04500000 1524822.33405834 17886.16680958
0.04600000 1518094.89915119 20334.88211944
0.04700000 1511252.28259421 11969.11863480
0.04800000 1504294.63336673 12162.22267666
0.04900000 1497226.05548988 14597.95472052
0.05000000 1490046.16113854 19378.05122797
0.05100000 1482759.22977105 15035.17929028
0.05200000 1475363.59753313 12902.05526168
0.05300000 1467865.54475998 15456.62490688
0.05400000 1460264.90764393 14456.62325984
0.05500000 1452564.09979478 13421.69290822
0.05600000 1444764.36744102 14823.28310166
0.05700000 1436871.01286941 13750.85623503
0.05800000 1428882.43054907 16439.29313106
0.05900000 1420801.62221451 14065.93671688
0.06000000 1412632.35436534 12925.58664631
0.06100000 1404375.78347978 18284.97355539
0.06200000 1396034.25889462 18469.53410851
0.06300000 1387610.74684068 15985.27655100
0.06400000 1379104.38654243 17480.14891691
0.06500000 1370521.14925901 17638.60801606
0.06600000 1361861.86528049 13686.71238645
0.06700000 1353128.00541525 16562.28756138
0.06800000 1344322.97886207 15305.11783076
0.06900000 1335449.25627043 14022.21784734
0.07000000 1326507.59501175 15540.03720328
0.07100000 1317501.37237496 17074.81858573
0.07200000 1308432.54954730 15760.07079761
0.07300000 1299304.17986279 23075.64331559
0.07400000 1290118.07914899 18867.97779179
0.07500000 1280876.37001971 21902.98695398
0.07600000 1271580.01652970 20561.44983122
0.07700000 1262234.42180910 16244.95777038
0.07800000 1252839.56325640 16330.76447290
0.07900000 1243397.63634642 19397.00403680
0.08000000 1233913.04386471 23987.27069800
0.08100000 1224386.45105147 15059.95405452
0.08200000 1214819.52194640 15124.50375795
0.08300000 1205215.93196221 16704.29360096
0.08400000 1195577.31780643 16767.97266930
0.08500000 1185905.78610926 18357.82243078
0.08600000 1176203.76546635 15349.45986002
0.08700000 1166474.74079180 20016.70749193
0.08800000 1156718.03435224 16986.40513221
0.08900000 1146939.53197713 17032.05284985
0.09000000 1137138.31344580 18626.32644922
0.09100000 1127317.90900686 18668.38545022
0.09200000 1117479.98904921 15588.84657971
0.09300000 1107629.67916490 18741.09505215
0.09400000 1097763.24772060 23464.69052281
0.09500000 1087887.00233910 18798.68828401
0.09600000 1078001.96428201 17253.42224938
0.09700000 1068112.41817929 17271.37861393
0.09800000 1058218.41229285 20428.90740983
0.09900000 1048322.32700720 22014.76990234
0.10000000 1038425.35651560 22025.00284747
0.10100000 1028529.86695425 18883.80924542
0.10200000 1018638.69956678 22033.15610799
0.10300000 1008753.14659969 15736.54982721
0.10400000 998876.05895625 17305.52853556
0.10500000 989010.40317491 23587.89922552
0.10600001 979153.14664748 17286.94961747
0.10700001 969312.30880323 17273.14615571
0.10800001 959485.73062419 17256.35167739
0.10900001 949677.63129105 23504.52248071
0.11000001 939887.93049615 17214.04825729
0.11100001 930120.00058718 23439.02511815
0.11200001 920374.31260672 21840.48346634
0.11300001 910653.11734980 15572.16903983
0.11400001 900958.92870415 17095.69647710
0.11500001 891293.30359443 23262.75631921
0.11600001 881656.81774116 17020.38566801
0.11700001 872052.87335268 21609.47121938
0.11800001 862480.17575414 27711.48935214
0.11900001 852941.84735287 27635.31715590
0.12000001 843439.03846335 19900.94504997
0.12100001 833976.51998506 18314.12524162
0.12200001 824551.39631178 25862.05576371
0.12300001 815168.32565709 16678.34472873
0.12400001 805826.01058033 24174.78145646
0.12500001 796526.68130137 18065.22598316
0.12600001 787273.80211828 17997.07996451
0.12700001 778066.44807802 25396.09006209
0.12800001 768906.25422750 20829.67140871
0.12900001 759795.30394342 22224.01368781
0.13000001 750734.70221213 20652.71263132
0.13100001 741724.19674105 22029.20968161
0.13200001 732766.93789046 16080.57121005
0.13300001 723863.29317406 14549.65287871
0.13400001 715013.24978227 18822.72468793
0.13500001 706220.18501046 18728.96018951
0.13600001 697483.88941988 15766.62406374
0.13700001 688805.43778725 19961.58252833
0.13800001 680184.18926815 21272.76152249
0.13900001 671624.47382001 16924.93753841
0.14000001 663124.29737096 14025.07955083
0.14100001 654686.81857614 13944.82989335
0.14200001 646311.07807438 15249.71060642
0.14300001 637999.66311576 16536.95204797
0.14400001 629749.26911254 16436.45669914
0.14500001 621566.50428715 14973.53779461
0.14600001 613448.40464992 18937.15314489
0.14700001 605397.73127239 16127.79632195
0.14800001 597411.74418628 13352.15311250
0.14900001 589494.19620105 15916.34404837
0.15000001 581644.27792938 21078.78962672
0.15100001 573863.15377064 13084.08052334
0.15200001 566152.21489046 19489.79091727
0.15300001 558510.95542483 14191.76404704
0.15400001 550937.84620681 19213.95829319
0.15500001 543437.07279253 13988.07091382
0.15600001 536005.27682961 12622.92486508
0.15700001 528647.82831116 18793.43118345
0.15800001 521358.93860675 14921.29352719
0.15900001 514144.21341416 12339.46170437
0.16000001 506999.45230727 19590.45976187
0.16100001 499929.61974060 12148.29033315
0.16200001 492931.91113365 15667.84153500
0.16300001 486006.81305648 16738.07543183
0.16400001 479155.46352337 14230.91793848
0.16500001 472376.34246827 12938.38863104
0.16600001 465671.54075780 16331.10170542
0.16700001 459038.98303144 12724.56121042
0.16800001 452480.46690020 19499.64664177
0.16900001 445996.65726623 12510.20682703
0.17000001 439585.00273197 19168.10494924
0.17100001 433247.59103744 14531.12488957
0.17200001 426983.23573766 12188.23703970
0.17300001 420792.53439487 14277.49136626
0.17400001 414675.86925888 16327.86312317
0.17500001 408631.39441297 11866.65625419
0.17600001 402658.95712015 17104.95330632
0.17700001 396762.37761186 14830.97837561
0.17800001 390936.62387780 11546.31373159
0.17900001 385182.92610148 10399.93949597
0.18000001 379503.17086195 13394.56504827
0.18100001 373895.76004867 10207.35473149
0.18200001 368357.98642486 12133.71264601
0.18300001 362892.69462690 10015.83884484
0.18400001 357498.36669250 15872.92823100
0.18500001 352175.49394677 12773.40576889
0.18600001 346923.34353951 12650.56031982
0.18700001 341740.51940308 16383.04127420
0.18800001 336626.14096904 14315.02732104
0.18900001 331584.72836838 11340.19824599
0.19000001 326608.17403020 12164.52201651
0.19100001 321703.04096523 18530.09603515
0.19200001 316864.05453064 10090.53629332
0.19300001 312094.94816851 9990.15976294
0.19400001 307390.97293583 11688.54229821
0.19500001 302754.42755911 11571.27476811
0.19600001 298182.90175647 8811.30516329
0.19700001 293679.00184915 8722.26676711
0.19800001 289238.98800288 10360.54103989
0.19900001 284863.84175787 9400.50722228
0.20000001 280551.28704433 15225.51906747
0.20100001 276303.71901768 11720.80431468
0.20200001 272117.88152840 8285.98988416
0.20300001 267994.89537701 9020.70860475
0.20400001 263933.57040414 8927.55344089
0.20500001 259932.95131166 8031.92857517
0.20600001 255992.56743917 11127.99743258
0.20700001 252112.17191924 8652.49014926
0.20800001 248290.63213467 10119.08519098
0.20900001 244529.95012031 13094.57944794
0.21000001 240824.08008067 8384.29074435
0.21100001 237177.27756769 9050.68533984
0.21200001 233585.76702786 9701.98529216
0.21300001 230050.33745153 10338.46265383
0.21400001 226570.50598994 8037.58907998
0.21500001 223146.35529478 7952.93647870
0.21600001 219774.56034289 8584.39473285
0.21700001 216456.76313458 7785.95013807
0.21800001 213191.50658648 9104.34371923
0.21900001 209977.28893596 8315.10103501
0.22000001 206814.01268723 8912.65029817
0.22100001 203702.77964597 8139.96345954
0.22200001 200640.78042433 9396.00819156
0.22300001 197627.59200933 6640.28740550
0.22400001 194662.25986357 8540.80705538
0.22500001 191746.98121910 6500.22297071
0.22600001 188876.63138283 10289.99936433
0.22700001 186053.98752009 7635.65600891
0.22800001 183276.13233139 6925.08898763
0.22900001 180543.06723065 7474.48333682
0.23000001 177854.95695159 9244.01182473
0.23100001 175211.45799146 6707.09492911
0.23200001 172609.42271856 6032.69960932
0.23300001 170050.79106702 7759.41796337
0.23400001 167532.75768613 6496.08298651
0.23500001 165055.63591654 7595.86072413
0.23600001 162619.45140573 7515.45830217
0.23700001 160222.82621480 9723.92378290
0.23800001 157864.85264515 8489.18285252
0.23900001 155545.47911306 5599.63751293
0.24000001 153263.14601095 5540.46299036
0.24100001 151019.19864093 6578.39660396
0.24200001 148811.57522676 8678.69147774
0.24300001 146639.09102497 5903.69008393
0.24400001 144501.86354779 6372.53248390
0.24500001 142398.76178947 8932.67474961
0.24600001 140329.79542336 6758.98491630
0.24700001 138294.93830730 6173.48633808
0.24800001 136292.52486715 5599.57864906
0.24900001 134320.79366931 7555.54500133
0.25000001 132382.05600042 5482.60310863
0.25100001 130473.65932398 5425.09501135
0.25200001 128597.39327388 6344.35269732
0.25300001 126749.26375351 5312.06189523
0.25400001 124931.55476105 4778.63219569
0.25500001 123141.02455918 5201.47712347
0.25600001 121380.18417640 5615.04758566
0.25700001 119646.05489506 5093.33279787
0.25800001 117939.09497733 5498.32086799
0.25900001 116259.85390456 4987.54796849
0.26000001 114605.68643048 4935.49411965
0.26100001 112977.08860036 5327.99975049
0.26200001 111374.69444871 5711.85147507
0.26300001 109795.50691882 4782.69250769
0.26400001 108241.51434160 4302.60039867
0.26500001 106711.15207085 4683.55268601
0.26600001 105203.64010271 5477.42778114
0.26700001 103719.41501924 4586.47274918
0.26800001 102257.85360924 5363.93596490
0.26900001 100817.24076026 4491.40828841
0.27000001 99398.95856053  5656.79499937
0.27100001 98001.56548849  5198.00327949
0.27200001 96625.54053254  5539.54250088
0.27300001 95269.53662185  4307.13595451
0.27400001 93932.22685788  6586.99772014
0.27500001 92616.47283410  4984.61880383
0.27600001 91317.63985176  5691.37217311
0.27700001 90039.88682904  6758.39422524
0.27800001 88779.30079509  4458.49669694
0.27900001 87537.39081617  4411.88470594
0.28000001 86312.74514617  4729.50709412
0.28100001 85105.98768342  4319.98013927
0.28200001 83916.66607963  4987.16770115
0.28300001 82744.23673742  4229.88558222
0.28400001 81587.55767832  3836.65508141
0.28500001 80447.92330501  5176.82410970
0.28600001 79323.95770225  3756.38619479
0.28700001 78216.44239633  3378.95047146
0.28800001 77122.67250186  4346.24841456
0.28900001 76046.11164231  3308.00601302
0.29000001 74983.37505141  4254.93181870
0.29100001 73936.05630015  3886.07930308
0.29200001 72902.76167174  3844.89183257
0.29300001 71884.07231358  3804.10528691
0.29400001 70878.64581751  4077.29429366
0.29500001 69888.16650940  3413.33821390
0.29600001 68910.24642706  4604.92743547
0.29700001 67945.89764401  3948.33629900
0.29800001 66995.29529191  4507.10870412
0.29900001 66057.93260506  3567.12852954
0.30000001 65132.26160109  3528.86610060
0.30100001 64220.61946582  3781.95245938
0.30200001 63320.21711342  3453.48480486
0.30300001 62433.14889689  3131.64689692
0.30400001 61557.84726239  3661.15313926
0.30500001 60695.18673182  5014.63656519
0.30600001 59843.09006842  4133.66164218
0.30700001 59003.66139452  3816.35699968
0.30800001 58175.57886677  3775.01349139
0.30900001 57359.14271490  3467.36034128
0.31000001 56554.22713564  3429.73126702
0.31100001 55759.80748036  3653.38275908
0.31200001 54977.51179880  3355.55259151
0.31300001 54205.37338200  3063.68784860
0.31400001 53445.54618474  2777.83239447
0.31500001 52694.91509421  2747.51300310
0.31600002 51956.55962177  2717.58797969
0.31700002 51227.99590064  4154.07838427
0.31800002 50509.75125013  3141.95922528
0.31900002 49802.59965367  3346.73485519
0.32000002 49105.98964550  2600.89886473
0.32100002 48419.10216560  2572.50701987
0.32200002 47743.53192509  2313.17423130
0.32300002 47076.49860536  2745.50152867
0.32400002 46420.83167627  3394.52347706
0.32500002 45774.65737850  2462.21893698
0.32600002 45138.65937045  2656.86161635
0.32700002 44512.81142213  2409.03346824
0.32800002 43897.53505447  2599.61214903
0.32900002 43290.16664330  2571.43602038
0.33000002 42693.85716737  2755.67514136
0.33100002 42106.31978107  3355.03171903
0.33200002 41529.75412437  2696.73471177
0.33300002 40962.10203540  2462.64169099
0.33400002 40404.59704290  2233.36420731
0.33500002 39856.28496091  2209.63254287
0.33600002 39316.96859538  2583.71471360
0.33700002 38787.17383345  2949.76470973
0.33800002 38267.60565023  2335.08940736
0.33900002 37756.44759707  2503.25259423
0.34000002 37254.87306802  2096.14553244
0.34100002 36762.59734706  2263.10559986
0.34200002 36280.23498649  2053.27999630
0.34300002 35806.22873281  2032.36163913
0.34400002 35342.31843289  2194.75807863
0.34500002 34886.94461774  2353.82226484
0.34600002 34441.38874665  2509.74411683
0.34700002 34003.67727815  1952.49124178
0.34800002 33575.85344778  2109.23521349
0.34900002 33156.51475880  2088.86052874
0.35000002 32746.54821688  2413.74818339
0.35100002 32346.06663065  1707.87239899
0.35200002 31953.00644652  1691.91177148
0.35300002 31569.96225686  2011.63809028
0.35400002 31194.92846523  2325.58202723
0.35500002 30829.25056693  2140.16667572
0.35600002 30471.67834596  2773.98936961
0.35700002 30122.82960623  2102.87483441
0.35800002 29782.89351559  1764.18978096
0.35900002 29451.98576768  2226.57022950
0.36000002 29129.27847161  1892.82060474
0.36100002 28814.45207088  2190.47475018
0.36200002 28509.68040040  1707.58738846
0.36300002 28211.67512273  1848.42904160
0.36400002 27922.74046537  1528.77011289
0.36500002 27641.13071861  1972.74759283
0.36600002 27368.78767315  1506.65183277
0.36700002 27103.94916042  2094.59329034
0.36800002 26848.21294651  1931.86325408
0.36900002 26600.11755011  2509.72120974
0.37000002 26359.47538847  1760.28584983
0.37100002 26126.62476836  1749.43887736
0.37200002 25902.49506644  1594.16913438
0.37300002 25685.82925466  1729.17010734
0.37400002 25476.71088207  1862.98457150
0.37500002 25275.43602948  2280.85545535
0.37600002 25081.92798495  2269.41295158
0.37700002 24895.87939053  1835.07535681
0.37800002 24717.08612474  1545.68305403
0.37900002 24546.65902481  2098.73944604
0.38000002 24382.65677106  1532.81579053
0.38100002 24225.27187520  1665.72977305
0.38200002 24076.27708456  2213.09149445
0.38300002 23933.56411761  1654.28803018
0.38400002 23798.28392223  1511.78605778
0.38500002 23669.18328121  1370.44577691
0.38600002 23548.13209130  1777.05987246
0.38700002 23432.70242585  1363.78334579
0.38800002 23324.05837672  1360.95887076
0.38900002 23222.05205131  1494.33912030
0.39000002 23126.96731423  2034.59504586
0.39100002 23037.49604467  1760.98628108
0.39200002 22955.09362088  2165.12453290
0.39300002 22878.04084472  1757.71996138
0.39400002 22808.50149607  2027.10566650
0.39500002 22743.48565027  1486.05942279
0.39600002 22684.64967364  1621.04514248
0.39700002 22631.07883789  1891.50565889
0.39800002 22584.37058786  2162.67942996
0.39900002 22542.11838515  1758.28531735
0.40000002 22505.72909957  1759.83557032
0.40100002 22474.39001159  1490.72636010
0.40200002 22448.73786413  2171.24202909
0.40300002 22427.95603673  1766.87446029
0.40400002 22412.20616703  1497.69574807
0.40500002 22400.90021647  1500.63637660
0.40600002 22395.37300071  1503.96134512
0.40700002 22393.80108083  1507.55076019
0.40800002 22396.77522165  1786.25489244
0.40900002 22403.97405505  1928.98225754
0.41000002 22416.05978616  2072.92522694
0.41100002 22432.07967032  2218.08414290
0.41200002 22451.27063808  1390.85628193
0.41300002 22475.95877349  2093.63565895
0.41400002 22503.67386923  1540.93914121
0.41500002 22535.00431038  1828.03963628
0.41600002 22569.08981358  1552.86629820
0.41700002 22608.06098428  1417.52549088
0.41800002 22650.82460619  1850.68571214
0.41900002 22694.94635691  1858.71619471
0.42000002 22742.86768981  2585.18189280
0.42100002 22794.40732743  1587.17465742
0.42200002 22848.48202342  2174.60437962
0.42300002 22904.99359852  1893.78496046
0.42400002 22963.97798815  1756.74439934
0.42500002 23026.20814421  1471.37477014
0.42600002 23089.41108838  2218.31527543
0.42700002 23156.19594007  1783.95341976
0.42800002 23224.30754914  1793.38111393
0.42900002 23295.29975940  1803.05628682
0.43000002 23368.18667308  2568.28067801
0.43100002 23441.21396862  1670.88981086
0.43200002 23517.32944360  1985.68580567
0.43300002 23594.17962488  2611.16798282
0.43400002 23673.08709550  1699.13590680
0.43500002 23752.64189359  1708.76513880
0.43600002 23834.20735620  1562.33236624
0.43700002 23916.11202424  2199.80408824
0.43800002 23998.49592121  1738.33113443
0.43900002 24082.79194074  1589.46434341
0.44000002 24167.15227689  1598.65719888
0.44100002 24252.54934050  2572.71055596
0.44200002 24338.23729458  1617.27594487
0.44300002 24424.47076029  2602.67172756
0.44400002 24510.83548772  2290.53768488
0.44500002 24596.88029864  1974.63764395
0.44600002 24682.97098251  1985.99193937
0.44700002 24770.12303929  2663.28375540
0.44800002 24855.99489893  2845.88727082
0.44900002 24942.29942336  2020.32634904
0.45000002 25028.50611757  1862.49637101
0.45100002 25113.39481490  1872.95707406
0.45200002 25198.32129013  2054.67121537
0.45300002 25282.10328614  2066.05357846
0.45400002 25365.57453078  2943.04092441
0.45500002 25448.53215939  2262.88358686
0.45600002 25529.99880921  1750.08150131
0.45700002 25611.00618092  1935.42382882
0.45800002 25690.45636836  1768.78800479
0.45900002 25768.73013775  1778.04246377
0.46000002 25846.39073287  2323.46140505
0.46100002 25921.77063149  1796.37878990
0.46200002 25996.52558183  1986.00466595
0.46300002 26069.67663706  1814.44957994
0.46400002 26140.74610451  2005.64883993
0.46500002 26211.32867616  1832.17196130
0.46600002 26279.14970249  2393.11088108
0.46700002 26345.28274017  2589.21451042
0.46800002 26410.36604835  1857.96933956
0.46900002 26472.69808478  2612.85542481
0.47000002 26533.44813781  1874.58819979
0.47100002 26592.32296793  1882.73655536
0.47200002 26649.29420631  2079.84426491
0.47300002 26704.05050842  3227.71873794
0.47400002 26755.97456757  2478.27226179
0.47500002 26806.25127961  2679.55300491
0.47600002 26854.93831935  3074.35348452
0.47700002 26900.05519616  2314.48085878
0.47800002 26943.06103349  2710.20263782
0.47900002 26984.81125433  1942.90650240
0.48000002 27022.74484543  2144.66024631
0.48100002 27060.05309543  2543.37451099
0.48200002 27092.50167773  2159.13702355
0.48300002 27123.15391143  2756.79749423
0.48400002 27152.00707740  2567.90119106
0.48500002 27177.71675305  3566.26016138
0.48600002 27201.29991837  2384.46606387
0.48700002 27221.96414478  1992.64786985
0.48800002 27239.82974236  2397.64992757
0.48900002 27254.93911202  2203.56193166
0.49000002 27267.49284043  2610.72622576
0.49100002 27278.39503949  2013.14564934
0.49200002 27285.05423625  2017.72985641
0.49300002 27289.81252713  2022.17520411
0.49400002 27291.22328680  2431.64811012
0.49500002 27290.36727727  2436.48410601
0.49600002 27286.90632561  2034.23896300
0.49700002 27280.33542394  2649.19349860
0.49800002 27271.43770654  2449.52065091
0.49900002 27259.14875003  2453.32350380
0.50000002 27244.93653653  2047.45707777
