# SAXS profile: number of points = 501, q_min = 0, q_max = 0.5, delta_q = 0.001
#    q    intensity    error
0.00000000 1646666.22097351 345.79990640
0.00100000 1646585.71252335 740.96358823
0.00200000 1646344.12880923 963.11134585
0.00300000 1645941.68210596 1382.59106222
0.00400000 1645378.26117157 1357.43711705
0.00500000 1644654.34305330 2516.32124447
0.00600000 1643769.86784102 2243.74596095
0.00700000 1642725.34493809 2168.39754544
0.00800000 1641520.62908654 2880.86882568
0.00900000 1640156.91141593 3690.35320844
0.01000000 1638633.61981036 3244.49470732
0.01100000 1636951.98025291 3241.16506202
0.01200000 1635111.90334763 4145.00885672
0.01300000 1633114.58712158 3772.49486264
0.01400000 1630959.93260110 4036.62601214
0.01500000 1628649.50119798 3908.75897693
0.01600000 1626182.58487696 6634.82524290
0.01700000 1623561.45093752 4821.97772559
0.01800000 1620786.08441996 6928.86082268
0.01900000 1617856.96430756 5824.28533431
0.02000000 1614775.46170488 5595.19722791
0.02100000 1611543.44133186 6381.71231701
0.02200000 1608159.47414919 6657.78052546
0.02300000 1604626.93798894 5776.65723970
0.02400000 1600944.94660732 6603.89820588
0.02500000 1597116.40208063 7474.50510310
0.02600000 1593141.10890324 7742.66614341
0.02700000 1589021.24677034 8008.66745053
0.02800000 1584756.66179157 7583.06097443
0.02900000 1580349.63768935 9956.20317457
0.03000000 1575801.91919265 10258.47096548
0.03100000 1571113.40572777 7541.34469449
0.03200000 1566285.70815830 8528.42607373
0.03300000 1561322.66577485 7962.74596254
0.03400000 1556222.33393139 8170.16763011
0.03500000 1550987.92137485 8375.33516218
0.03600000 1545620.61579500 10293.83377691
0.03700000 1540122.28196084 12290.17637844
0.03800000 1534494.18064638 10772.14964667
0.03900000 1528738.58509978 10089.67512891
0.04000000 1522855.25179149 10302.11625576
0.04100000 1516848.25880108 13378.60226295
0.04200000 1510718.18989577 13641.78588764
0.04300000 1504465.99397143 10922.42362323
0.04400000 1498095.37021777 11123.35864046
0.04500000 1491607.42697321 17496.55593137
0.04600000 1485002.02229201 10469.26474384
0.04700000 1478283.78571271 14901.10125300
0.04800000 1471452.87268791 12978.21494096
0.04900000 1464512.72087288 13180.61510138
0.05000000 1457463.38596034 12264.55496397
0.05100000 1450309.10597812 13574.89386433
0.05200000 1443048.40021052 17208.35297444
0.05300000 1435687.13629364 15117.78624993
0.05400000 1428225.16670273 15317.71562721
0.05500000 1420665.04795446 13126.94565546
0.05600000 1413007.63969027 14497.45905973
0.05700000 1405258.30286948 12225.74780564
0.05800000 1397416.04014027 16077.27229250
0.05900000 1389482.90510060 13755.88140298
0.06000000 1381463.06168597 13904.42636547
0.06100000 1373357.93451869 12772.22938789
0.06200000 1365169.18952725 18061.18922169
0.06300000 1356900.58975075 16934.12015185
0.06400000 1348550.39495152 14463.20366225
0.06500000 1340124.43368692 14593.95576552
0.06600000 1331624.49720734 21412.52291695
0.06700000 1323051.09887653 18893.17057614
0.06800000 1314408.18208275 14964.53785349
0.06900000 1305697.97281634 21935.72697032
0.07000000 1296921.08413956 15193.43121218
0.07100000 1288080.92575477 18084.65704464
0.07200000 1279179.69930014 15407.72019987
0.07300000 1270219.67077539 15509.38290687
0.07400000 1261203.55382533 15607.39471002
0.07500000 1252132.80556271 17129.17758298
0.07600000 1243008.71275144 20099.45182747
0.07700000 1233836.18126355 20210.23759672
0.07800000 1224615.70211420 17414.03610072
0.07900000 1215348.90436175 16042.60629003
0.08000000 1206040.54186474 20514.75057949
0.08100000 1196690.70127223 16191.22594788
0.08200000 1187301.83109466 17738.29018893
0.08300000 1177877.13241721 14841.25256499
0.08400000 1168417.89796545 19366.52756782
0.08500000 1158926.98381293 20930.22231023
0.08600000 1149406.10255087 17999.70041106
0.08700000 1139858.56267891 16550.74710728
0.08800000 1130284.32887146 16598.22614899
0.08900000 1120688.94653217 18155.16178656
0.09000000 1111071.36087291 16682.73726719
0.09100000 1101434.99784601 15199.80368438
0.09200000 1091781.58754319 15230.35386185
0.09300000 1082116.15000014 18309.40611840
0.09400000 1072435.28631864 19866.86461275
0.09500000 1062744.81809560 16833.87870987
0.09600000 1053045.76293575 15321.81657096
0.09700000 1043342.58731482 16870.85043003
0.09800000 1033635.07895351 15349.48164416
0.09900000 1023926.18859641 19966.56161651
0.10000000 1014216.01619620 16901.91070476
0.10100000 1004507.84166026 19979.66191030
0.10200000 994804.13677776 18443.66956338
0.10300000 985105.72487749 16904.41503409
0.10400000 975416.22076163 18435.36743969
0.10500000 965737.68441449 21497.32186650
0.10600001 956067.92997691 15344.89099816
0.10700001 946414.09461019 21464.67267584
0.10800001 936774.79795231 21442.77613426
0.10900001 927153.65813019 22947.05411874
0.11000001 917550.80953311 16804.94386760
0.11100001 907969.21378572 16779.27186062
0.11200001 898409.92680703 18273.65877153
0.11300001 888874.79975121 16719.73577050
0.11400001 879366.37434707 15169.07067171
0.11500001 869885.82294047 15136.01403189
0.11600001 860434.37911542 16610.68647105
0.11700001 851014.92782382 16569.26142506
0.11800001 841626.36657671 21032.24389134
0.11900001 832271.80046554 20973.25035961
0.12000001 822952.08925621 19417.55546066
0.12100001 813671.93505803 16379.21682431
0.12200001 804429.38404496 19294.23968529
0.12300001 795227.26710985 16270.35065164
0.12400001 786065.87845148 14738.73591542
0.12500001 776946.45239782 22026.43296337
0.12600001 767873.20997842 14627.98533941
0.12700001 758844.45518937 21854.72133939
0.12800001 749862.27808736 17411.80291779
0.12900001 740928.44517451 15892.91589806
0.13000001 732044.34368720 20138.54084406
0.13100001 723209.78222879 17183.46523574
0.13200001 714426.89619644 14252.81725100
0.13300001 705697.15057994 17021.41607443
0.13400001 697020.63750735 19760.53600496
0.13500001 688399.44832284 14043.34940790
0.13600001 679834.08597754 18161.76846323
0.13700001 671325.99587368 22234.31803176
0.13800001 662874.11276774 16585.11108353
0.13900001 654482.48823231 23365.02593175
0.14000001 646149.40256250 20499.09076304
0.14100001 637878.09628948 20380.20613764
0.14200001 629667.58160248 22960.82944609
0.14300001 621520.16553125 18794.77069217
0.14400001 613432.81387150 18679.03006347
0.14500001 605411.87607503 17236.07692492
0.14600001 597454.62149130 15808.65003042
0.14700001 589563.37859703 17014.79990901
0.14800001 581735.39114321 14301.96526600
0.14900001 573975.21168361 14205.88715941
0.15000001 566281.33697282 14108.90017638
0.15100001 558654.95374349 15284.80025563
0.15200001 551097.48745457 12647.68793389
0.15300001 543608.32757903 15068.82355157
0.15400001 536186.31838220 18699.49873603
0.15500001 528835.37688624 17324.64776440
0.15600001 521552.29012833 13510.81271342
0.15700001 514342.01665411 13408.89700703
0.15800001 507199.16517874 14516.04079255
0.15900001 500129.20295258 13203.41158116
0.16000001 493127.63670599 13099.93628744
0.16100001 486199.97869514 15359.05805199
0.16200001 479343.16123199 12891.93492991
0.16300001 472557.33682017 13949.89324148
0.16400001 465843.80339748 16141.48854976
0.16500001 459201.49318582 14864.35303619
0.16600001 452631.78919364 15873.79759647
0.16700001 446133.40063340 13491.07467213
0.16800001 439707.58660678 13375.90541614
0.16900001 433354.85640050 12155.60429600
0.17000001 427072.86051016 16431.62908402
0.17100001 420863.94104414 14115.77724919
0.17200001 414726.90374737 10762.16366046
0.17300001 408661.61163457 10666.06856736
0.17400001 402669.53685739 11627.08342586
0.17500001 396747.88075202 14663.80236513
0.17600001 390897.01289522 12453.97941903
0.17700001 385120.47311417 11310.98882959
0.17800001 379413.47924429 11205.97763876
0.17900001 373777.51503483 16147.18941219
0.18000001 368213.63607122 9997.00069154
0.18100001 362720.88261151 16833.87695717
0.18200001 357296.52362811 12750.12704796
0.18300001 351942.90245636 9713.62456666
0.18400001 346659.40964136 13467.71870079
0.18500001 341445.61478684 11431.59972312
0.18600001 336301.17387744 9433.24837292
0.18700001 331225.04389600 12142.71068291
0.18800001 326215.86660633 10173.04228076
0.18900001 321278.14430825 10987.71305448
0.19000001 316404.02013174 11784.46828661
0.19100001 311599.75266309 8974.07330072
0.19200001 306860.90991469 11548.71089033
0.19300001 302190.10312097 10552.47889962
0.19400001 297583.13770710 9574.73790817
0.19500001 293042.46715941 12061.62851825
0.19600001 288565.64531851 8527.11522212
0.19700001 284154.90842084 10127.28141471
0.19800001 279806.74435292 9187.45488502
0.19900001 275522.22640198 9918.80061923
0.20000001 271299.24111429 8179.67250618
0.20100001 267139.92037846 16188.67994005
0.20200001 263040.95339441 8810.55715036
0.20300001 259003.59059168 9510.61229604
0.20400001 255027.27451358 12547.34249913
0.20500001 251109.80005156 7759.29318835
0.20600001 247251.33096339 9212.58502716
0.20700001 243452.05123358 10633.98610054
0.20800001 239710.15186107 8266.40497768
0.20900001 236028.18305302 10408.84336468
0.21000001 232399.88070830 8826.54788655
0.21100001 228829.20133815 10187.47652517
0.21200001 225312.99698283 11518.00095027
0.21300001 221851.74744602 10682.16214453
0.21400001 218444.86073342 8453.81651005
0.21500001 215092.64081466 7665.90208106
0.21600001 211791.70946319 11719.49479723
0.21700001 208543.61133162 8183.25169555
0.21800001 205347.07448251 8769.34723040
0.21900001 202200.95249416 11343.47397126
0.22000001 199104.30014522 7920.36943427
0.22100001 196058.98521535 7834.51741965
0.22200001 193061.64656465 9686.86857442
0.22300001 190112.15926015 7026.54573851
0.22400001 187209.86720122 6318.33331681
0.22500001 184356.33453108 7499.61604336
0.22600001 181547.07512132 6181.67820020
0.22700001 178784.37644389 9783.08154164
0.22800001 176066.04095009 9676.59006822
0.22900001 173391.03884474 7776.58845995
0.23000001 170760.42650325 8875.27358723
0.23100001 168173.66620418 7022.93263282
0.23200001 165627.38263082 6367.54502639
0.23300001 163123.62686827 6870.76748864
0.23400001 160660.04021356 6795.92002245
0.23500001 158236.18948512 6721.87364725
0.23600001 155852.53074711 6648.66927613
0.23700001 153507.85105354 6028.25359600
0.23800001 151201.13545975 5420.56096262
0.23900001 148932.21695233 5897.71607027
0.24000001 146699.67039141 6363.83200259
0.24100001 144504.67487066 6294.62393511
0.24200001 142345.44161368 5188.49159224
0.24300001 140220.60395099 5132.07434737
0.24400001 138130.56782099 5583.92846830
0.24500001 136073.88283585 5523.23916558
0.24600001 134051.04089153 7946.54607996
0.24700001 132061.25370323 4912.67887016
0.24800001 130103.39257466 5345.29813680
0.24900001 128175.91488196 6248.57614610
0.25000001 126280.88272619 6180.81809744
0.25100001 124415.41094215 6113.77358293
0.25200001 122581.47563623 5582.36066457
0.25300001 120775.49524855 6902.31988001
0.25400001 118999.48081986 6372.42249939
0.25500001 117249.97702936 6753.59899642
0.25600001 115529.59527478 4899.03271941
0.25700001 113835.55568990 4405.43621364
0.25800001 112168.43313988 5229.29260040
0.25900001 110528.25262958 4741.66226216
0.26000001 108913.06055747 5116.73582709
0.26100001 107322.69118882 4639.56015962
0.26200001 105758.55410643 5006.61018830
0.26300001 104216.94756439 5777.78784636
0.26400001 102700.43808533 5307.04538918
0.26500001 101207.07133164 4038.16233721
0.26600001 99736.23643450  6391.09833315
0.26700001 98288.33199738  5531.66758657
0.26800001 96862.69243123  6644.29670173
0.26900001 95457.97929314  4252.65317875
0.27000001 94075.32876504  4971.41098385
0.27100001 92713.01254454  3782.69109082
0.27200001 91371.86799721  5238.34944018
0.27300001 90050.53030431  4811.40006185
0.27400001 88747.77920739  5125.18449177
0.27500001 87466.24152739  4707.43334179
0.27600001 86201.45909573  4656.17203341
0.27700001 84957.34511507  4251.26575076
0.27800001 83730.43366600  4204.94257771
0.27900001 82521.88613026  3812.51131966
0.28000001 81330.59882657  4456.51037362
0.28100001 80156.91015473  5425.01993603
0.28200001 79000.59050859  3688.93274839
0.28300001 77860.77482441  3980.24299741
0.28400001 76736.75512969  4592.69501189
0.28500001 75629.50297205  4542.30816350
0.28600001 74537.99383604  4171.51902248
0.28700001 73462.70829123  3808.30697807
0.28800001 72401.09199703  3452.44623529
0.28900001 71356.38637995  4656.00443168
0.29000001 70325.69020794  3683.65982746
0.29100001 69310.21604707  3339.36636722
0.29200001 68308.64641894  4203.03121311
0.29300001 67321.62757605  3562.66069997
0.29400001 66347.75027343  4403.83213286
0.29500001 65388.93913632  3193.59593859
0.29600001 64442.37639746  4880.54360749
0.29700001 63509.67915991  3406.65935140
0.29800001 62590.37636288  4210.76776914
0.29900001 61684.26514276  3053.37126911
0.30000001 60790.09350423  3568.07470714
0.30100001 59909.56149093  3528.07424322
0.30200001 59040.50559177  2951.73021680
0.30300001 58184.49949612  3714.49862368
0.30400001 57340.47686292  3147.99232881
0.30500001 56508.90026596  2593.75864500
0.30600001 55688.03925653  2820.87776209
0.30700001 54879.77717358  3296.07957309
0.30800001 54082.78962532  2757.41115959
0.30900001 53297.47392675  3717.49898239
0.31000001 52523.46490528  3185.28567999
0.31100001 51760.27647763  2906.85726461
0.31200001 51009.05450746  3592.31283377
0.31300001 50268.08359827  2604.38953453
0.31400001 49539.40383953  2574.81063647
0.31500001 48820.11828678  3471.11057454
0.31600002 48112.82445005  3202.87087529
0.31700002 47415.22355788  2714.04752496
0.31800002 46728.14887585  2459.53623254
0.31900002 46052.16482242  3315.75602421
0.32000002 45386.61628679  2185.36567768
0.32100002 44730.95893910  2808.65704478
0.32200002 44086.53179834  2776.79033680
0.32300002 43450.56018324  2111.69732490
0.32400002 42825.93234005  2505.31716052
0.32500002 42211.08527363  2476.94660114
0.32600002 41606.33714925  2448.94912057
0.32700002 41011.45063877  2017.76346697
0.32800002 40427.45427580  2793.13294818
0.32900002 39851.12879089  2367.15716227
0.33000002 39286.05613170  2145.60805724
0.33100002 38729.63816656  2507.35689364
0.33200002 38184.36058285  2479.50157186
0.33300002 37647.85928449  2640.62097526
0.33400002 37121.57996210  2611.50327400
0.33500002 36604.28092335  2582.79818426
0.33600002 36096.05865386  2007.12143650
0.33700002 35597.42499841  2346.22639276
0.33800002 35108.94704972  2499.40605883
0.33900002 34628.82980951  1942.67744431
0.34000002 34158.31675660  1921.91778333
0.34100002 33696.96542257  2247.25073046
0.34200002 33245.63659863  2394.68331761
0.34300002 32802.76665259  2538.93425915
0.34400002 32369.65648993  2010.15576322
0.34500002 31945.14207034  1657.95295197
0.34600002 31530.30790649  2297.61364596
0.34700002 31123.41281801  1787.10644865
0.34800002 30726.25381566  2091.07530246
0.34900002 30337.65175297  1592.72679247
0.35000002 29958.25218168  1577.30205207
0.35100002 29588.40654425  1874.72152744
0.35200002 29225.74551256  1547.50329818
0.35300002 28873.10397991  1839.79427274
0.35400002 28528.60175528  2430.63698467
0.35500002 28193.19347112  1505.51660267
0.35600002 27865.69834061  1641.42903850
0.35700002 27546.94106693  2366.83328857
0.35800002 27237.00826083  1906.72685361
0.35900002 26936.08979966  2181.82337712
0.36000002 26643.14121355  1442.72616505
0.36100002 26357.99132823  2433.10629476
0.36200002 26082.72053088  1846.26546023
0.36300002 25814.30431697  1832.29940721
0.36400002 25554.70346521  1678.94409719
0.36500002 25302.35392639  2222.55887417
0.36600002 25059.15335683  1517.45710340
0.36700002 24823.30518781  1781.32046466
0.36800002 24596.35172795  1769.83057242
0.36900002 24377.00226657  1623.50842786
0.37000002 24165.01135242  1882.69612365
0.37100002 23960.64944426  1871.80602325
0.37200002 23764.80471150  2127.42541855
0.37300002 23576.28427525  1851.68145469
0.37400002 23395.07017873  1447.57003588
0.37500002 23221.70009425  1571.64473683
0.37600002 23055.95324724  1825.33990505
0.37700002 22897.19548952  1817.57946406
0.37800002 22745.80051775  1681.02846690
0.37900002 22602.51379859  1417.17768231
0.38000002 22465.44663937  1797.46047077
0.38100002 22334.77634390  1791.69584319
0.38200002 22212.47762266  1276.10689988
0.38300002 22096.04936866  1654.55225511
0.38400002 21986.99711401  1650.67388653
0.38500002 21883.94870297  1267.08068993
0.38600002 21788.62822613  1264.82992845
0.38700002 21698.78141639  1262.86913826
0.38800002 21615.60461255  1513.52470667
0.38900002 21538.72890069  1512.01884046
0.39000002 21468.65221840  1385.05016349
0.39100002 21403.91698907  1510.26045430
0.39200002 21345.82363457  2013.33818060
0.39300002 21293.19126838  1635.95596266
0.39400002 21247.59520475  1510.70409063
0.39500002 21206.52502511  1385.63441079
0.39600002 21171.28079327  1512.89979717
0.39700002 21141.07226547  1262.12207405
0.39800002 21117.44514562  1390.26706703
0.39900002 21098.11821024  1392.47586785
0.40000002 21084.40243833  1395.04955343
0.40100002 21075.47957947  1906.27721828
0.40200002 21071.99154233  1401.18214399
0.40300002 21073.05703610  1532.43278027
0.40400002 21078.93197540  1408.59969600
0.40500002 21089.05653425  1284.32360379
0.40600002 21104.76000299  1546.13479108
0.40700002 21124.13162265  1292.79691656
0.40800002 21147.76638292  1556.89863488
0.40900002 21175.19375599  1562.72937324
0.41000002 21207.47991069  1568.92943813
0.41100002 21243.33977755  1575.40615255
0.41200002 21282.21515941  1582.11994992
0.41300002 21326.21160634  2516.27982666
0.41400002 21372.93383000  1330.46519396
0.41500002 21423.17214591  1604.16720630
0.41600002 21475.86230011  2149.30440084
0.41700002 21533.20304674  1620.15827401
0.41800002 21593.89058148  1900.04652230
0.41900002 21655.83251589  1773.61276709
0.42000002 21721.22057996  1783.20368801
0.42100002 21790.00440741  2344.82248539
0.42200002 21861.11162548  1803.21387787
0.42300002 21934.31031031  1395.02220184
0.42400002 22009.85578577  1964.37972196
0.42500002 22088.17064994  1834.86442284
0.42600002 22167.34530910  1561.80038776
0.42700002 22249.79226086  1571.28040392
0.42800002 22333.37706388  2586.87518789
0.42900002 22419.64833933  1879.88760233
0.43000002 22507.29645251  1455.09678461
0.43100002 22595.00724725  2196.23480851
0.43200002 22685.52930150  1768.11023755
0.43300002 22776.54233107  1631.02827362
0.43400002 22869.29104336  2387.55409807
0.43500002 22962.43187343  1651.91742726
0.43600002 23057.42817377  1964.83883494
0.43700002 23152.42014901  2281.67111381
0.43800002 23247.72496307  2296.29414205
0.43900002 23344.71681619  1694.82652117
0.44000002 23441.50618583  2170.91799075
0.44100002 23539.04733015  2184.89447673
0.44200002 23636.69141004  2355.98732795
0.44300002 23734.64288398  1896.87274918
0.44400002 23832.48283193  2545.30928707
0.44500002 23929.80580680  1760.99449278
0.44600002 24026.97450014  2094.31133156
0.44700002 24124.79329096  2107.54204178
0.44800002 24221.29656919  1957.56528149
0.44900002 24317.81004943  1969.74270735
0.45000002 24414.17335164  1816.78079606
0.45100002 24508.97711805  2160.22134556
0.45200002 24603.56358193  2006.17466955
0.45300002 24696.99901723  1850.05228406
0.45400002 24789.63980149  1691.89299664
0.45500002 24881.63010926  2212.47465417
0.45600002 24972.06077375  3252.48620962
0.45700002 25061.68205433  1721.73763873
0.45800002 25149.63669004  2251.01833863
0.45900002 25236.26177384  2786.08343188
0.46000002 25322.01333766  1926.11903582
0.46100002 25405.37377791  2112.71098350
0.46200002 25487.91533701  2301.17654527
0.46300002 25568.56354188  2135.48652823
0.46400002 25647.00690535  3041.09398794
0.46500002 25724.87581018  2877.07024697
0.46600002 25799.73424376  2710.90720415
0.46700002 25872.83212819  2179.52748178
0.46800002 25944.61021165  1825.20341490
0.46900002 26013.66767409  2750.94548692
0.47000002 26080.73977555  2026.86478772
0.47100002 26145.99833337  2221.36412369
0.47200002 26209.06458078  2231.43986417
0.47300002 26269.71995067  2614.88804783
0.47400002 26327.61597994  2438.59554572
0.47500002 26383.63086351  2637.30786612
0.47600002 26437.88342233  2459.11984308
0.47700002 26488.57022157  1899.23057491
0.47800002 26537.00926718  2860.02630933
0.47900002 26583.87817884  2679.65504744
0.48000002 26627.08281608  2497.48735111
0.48100002 26669.24940391  2699.46155262
0.48200002 26706.72493175  1934.90231302
0.48300002 26742.18691785  2135.63114849
0.48400002 26775.72483587  2142.72748155
0.48500002 26806.05137964  2344.99348584
0.48600002 26834.08550530  2156.25304298
0.48700002 26859.26304550  1966.09814812
0.48800002 26881.41773530  1971.75208435
0.48900002 26900.89902063  1977.21617174
0.49000002 26917.66396245  2577.23185825
0.49100002 26932.62160301  2186.39032537
0.49200002 26943.30057252  2789.44004050
0.49300002 26951.99805971  1997.14315089
0.49400002 26957.32329065  2602.05575397
0.49500002 26960.35931048  2607.60607611
0.49600002 26960.65731890  2009.91709840
0.49700002 26957.92709402  2013.75724938
0.49800002 26952.68472459  2219.14940199
0.49900002 26944.10811536  2627.05066578
0.50000002 26933.35267861  2428.84985969
