# SAXS profile: number of points = 501, q_min = 0, q_max = 0.5, delta_q = 0.001
#    q    intensity    error
0.00000000 1664650.74656090 274.66737318
0.00100000 1664569.54841763 599.24505166
0.00200000 1664325.89531944 748.94667661
0.00300000 1663919.99524026 1198.02243925
0.00400000 1663351.72525683 2619.77906683
0.00500000 1662621.60175370 1795.63140097
0.00600000 1661729.54192981 1919.29769907
0.00700000 1660676.05997414 2192.09249027
0.00800000 1659460.98961785 2464.29967363
0.00900000 1658085.56804025 3730.69268757
0.01000000 1656549.19714307 4646.62069863
0.01100000 1654853.12576435 4170.23005850
0.01200000 1652997.22965039 3223.34473914
0.01300000 1650982.72417896 3813.77026106
0.01400000 1648809.58668738 4822.76825486
0.01500000 1646479.26456602 3951.55041092
0.01600000 1643991.12758958 7126.70185669
0.01700000 1641347.46862713 5761.12987332
0.01800000 1638548.11766688 6537.80728368
0.01900000 1635593.89033722 5888.13827090
0.02000000 1632485.83010554 6685.02977668
0.02100000 1629225.93419338 8602.31332256
0.02200000 1625812.78142887 6169.95978584
0.02300000 1622249.78839777 7008.11940488
0.02400000 1618536.05589335 7283.41258363
0.02500000 1614674.52173164 6297.23092235
0.02600000 1610664.84516187 8480.15079764
0.02700000 1606509.42362417 7422.07387708
0.02800000 1602207.91236783 9060.48615995
0.02900000 1597762.76312282 10065.90586984
0.03000000 1593175.68907655 7408.26729473
0.03100000 1588446.66998624 7624.54436676
0.03200000 1583577.06127074 10974.18954006
0.03300000 1578571.03587266 8050.71265409
0.03400000 1573426.43510462 8260.48916544
0.03500000 1568146.52951538 10161.58998050
0.03600000 1562732.74175873 12142.43396461
0.03700000 1557186.35571196 9763.55890185
0.03800000 1551509.40291079 9983.96346978
0.03900000 1545703.64002728 9274.22226965
0.04000000 1539769.21003263 10416.53918856
0.04100000 1533709.71144779 9662.37163013
0.04200000 1527526.11163629 9852.54387714
0.04300000 1521219.41726342 11044.05348197
0.04400000 1514792.98673038 11247.33844882
0.04500000 1508248.24176313 10406.91335172
0.04600000 1501584.96721549 10586.17451099
0.04700000 1494807.97202428 12915.14147895
0.04800000 1487916.99864223 12029.80949375
0.04900000 1480916.02773077 16660.30608747
0.05000000 1473804.79247537 15784.45006243
0.05100000 1466587.59598098 12583.32215970
0.05200000 1459262.83996387 12761.25413017
0.05300000 1451836.50972148 15287.83916005
0.05400000 1444308.71843838 14298.65697934
0.05500000 1436681.78804291 15688.56585729
0.05600000 1428956.75310203 14661.09697097
0.05700000 1421138.87837971 17309.47234665
0.05800000 1413227.06310918 13757.76610175
0.05900000 1405223.57044986 17705.81781463
0.06000000 1397132.61527740 17897.26963784
0.06100000 1388955.37727961 20667.65697975
0.06200000 1380693.74524819 16961.82345323
0.06300000 1372351.13128815 18444.40006689
0.06400000 1363926.36867455 17287.76753144
0.06500000 1355425.41191278 16102.45464676
0.06600000 1346849.20673128 13535.83516097
0.06700000 1338199.16025879 16379.55848811
0.06800000 1329478.61242672 20640.15642407
0.06900000 1320690.37696183 16640.69952882
0.07000000 1311834.37685639 15368.14044454
0.07100000 1302914.66806611 16885.77488903
0.07200000 1293932.99615589 18419.13706316
0.07300000 1284892.34857465 17114.76688494
0.07400000 1275794.50807407 14352.68888846
0.07500000 1266641.79686973 27435.46260617
0.07600000 1257434.81879201 17428.04740549
0.07700000 1248179.13837834 16064.06626415
0.07800000 1238874.60462336 16148.73122858
0.07900000 1229523.61473559 20655.99769640
0.08000000 1220130.21182869 14824.58276916
0.08100000 1210695.41506050 16380.70973432
0.08200000 1201220.50254069 25423.83312929
0.08300000 1191709.33802041 18018.64603652
0.08400000 1182163.44329174 22608.87691418
0.08500000 1172585.30367038 16638.98624020
0.08600000 1162976.72855731 15176.84702025
0.08700000 1153341.36299643 15224.10670644
0.08800000 1143678.68096709 21375.35555114
0.08900000 1133994.24792740 21432.49229251
0.09000000 1124287.84960910 18415.83584169
0.09100000 1114562.33982359 19995.24931584
0.09200000 1104819.20783007 23118.34301010
0.09300000 1095063.64488781 15440.39811850
0.09400000 1085292.75340564 17011.96470915
0.09500000 1075511.69243777 23231.05364858
0.09600000 1065721.98792187 18607.50678381
0.09700000 1055927.89563887 17074.35487519
0.09800000 1046129.33048485 17088.52341693
0.09900000 1036329.13075736 15544.93769232
0.10000000 1026527.67411986 18662.27399313
0.10100000 1016727.85776308 18667.12434648
0.10200000 1006932.44790344 15557.10705186
0.10300000 997142.27835345 23333.13041108
0.10400000 987360.80791727 24881.49353007
0.10500000 977590.49948845 18652.42760782
0.10600001 967828.70955772 18640.38182318
0.10700001 958082.93898026 18625.13321023
0.10800001 948351.69752052 24808.88157468
0.10900001 938638.59895404 20133.79889517
0.11000001 928943.53798355 18560.29276254
0.11100001 919270.11019183 16988.11243603
0.11200001 909618.76366554 15418.03876997
0.11300001 899992.02472763 16928.85078215
0.11400001 890391.56612026 16895.18076263
0.11500001 880819.61812130 18391.51449239
0.11600001 871276.57818568 19878.17606740
0.11700001 861765.58726192 19829.22709675
0.11800001 852285.92975551 19777.29593145
0.11900001 842840.21936440 22756.68699472
0.12000001 833429.50664013 28740.81789032
0.12100001 824058.86827302 22620.41699970
0.12200001 814725.34672127 19541.18836172
0.12300001 805433.16900746 20973.48070911
0.12400001 796181.63881970 14928.40643126
0.12500001 786972.52089451 16361.15948034
0.12600001 777809.57362535 22225.90961371
0.12700001 768691.71940183 19186.54622046
0.12800001 759620.70140643 14698.66126495
0.12900001 750598.45375781 16100.33759195
0.13000001 741625.51290680 18944.82462017
0.13100001 732703.14797420 15958.27531511
0.13200001 723832.57058543 18772.59860308
0.13300001 715015.83649711 20120.54658757
0.13400001 706251.80553291 22882.55957808
0.13500001 697544.41848109 17075.88816951
0.13600001 688893.08152651 16988.10419145
0.13700001 680299.06920342 14082.19139653
0.13800001 671761.77627273 19608.72717407
0.13900001 663285.43853057 19500.59281241
0.14000001 654868.16104661 18005.60093713
0.14100001 646512.91006499 13770.72563385
0.14200001 638218.93274082 17796.73577887
0.14300001 629988.35221267 17690.07376453
0.14400001 621818.57233099 16229.46550338
0.14500001 613715.83564380 14784.41517807
0.14600001 605676.91691686 16026.21197765
0.14700001 597704.91884589 14595.95480680
0.14800001 589796.59709729 15818.34548044
0.14900001 581956.30699947 19641.02628791
0.15000001 574183.17172429 15606.29934382
0.15100001 566477.99853395 20665.11836160
0.15200001 558842.69351229 16673.07254769
0.15300001 551275.79234124 14007.91854441
0.15400001 543776.88218996 13907.09441830
0.15500001 536349.36008021 15060.69074181
0.15600001 528990.40494810 16195.04201181
0.15700001 521705.01329555 18546.61409800
0.15800001 514487.36238701 12270.52417208
0.15900001 507343.57092404 13393.87090459
0.16000001 500268.57028534 13289.63519693
0.16100001 493268.10813210 16780.98183079
0.16200001 486338.89454311 13080.08518620
0.16300001 479481.83296866 17692.88047179
0.16400001 472697.80560460 16378.97973744
0.16500001 465985.29837988 16244.24826843
0.16600001 459346.07876125 16109.26774272
0.16700001 452779.07643157 13692.03991776
0.16800001 446284.88817214 14707.31918414
0.16900001 439864.80043296 23554.76117539
0.17000001 433516.01575226 13343.62359494
0.17100001 427241.01426354 13227.38242621
0.17200001 421038.47052945 12018.54370881
0.17300001 414908.70156425 11912.02938445
0.17400001 408852.51292674 10732.37897117
0.17500001 402867.57324789 14889.98621046
0.17600001 396954.14772185 15808.69967965
0.17700001 391115.64717801 15664.18240931
0.17800001 385347.38631382 10346.57781122
0.17900001 379650.75972585 12300.68519612
0.18000001 374027.15512535 13201.28906371
0.18100001 368475.38739893 14083.12997162
0.18200001 362992.55134474 10960.56060561
0.18300001 357581.35610445 17764.64261046
0.18400001 352240.81884855 11729.61982177
0.18500001 346970.81263073 14520.72919459
0.18600001 341770.95917447 10545.34344353
0.18700001 336639.75664570 15189.18653746
0.18800001 331576.33808413 10340.20859169
0.18900001 326585.29611906 11169.21765499
0.19000001 321658.53216871 12901.72433488
0.19100001 316802.38227395 11861.08175277
0.19200001 312011.93446460 10839.29511547
0.19300001 307290.58776215 10730.58783170
0.19400001 302633.88256943 15048.47052186
0.19500001 298044.05725851 12267.49397646
0.19600001 293518.46650486 11275.51242362
0.19700001 289059.94718808 11160.60508835
0.19800001 284664.75370843 10196.69195972
0.19900001 280333.79668753 9251.01572789
0.20000001 276065.09527621 11652.70822233
0.20100001 271860.77531854 13179.81101035
0.20200001 267717.47413065 8967.19721983
0.20300001 263636.41836676 9680.72973998
0.20400001 259616.70683256 10378.17834616
0.20500001 255657.03535671 11059.72387229
0.20600001 251756.90676478 9380.46278945
0.20700001 247916.64823813 8508.49976972
0.20800001 244134.31342162 9184.33330507
0.20900001 240412.58587120 10602.19553810
0.21000001 236745.08890170 8991.57890154
0.21100001 233136.15699221 7413.73014282
0.21200001 229582.15704198 7335.15026426
0.21300001 226083.66645611 10160.20045087
0.21400001 222640.16269898 11488.23293839
0.21500001 219252.08207763 7103.76779516
0.21600001 215915.70204344 7730.86207717
0.21700001 212632.98775568 9734.33863969
0.21800001 209402.34953489 9630.41451044
0.21900001 206222.51834546 8166.41211260
0.22000001 203093.01848474 8079.04065732
0.22100001 200015.24866176 6660.50809537
0.22200001 196986.14206114 8565.94279256
0.22300001 194005.46571090 9126.01753857
0.22400001 191072.44632821 9028.17351592
0.22500001 188188.96971398 7655.52764997
0.22600001 185350.10459858 8835.63990404
0.22700001 182558.33666297 8116.54403186
0.22800001 179811.39937690 6794.17404675
0.22900001 177108.56654589 10998.44250263
0.23000001 174450.55671814 9067.06811422
0.23100001 171836.80164853 6577.91307819
0.23200001 169264.03571267 6507.35616073
0.23300001 166734.41982829 8193.32977786
0.23400001 164245.22667892 7526.53786853
0.23500001 161796.50281174 6300.35611747
0.23600001 159388.38829493 7366.13471345
0.23700001 157019.71992948 6726.72511994
0.23800001 154689.24137221 7763.85339169
0.23900001 152397.13120083 6034.92668100
0.24000001 150141.88927067 7598.68137541
0.24100001 147924.65655193 5906.63181551
0.24200001 145743.58384481 5312.35388243
0.24300001 143597.27787985 6306.79274281
0.24400001 141486.14410354 6759.50085430
0.24500001 139408.94512465 6687.44741397
0.24600001 137365.61276461 6616.21505179
0.24700001 135355.97057473 5538.76657793
0.24800001 133378.70724979 6476.20343688
0.24900001 131432.03095045 5914.44167257
0.25000001 129518.11533753 6826.90018241
0.25100001 127634.16028567 7236.85723057
0.25200001 125782.08084741 5728.11623279
0.25300001 123958.29812377 5195.09252015
0.25400001 122164.63273161 6541.91639228
0.25500001 120398.04146674 5547.94201327
0.25600001 118660.84155693 5031.81322429
0.25700001 116950.22597508 5431.16875125
0.25800001 115266.65615468 5373.73176418
0.25900001 113610.59847392 4873.89490514
0.26000001 111979.58437573 4384.00093574
0.26100001 110373.74767922 4771.45733794
0.26200001 108794.32040529 6008.71060030
0.26300001 107237.73534845 4671.27597281
0.26400001 105706.31645442 5462.37416125
0.26500001 104198.43617369 4157.51780006
0.26600001 102713.32540345 4525.03576477
0.26700001 101251.19623758 4884.35793763
0.26800001 99811.73516035  5638.36518602
0.26900001 98393.26817312  4383.42030454
0.27000001 96996.90711842  4731.50935314
0.27100001 95621.21997198  4291.48055543
0.27200001 94266.94647627  5018.30113315
0.27300001 92932.67919151  4583.43995463
0.27400001 91616.81065678  4535.03234213
0.27500001 90322.61325629  4487.22763893
0.27600001 89045.21205001  4069.81160935
0.27700001 87788.58077968  4392.94079012
0.27800001 86549.29101340  4708.71440043
0.27900001 85328.51300873  5375.69657397
0.28000001 84125.05237621  4609.63246312
0.28100001 82939.30331199  4560.83250499
0.28200001 81771.03565926  3471.18062803
0.28300001 80619.26818158  3777.81908579
0.28400001 79483.59158603  3397.92370113
0.28500001 78364.67278573  6723.68924326
0.28600001 77261.43936195  4656.54717075
0.28700001 76174.54389875  4277.96258784
0.28800001 75101.37959754  3906.77395158
0.28900001 74045.26174104  4509.35665347
0.29000001 73002.96691844  4142.55355387
0.29100001 71976.14809621  3467.81097942
0.29200001 70963.17274345  4678.24738456
0.29300001 69964.77269347  5245.25925712
0.29400001 68979.60437414  3052.34763804
0.29500001 68009.43506213  3019.61905970
0.29600001 67051.49213334  3285.85852754
0.29700001 66107.43619835  3841.50329934
0.29800001 65176.76986775  2923.17826695
0.29900001 64259.31975616  4048.33733628
0.30000001 63353.57820999  3432.49702991
0.30100001 62461.82655730  2829.52087700
0.30200001 61581.19682608  3358.63863389
0.30300001 60713.83322365  2768.55092606
0.30400001 59858.24402197  2738.51479365
0.30500001 59015.16510774  2979.67582735
0.30600001 58182.68720227  3483.10673426
0.30700001 57362.75935984  2650.15960789
0.30800001 56554.10987891  3669.79636378
0.30900001 55757.10077022  4148.32849370
0.31000001 54971.34691397  3333.73749143
0.31100001 54196.25229571  3804.57709129
0.31200001 53433.13920874  3512.16040648
0.31300001 52680.08881343  2977.47876071
0.31400001 51939.24931602  2699.54261101
0.31500001 51207.72233717  4126.31846130
0.31600002 50488.16331705  2640.78350733
0.31700002 49778.36081408  2611.87071558
0.31800002 49078.80493025  3992.31557608
0.31900002 48390.35871562  2322.73732833
0.32000002 47712.27435025  2986.54995437
0.32100002 47043.84342769  2726.66129418
0.32200002 46386.63620550  2247.43263057
0.32300002 45737.86460055  2667.43238981
0.32400002 45100.23708331  2418.50032811
0.32500002 44472.20059619  2392.15978334
0.32600002 43854.22909369  2366.15504279
0.32700002 43246.18457630  2340.48362010
0.32800002 42648.67388597  2525.65458712
0.32900002 42058.91381237  2290.10796553
0.33000002 41480.31001597  2265.44723880
0.33100002 40910.06058614  2241.05322503
0.33200002 40350.98395190  2821.74444138
0.33300002 39800.52433171  2193.40699979
0.33400002 39260.09579805  3945.63981455
0.33500002 38728.64903671  2147.11640427
0.33600002 38206.20875509  2703.85352164
0.33700002 37693.00882126  2484.34632906
0.33800002 37190.09839243  2080.22825209
0.33900002 36695.36771083  2245.75661026
0.34000002 36210.06881270  2222.57412898
0.34100002 35733.95559931  2199.78241087
0.34200002 35267.59605669  2358.87327397
0.34300002 34809.60269983  1796.17558438
0.34400002 34361.31091983  2133.83750918
0.34500002 33921.59275746  2464.74304649
0.34600002 33491.30656074  1917.54484795
0.34700002 33068.87209927  2589.29280800
0.34800002 32656.12729914  1709.54834508
0.34900002 32251.73729034  1862.53791673
0.35000002 31856.53562478  1844.97134809
0.35100002 31470.68483085  1827.81746155
0.35200002 31091.98786442  2140.21708601
0.35300002 30723.17541873  1957.68083040
0.35400002 30362.39251601  1616.79747805
0.35500002 30010.56289837  2403.84620202
0.35600002 29666.81661827  1906.38972619
0.35700002 29331.49015966  1890.12131541
0.35800002 29004.91225952  2030.48897890
0.35900002 28687.19868811  1858.93056304
0.36000002 28377.47691139  1536.64044754
0.36100002 28075.48820439  1829.39889805
0.36200002 27783.26371971  2117.91829367
0.36300002 27497.80779391  1801.65645200
0.36400002 27220.95336312  1639.38199395
0.36500002 26951.51013141  1923.52936919
0.36600002 26690.96542249  1469.33771611
0.36700002 26437.83072333  2334.98932009
0.36800002 26193.43421553  1884.74864826
0.36900002 25956.62527780  1872.77060250
0.37000002 25727.02878629  1574.88014175
0.37100002 25505.03866244  1565.49934726
0.37200002 25291.59617669  1839.58433505
0.37300002 25085.29914670  1970.19948831
0.37400002 24886.37678854  2519.74576920
0.37500002 24695.17511719  1532.08873685
0.37600002 24511.48469002  1801.96188235
0.37700002 24334.91536883  1931.70567349
0.37800002 24165.54730687  1373.81142948
0.37900002 24004.25999180  1778.71574965
0.38000002 23849.27689613  1908.18073485
0.38100002 23700.66026695  1629.65747716
0.38200002 23560.13897568  2030.29507241
0.38300002 23425.76239271  1754.12117107
0.38400002 23298.58822291  1614.59224034
0.38500002 23177.42048569  1610.36725164
0.38600002 23063.97042795  1606.63625612
0.38700002 22956.04242315  1603.25007879
0.38800002 22854.64224377  1466.92528191
0.38900002 22759.70243367  1464.58692099
0.39000002 22671.48115875  1861.55540614
0.39100002 22588.63153580  1859.49623612
0.39200002 22512.54140981  1327.11437898
0.39300002 22441.77218543  1591.57055879
0.39400002 22378.18775597  1591.08922483
0.39500002 22318.90804628  1988.61480114
0.39600002 22265.75421112  1723.70344392
0.39700002 22217.57284436  1459.02807782
0.39800002 22175.94170540  1459.95319135
0.39900002 22138.71013993  1593.98720560
0.40000002 22107.10106460  1329.74219204
0.40100002 22080.32360942  2130.30972277
0.40200002 22059.05104403  2533.59242770
0.40300002 22042.47898875  1736.50657701
0.40400002 22030.62571526  1472.19663318
0.40500002 22023.16220269  1475.33170586
0.40600002 22021.20902067  2285.47128650
0.40700002 22023.08672776  1752.15686308
0.40800002 22029.26242246  1756.94390775
0.40900002 22039.37161872  1490.96356065
0.41000002 22054.41536564  2175.44763474
0.41100002 22073.05086235  1500.52606872
0.41200002 22094.84396930  1505.65321363
0.41300002 22121.82431391  1511.14189049
0.41400002 22151.57717699  1516.82931907
0.41500002 22184.93767240  1522.77419399
0.41600002 22220.81761454  2362.85075300
0.41700002 22261.47776184  2372.85102707
0.41800002 22305.58490310  1542.09668535
0.41900002 22351.09910442  2252.99089648
0.42000002 22400.16387678  1980.39858219
0.42100002 22452.73348878  1705.50971662
0.42200002 22507.64577970  2284.97630783
0.42300002 22564.87709608  2009.17675184
0.42400002 22624.52769098  2307.70193383
0.42500002 22687.04201143  1739.64246387
0.42600002 22750.56243632  1457.17359310
0.42700002 22817.47619950  1611.37024557
0.42800002 22885.69093739  2209.04142241
0.42900002 22956.64218163  1776.84418906
0.43000002 23029.14028256  1637.71738880
0.43100002 23101.85936298  1497.00055766
0.43200002 23177.58091528  1505.38395178
0.43300002 23253.80950767  1665.20537776
0.43400002 23331.95766118  1674.65134049
0.43500002 23410.79087659  3215.23817136
0.43600002 23491.45919742  2001.82479037
0.43700002 23572.34645806  1858.44388282
0.43800002 23653.61234070  1869.10853574
0.43900002 23736.79563367  2506.60573770
0.44000002 23819.88194796  2363.52789829
0.44100002 23903.92944841  1743.31365729
0.44200002 23988.14947206  1912.81512955
0.44300002 24072.89661739  1763.58048977
0.44400002 24157.68006257  1773.77774265
0.44500002 24242.15142903  2108.34000970
0.44600002 24326.48196920  2283.52697067
0.44700002 24411.91604798  1968.57700340
0.44800002 24495.94167430  1814.78192495
0.44900002 24580.34207327  2322.84243601
0.45000002 24664.61364586  1835.41731144
0.45100002 24747.55798210  1845.67296178
0.45200002 24830.44085624  1855.95138976
0.45300002 24912.28589676  1866.17942497
0.45400002 24993.60595123  2046.97642442
0.45500002 25074.41781751  1886.59928600
0.45600002 25153.82753832  1896.72445542
0.45700002 25232.59772446  1733.47954583
0.45800002 25309.92383017  1916.84717213
0.45900002 25386.02263558  1926.79920936
0.46000002 25461.44122130  2817.05399024
0.46100002 25534.66592277  2477.37340524
0.46200002 25607.18064927  2134.10253646
0.46300002 25678.16043340  2502.08007122
0.46400002 25747.01663043  1975.43994460
0.46500002 25815.39921074  3067.64403360
0.46600002 25881.04871529  1812.96754843
0.46700002 25945.00070728  2367.74087677
0.46800002 26007.90737297  2195.58764449
0.46900002 26068.19010771  2389.14973661
0.47000002 26126.80127015  2953.37375556
0.47100002 26183.65530852  2039.18317208
0.47200002 26238.50182972  2606.27051028
0.47300002 26291.19847115  2243.16515988
0.47400002 26341.22876825  2627.53769417
0.47500002 26389.54611068  2072.63504977
0.47600002 26436.28309862  2269.81937443
0.47700002 26479.67248613  3037.74817159
0.47800002 26520.86765710  2096.07687463
0.47900002 26560.79427665  2103.61500642
0.48000002 26597.16147577  2494.68087886
0.48100002 26632.71883891  2310.65479599
0.48200002 26663.61834741  3090.84678534
0.48300002 26692.87380999  2131.69300351
0.48400002 26720.23429902  2332.67656487
0.48500002 26744.58389080  2339.61630966
0.48600002 26766.83106400  1955.31710191
0.48700002 26786.34607620  2352.91275086
0.48800002 26802.93516233  2359.19446481
0.48900002 26817.08604792  3350.79506052
0.49000002 26828.60321255  2173.51939229
0.49100002 26838.54302525  2574.88993989
0.49200002 26844.39193554  1985.14287773
0.49300002 26848.38530591  2785.25162366
0.49400002 26849.09886160  2192.90025347
0.49500002 26847.70468321  3195.95091698
0.49600002 26843.78368591  2201.32458551
0.49700002 26836.84039429  2205.18327973
0.49800002 26827.57933319  2409.65328993
0.49900002 26815.14677191  2212.24971355
0.50000002 26800.78237780  2416.89466940
